-1.07529 527.397 9.33384 1.07529 -527.397 0.000230649
-2.14919 527.4 18.6567 2.14919 -527.4 5.82845e-06
-3.22176 527.4 27.9685 3.22176 -527.4 1.84979e-06
-4.29267 527.4 37.2665 4.29267 -527.4 2.65538e-06
-5.36177 527.4 46.5495 5.36177 -527.4 2.59145e-06
-6.37693 527.434 55.4046 6.37693 -527.434 -0.0139017
-7.31556 527.436 63.619 7.31556 -527.436 -0.0139803
-8.12744 527.542 70.8221 8.12744 -527.542 -0.0398366
-8.83217 527.507 77.1051 8.83217 -527.507 -0.0242465
-9.44685 527.536 82.6744 9.44685 -527.536 -0.0317403
-10.0024 527.515 87.7425 10.0024 -527.515 -0.0228129
-10.5072 527.523 92.4025 10.5072 -527.523 -0.0208571
-10.9716 527.537 96.7331 10.9716 -527.537 -0.0210392
-11.4051 527.53 100.805 11.4051 -527.53 -0.0154966
-11.8095 527.509 104.64 11.8095 -527.509 -0.0107347
-12.1954 527.494 108.328 12.1954 -527.494 -0.0111924
-12.5626 527.422 111.854 12.5626 -527.422 -0.00345908
-12.9119 527.523 115.249 12.9119 -527.523 -0.0083263
-13.248 527.465 118.526 13.248 -527.465 -0.00632061
-13.5709 527.421 121.693 13.5709 -527.421 -0.00238446
-13.8879 527.441 124.818 13.8879 -527.441 -0.00313025
-14.1891 527.414 127.81 14.1891 -527.414 -0.00178619
-14.4884 527.418 130.788 14.4884 -527.418 -0.00115306
-14.7759 527.53 133.676 14.7759 -527.53 -0.00491879
-15.0598 527.442 136.526 15.0598 -527.442 -0.00378793
-15.3391 527.446 139.34 15.3391 -527.446 -0.00233196
-15.6068 527.416 142.058 15.6068 -527.416 -0.00152217
-15.8743 527.405 144.774 15.8743 -527.405 -0.000508386
-16.1415 527.401 147.49 16.1415 -527.401 -0.000148489
-16.4001 527.517 150.142 16.4001 -527.517 -0.00302748
-16.6539 527.448 152.746 16.6539 -527.448 -0.00361273
-16.9067 527.416 155.341 16.9067 -527.416 -0.00141033
-17.1595 527.405 157.937 17.1595 -527.405 -0.000491117
-17.407 527.509 160.497 17.407 -527.509 -0.00250035
-17.6485 527.442 163 17.6485 -527.442 -0.00259188
-17.8904 527.415 165.507 17.8904 -527.415 -0.00111099
-18.1323 527.405 168.014 18.1323 -527.405 -0.000410655
-18.3741 527.401 170.521 18.3741 -527.401 0.000277976
-18.613 527.469 173.009 18.613 -527.469 -0.00121122
-18.8473 527.453 175.446 18.8473 -527.453 0.00785973
-19.0763 527.419 177.854 19.0763 -527.419 0.00116318
-19.3065 527.406 180.267 19.3065 -527.406 3.79611e-05
-19.5369 527.403 182.68 19.5369 -527.403 0.00143637
-19.7668 527.4 185.091 19.7668 -527.4 0.000285212
-19.9967 527.399 187.502 19.9967 -527.399 5.96147e-05
-20.2249 527.498 189.897 20.2249 -527.498 0.00535908
-20.4469 527.441 192.245 20.4469 -527.441 0.00110631
-20.6697 527.418 194.597 20.6697 -527.418 -0.000178409
-20.8921 527.426 196.946 20.8921 -527.426 -0.000135485
-21.1142 527.412 199.291 21.1142 -527.412 0.00133304
-21.3352 527.404 201.629 21.3352 -527.404 0.000325097
-21.5564 527.401 203.968 21.5564 -527.401 0.000629735
-21.7773 527.399 206.305 21.7773 -527.399 0.000157408
-21.9982 527.399 208.641 21.9982 -527.399 1.84131e-05
-22.2193 527.467 210.973 22.2193 -527.467 0.00952818
-22.4327 527.43 213.253 22.4327 -527.43 0.00315742
-22.647 527.413 215.537 22.647 -527.413 0.00129078
-22.8614 527.405 217.82 22.8614 -527.405 0.000406218
-23.0759 527.402 220.104 23.0759 -527.402 0.00063412
-23.2895 527.4 222.381 23.2895 -527.4 0.000203923
-23.5029 527.41 224.657 23.5029 -527.41 0.00011648
-23.7157 527.404 226.927 23.7157 -527.404 2.57258e-05
-23.9288 527.403 229.198 23.9288 -527.403 0.00191935
-24.1417 527.407 231.466 24.1417 -527.407 0.00479739
-24.3529 527.402 233.726 24.3529 -527.402 0.00196838
-24.5643 527.4 235.986 24.5643 -527.4 0.000779317
-24.7757 527.399 238.245 24.7757 -527.399 0.000276854
-24.9871 527.399 240.504 24.9871 -527.399 0.000134127
-25.1979 527.479 242.759 25.1979 -527.479 0.00420605
-25.4045 527.439 244.977 25.4045 -527.439 0.00254125
-25.6113 527.418 247.198 25.6113 -527.418 0.00143194
-25.8182 527.408 249.42 25.8182 -527.408 0.000754823
-26.0251 527.403 251.642 26.0251 -527.403 0.000361726
-26.2319 527.402 253.864 26.2319 -527.402 -7.84416e-06
-26.4421 527.438 256.092 26.4421 -527.438 0.0230737
-26.6455 527.421 258.296 26.6455 -527.421 0.0113508
-26.85 527.411 260.503 26.85 -527.411 0.00559255
-27.0549 527.405 262.712 27.0549 -527.405 0.00274044
-27.2601 527.402 264.92 27.2601 -527.402 0.00131622
-27.4661 527.411 267.13 27.4661 -527.411 0.00681439
-27.67 527.422 269.329 27.67 -527.422 0.00600196
-27.8731 527.411 271.522 27.8731 -527.411 0.00330761
-28.0764 527.405 273.715 28.0764 -527.405 0.0017864
-28.2793 527.42 275.908 28.2793 -527.42 -0.000551072
-28.4824 527.409 278.097 28.4824 -527.409 -1.81883e-05
-28.6864 527.417 280.289 28.6864 -527.417 0.00750303
-28.8877 527.409 282.467 28.8877 -527.409 0.00419679
-29.0896 527.411 284.647 29.0896 -527.411 0.00555504
-29.2907 527.406 286.824 29.2907 -527.406 0.00308008
-29.4919 527.403 289 29.4919 -527.403 0.0016796
-29.6924 527.466 291.177 29.6924 -527.466 0.000276986
-29.8918 527.434 293.334 29.8918 -527.434 0.00127387
-30.0944 527.461 295.5 30.0944 -527.461 0.023284
-30.2908 527.438 297.644 30.2908 -527.438 0.0139366
-30.4881 527.425 299.791 30.4881 -527.425 0.00958206
-30.6854 527.415 301.936 30.6854 -527.415 0.00573505
-30.8828 527.408 304.082 30.8828 -527.408 0.00339911
-31.0803 527.404 306.228 31.0803 -527.404 0.00197068
-31.2778 527.402 308.374 31.2778 -527.402 0.00109039
-31.4786 527.447 310.529 31.4786 -527.447 0.0225629
-31.6733 527.431 312.659 31.6733 -527.431 0.0138057
-31.8686 527.42 314.79 31.8686 -527.42 0.00844872
-32.0642 527.412 316.922 32.0642 -527.412 0.00521126
-32.2598 527.407 319.052 32.2598 -527.407 0.00311677
-32.4553 527.404 321.182 32.4553 -527.404 0.00177757
-32.6508 527.401 323.311 32.6508 -527.401 0.000906265
-32.8468 527.409 325.441 32.8468 -527.409 0.00444636
-33.0407 527.405 327.558 33.0407 -527.405 0.00259453
-33.2346 527.403 329.674 33.2346 -527.403 0.00136728
-33.4283 527.401 331.789 33.4283 -527.401 0.000528456
-33.6219 527.4 333.902 33.6219 -527.4 -6.92812e-05
-33.8153 527.399 336.014 33.8153 -527.399 -0.000519871
-34.0087 527.404 338.124 34.0087 -527.404 0.00154533
-34.2012 527.402 340.229 34.2012 -527.402 0.000382528
-34.3933 527.4 342.331 34.3933 -527.4 -0.000466183
-34.587 527.429 344.436 34.587 -527.429 0.0110012
-34.7766 527.419 346.519 34.7766 -527.419 0.00649098
-34.9659 527.412 348.6 34.9659 -527.412 0.00333307
-35.1548 527.415 350.677 35.1548 -527.415 0.00080692
-35.3431 527.408 352.747 35.3431 -527.408 -0.000598172
-35.5307 527.403 354.812 35.5307 -527.403 -0.00189273
-35.7174 527.401 356.869 35.7174 -527.401 -0.00307814
-35.9032 527.399 358.919 35.9032 -527.399 -0.00419097
-36.0882 527.404 360.962 36.0882 -527.404 -0.0027667
-36.2714 527.401 362.99 36.2714 -527.401 -0.00465464
-36.4547 527.428 365.014 36.4547 -527.428 0.00464418
-36.6334 527.417 367.008 36.6334 -527.417 -0.000199978
-36.8104 527.41 368.988 36.8104 -527.41 -0.00406515
-36.9855 527.404 370.952 36.9855 -527.404 -0.00728212
-37.1584 527.399 372.897 37.1584 -527.399 -0.0100759
-37.3288 527.396 374.823 37.3288 -527.396 -0.0125918
-37.4965 527.393 376.726 37.4965 -527.393 -0.0149147
-37.6612 527.392 378.604 37.6612 -527.392 -0.0171148
-37.822 527.422 380.455 37.822 -527.422 -0.0200842
-37.9796 527.406 382.272 37.9796 -527.406 -0.0205416
-38.1335 527.397 384.06 38.1335 -527.397 -0.0216585
-38.2836 527.395 385.817 38.2836 -527.395 -0.023478
-38.4303 527.396 387.546 38.4303 -527.396 -0.0219307
-38.575 527.433 389.25 38.575 -527.433 -0.00869845
-38.7128 527.417 390.908 38.7128 -527.417 -0.013123
-38.8473 527.409 392.539 38.8473 -527.409 -0.0166109
-38.9774 527.401 394.133 38.9774 -527.401 -0.0187895
-39.1044 527.396 395.701 39.1044 -527.396 -0.0200344
-39.2285 527.392 397.245 39.2285 -527.392 -0.0206511
-39.3497 527.39 398.765 39.3497 -527.39 -0.0208939
-39.468 527.388 400.261 39.468 -527.388 -0.0209627
-39.5836 527.387 401.735 39.5836 -527.387 -0.0209957
-39.6964 527.387 403.186 39.6964 -527.387 -0.0210799
-39.8063 527.386 404.615 39.8063 -527.386 -0.021237
-39.9134 527.386 406.019 39.9134 -527.386 -0.0214382
-40.0177 527.386 407.401 40.0177 -527.386 -0.0216159
-40.1191 527.386 408.759 40.1191 -527.386 -0.0216818
-40.2178 527.386 410.094 40.2178 -527.386 -0.0215492
-40.3138 527.386 411.408 40.3138 -527.386 -0.0211549
-40.4075 527.386 412.701 40.4075 -527.386 -0.0204747
-40.4988 527.386 413.976 40.4988 -527.386 -0.0195312
-40.5881 527.386 415.234 40.5881 -527.386 -0.0183855
-40.6763 527.405 416.48 40.6763 -527.405 -0.0115732
-40.7616 527.4 417.705 40.7616 -527.4 -0.0115698
-40.8456 527.401 418.919 40.8456 -527.401 -0.00996438
-40.9279 527.398 420.12 40.9279 -527.398 -0.0100584
-41.0088 527.396 421.31 41.0088 -527.396 -0.010145
-41.0884 527.395 422.489 41.0884 -527.395 -0.0103079
-41.1665 527.394 423.656 41.1665 -527.394 -0.0106105
-41.2431 527.394 424.811 41.2431 -527.394 -0.0110929
-41.318 527.394 425.953 41.318 -527.394 -0.0117699
-41.3911 527.394 427.08 41.3911 -527.394 -0.0126297
-41.4623 527.394 428.191 41.4623 -527.394 -0.0136329
-41.5313 527.394 429.285 41.5313 -527.394 -0.0147127
-41.5981 527.393 430.36 41.5981 -527.393 -0.0157795
-41.6625 527.393 431.416 41.6625 -527.393 -0.0167294
-41.7246 527.393 432.453 41.7246 -527.393 -0.017459
-41.7844 527.392 433.47 41.7844 -527.392 -0.0178815
-41.8367 527.463 434.455 41.8367 -527.463 -0.034148
-41.8885 527.432 435.395 41.8885 -527.432 -0.0277971
-41.938 527.414 436.32 41.938 -527.414 -0.0236185
-41.9854 527.404 437.231 41.9854 -527.404 -0.0205522
-42.031 527.398 438.129 42.031 -527.398 -0.0180809
-42.0752 527.395 439.016 42.0752 -527.395 -0.0159619
-42.1182 527.393 439.893 42.1182 -527.393 -0.0140957
-42.1601 527.392 440.762 42.1601 -527.392 -0.0124518
-42.2011 527.392 441.623 42.2011 -527.392 -0.0110283
-42.2412 527.392 442.478 42.2412 -527.392 -0.00983221
-42.2805 527.392 443.327 42.2805 -527.392 -0.0088649
-42.3191 527.393 444.169 42.3191 -527.393 -0.00814338
-42.3569 527.394 445.006 42.3569 -527.394 -0.00766286
-42.3939 527.394 445.836 42.3939 -527.394 -0.0074221
-42.43 527.395 446.659 42.43 -527.395 -0.00741786
-42.4651 527.396 447.474 42.4651 -527.396 -0.00764382
-42.4991 527.397 448.281 42.4991 -527.397 -0.00808981
-42.5318 527.397 449.078 42.5318 -527.397 -0.00873794
-42.5632 527.398 449.863 42.5632 -527.398 -0.00956043
-42.5936 527.416 450.639 42.5936 -527.416 -0.00585821
-42.6215 527.412 451.396 42.6215 -527.412 -0.0077351
-42.6477 527.409 452.139 42.6477 -527.409 -0.00952508
-42.6719 527.406 452.866 42.6719 -527.406 -0.0111346
-42.6942 527.404 453.577 42.6942 -527.404 -0.0124854
-42.7145 527.403 454.271 42.7145 -527.403 -0.0135149
-42.7329 527.401 454.95 42.7329 -527.401 -0.0141815
-42.7494 527.4 455.613 42.7494 -527.4 -0.0144701
-42.7643 527.399 456.262 42.7643 -527.399 -0.0143947
-42.7777 527.397 456.898 42.7777 -527.397 -0.0139959
-42.7896 527.396 457.522 42.7896 -527.396 -0.0133331
-42.8004 527.397 458.137 42.8004 -527.397 -0.0120075
-42.8101 527.396 458.743 42.8101 -527.396 -0.0111106
-42.8189 527.395 459.341 42.8189 -527.395 -0.0101444
-42.8269 527.394 459.933 42.8269 -527.394 -0.00915995
-42.8329 527.414 460.517 42.8329 -527.414 -0.0124059
-42.8352 527.406 461.059 42.8352 -527.406 -0.0100037
-42.8369 527.402 461.598 42.8369 -527.402 -0.00822162
-42.8382 527.399 462.133 42.8382 -527.399 -0.00685972
-42.839 527.397 462.666 42.839 -527.397 -0.00579547
-42.8395 527.396 463.197 42.8395 -527.396 -0.00495177
-42.8394 527.399 463.724 42.8394 -527.399 -0.00497897
-42.8386 527.398 464.244 42.8386 -527.398 -0.00417816
-42.8375 527.397 464.762 42.8375 -527.397 -0.00359253
-42.8362 527.397 465.278 42.8362 -527.397 -0.00316664
-42.8346 527.397 465.792 42.8346 -527.397 -0.00286502
-42.8327 527.397 466.304 42.8327 -527.397 -0.0026649
-42.8306 527.397 466.814 42.8306 -527.397 -0.00255181
-42.8282 527.397 467.322 42.8282 -527.397 -0.00251686
-42.8255 527.397 467.827 42.8255 -527.397 -0.00255502
-42.8225 527.398 468.33 42.8225 -527.398 -0.0026639
-42.819 527.398 468.829 42.819 -527.398 -0.0028429
-42.8152 527.399 469.325 42.8152 -527.399 -0.00308829
-42.8108 527.399 469.818 42.8108 -527.399 -0.00340973
-42.8059 527.399 470.305 42.8059 -527.399 -0.00380212
-42.8003 527.4 470.788 42.8003 -527.4 -0.00426383
-42.7941 527.401 471.264 42.7941 -527.401 -0.00479066
-42.787 527.401 471.735 42.787 -527.401 -0.00537476
-42.779 527.402 472.198 42.779 -527.402 -0.00600373
-42.7701 527.402 472.653 42.7701 -527.402 -0.00665991
-42.7601 527.403 473.099 42.7601 -527.403 -0.00732045
-42.749 527.403 473.536 42.749 -527.403 -0.00795793
-42.7368 527.404 473.964 42.7368 -527.404 -0.00854208
-42.7233 527.404 474.382 42.7233 -527.404 -0.0090423
-42.7087 527.404 474.79 42.7087 -527.404 -0.00943069
-42.6928 527.404 475.188 42.6928 -527.404 -0.00968524
-42.6758 527.403 475.576 42.6758 -527.403 -0.00979181
-42.6577 527.403 475.955 42.6577 -527.403 -0.00973963
-42.6385 527.402 476.325 42.6385 -527.402 -0.00954986
-42.6184 527.401 476.687 42.6184 -527.401 -0.00923319
-42.5974 527.401 477.042 42.5974 -527.401 -0.00880991
-42.5756 527.4 477.39 42.5756 -527.4 -0.00830462
-42.5531 527.399 477.732 42.5531 -527.399 -0.00774318
-42.5299 527.399 478.069 42.5299 -527.399 -0.00715038
-42.5062 527.398 478.402 42.5062 -527.398 -0.00654819
-42.482 527.398 478.73 42.482 -527.398 -0.00595482
-42.4574 527.397 479.055 42.4574 -527.397 -0.00538435
-42.4324 527.397 479.377 42.4324 -527.397 -0.00484689
-42.4071 527.397 479.697 42.4071 -527.397 -0.00434899
-42.3814 527.397 480.014 42.3814 -527.397 -0.00389421
-42.3555 527.397 480.329 42.3555 -527.397 -0.00348375
-42.3294 527.396 480.642 42.3294 -527.396 -0.00311704
-42.303 527.396 480.953 42.303 -527.396 -0.00279226
-42.2765 527.396 481.263 42.2765 -527.396 -0.00250674
-42.2446 527.487 481.567 42.2446 -527.487 -0.0170579
-42.2144 527.454 481.833 42.2144 -527.454 -0.0113051
-42.1837 527.433 482.1 42.1837 -527.433 -0.0076212
-42.1527 527.42 482.368 42.1527 -527.42 -0.00525215
-42.1215 527.412 482.635 42.1215 -527.412 -0.00372037
-42.09 527.406 482.903 42.09 -527.406 -0.00272311
-42.0584 527.403 483.17 42.0584 -527.403 -0.00206829
-42.0266 527.401 483.436 42.0266 -527.401 -0.00163382
-41.9948 527.399 483.702 41.9948 -527.399 -0.00134196
-41.9628 527.398 483.967 41.9628 -527.398 -0.00114311
-41.9308 527.398 484.232 41.9308 -527.398 -0.00100549
-41.8986 527.398 484.496 41.8986 -527.398 -0.000908673
-41.8664 527.397 484.759 41.8664 -527.397 -0.000839455
-41.8341 527.397 485.022 41.8341 -527.397 -0.000789243
-41.8017 527.397 485.284 41.8017 -527.397 -0.000752403
-41.7693 527.397 485.546 41.7693 -527.397 -0.000725202
-41.7367 527.397 485.807 41.7367 -527.397 -0.000705144
-41.7041 527.397 486.067 41.7041 -527.397 -0.00069054
-41.6713 527.4 486.327 41.6713 -527.4 -0.00117021
-41.6376 527.411 486.583 41.6376 -527.411 -0.00268016
-41.6044 527.406 486.836 41.6044 -527.406 -0.00189099
-41.571 527.403 487.088 41.571 -527.403 -0.00139869
-41.5374 527.401 487.341 41.5374 -527.401 -0.00109438
-41.5038 527.399 487.592 41.5038 -527.399 -0.000909058
-41.4701 527.398 487.843 41.4701 -527.398 -0.000799114
-41.4363 527.398 488.094 41.4363 -527.398 -0.000737033
-41.4025 527.398 488.344 41.4025 -527.398 -0.000705536
-41.3685 527.397 488.593 41.3685 -527.397 -0.000693838
-41.3345 527.397 488.841 41.3345 -527.397 -0.000695278
-41.3003 527.397 489.089 41.3003 -527.397 -0.000705815
-41.2661 527.397 489.336 41.2661 -527.397 -0.00072307
-41.2318 527.397 489.583 41.2318 -527.397 -0.00074573
-41.1973 527.397 489.828 41.1973 -527.397 -0.000773161
-41.1628 527.397 490.073 41.1628 -527.397 -0.000799119
-41.1282 527.397 490.317 41.1282 -527.397 -0.000838005
-41.0934 527.397 490.56 41.0934 -527.397 -0.000881062
-41.0586 527.397 490.802 41.0586 -527.397 -0.000928961
-41.0236 527.397 491.042 41.0236 -527.397 -0.000982386
-40.9884 527.397 491.282 40.9884 -527.397 -0.00104201
-40.9532 527.398 491.521 40.9532 -527.398 -0.0011085
-40.9177 527.398 491.758 40.9177 -527.398 -0.00118249
-40.8821 527.398 491.994 40.8821 -527.398 -0.00126457
-40.8463 527.398 492.229 40.8463 -527.398 -0.00135531
-40.8104 527.398 492.462 40.8104 -527.398 -0.00145514
