-1.11304 -1.07529 -1.11304
-2.22476 -2.14919 -2.22476
-3.30802 -3.22176 -3.30802
-4.21749 -4.29267 -4.21749
-4.91226 -5.36177 -4.91226
-5.47929 -6.37693 -5.47929
-5.9644 -7.31556 -5.9644
-6.39573 -8.12744 -6.39573
-6.78933 -8.83217 -6.78933
-7.15515 -9.44685 -7.15515
-7.49859 -10.0024 -7.49859
-7.8273 -10.5072 -7.8273
-8.14265 -10.9716 -8.14265
-8.44675 -11.4051 -8.44675
-8.74468 -11.8095 -8.74468
-9.03316 -12.1954 -9.03316
-9.318 -12.5626 -9.31799
-9.59585 -12.9119 -9.59585
-9.87399 -13.248 -9.87399
-10.1439 -13.5709 -10.1439
-10.41 -13.8879 -10.41
-10.6766 -14.1891 -10.6766
-10.9411 -14.4884 -10.9411
-11.1992 -14.7759 -11.1992
-11.4577 -15.0598 -11.4577
-11.7151 -15.3391 -11.7151
-11.9713 -15.6068 -11.9713
-12.2224 -15.8743 -12.2224
-12.474 -16.1415 -12.474
-12.7269 -16.4001 -12.7269
-12.975 -16.6539 -12.975
-13.2252 -16.9067 -13.2252
-13.4729 -17.1595 -13.4729
-13.7202 -17.407 -13.7202
-13.9673 -17.6485 -13.9673
-14.209 -17.8904 -14.209
-14.4532 -18.1323 -14.4532
-14.6948 -18.3741 -14.6948
-14.9367 -18.613 -14.9367
-15.1806 -18.8473 -15.1806
-15.42 -19.0763 -15.42
-15.6599 -19.3065 -15.6599
-15.9027 -19.5369 -15.9027
-16.1408 -19.7668 -16.1408
-16.3765 -19.9967 -16.3765
-16.6148 -20.2249 -16.6148
-16.8495 -20.4469 -16.8495
-17.0843 -20.6697 -17.0843
-17.3198 -20.8921 -17.3198
-17.554 -21.1142 -17.554
-17.7884 -21.3352 -17.7884
-18.0225 -21.5564 -18.0225
-18.2581 -21.7773 -18.2581
-18.4905 -21.9982 -18.4905
-18.7231 -22.2193 -18.7231
-18.9562 -22.4327 -18.9562
-19.1891 -22.647 -19.1891
-19.42 -22.8614 -19.42
-19.651 -23.0759 -19.651
-19.8821 -23.2895 -19.8821
-20.1135 -23.5029 -20.1135
-20.3455 -23.7157 -20.3455
-20.5736 -23.9288 -20.5736
-20.8018 -24.1417 -20.8018
-21.0299 -24.3529 -21.0299
-21.2581 -24.5643 -21.2581
-21.4866 -24.7757 -21.4866
-21.7178 -24.9871 -21.7178
-21.9436 -25.1979 -21.9436
-22.1697 -25.4045 -22.1697
-22.396 -25.6113 -22.396
-22.6224 -25.8182 -22.6224
-22.849 -26.0251 -22.849
-23.0767 -26.2319 -23.0767
-23.3025 -26.4421 -23.3025
-23.5276 -26.6455 -23.5276
-23.7527 -26.85 -23.7527
-23.978 -27.0549 -23.978
-24.2032 -27.2601 -24.2032
-24.4284 -27.4661 -24.4284
-24.6536 -27.67 -24.6536
-24.88 -27.8731 -24.88
-25.104 -28.0764 -25.104
-25.3283 -28.2793 -25.3283
-25.5522 -28.4824 -25.5522
-25.7761 -28.6864 -25.7761
-25.9999 -28.8877 -25.9999
-26.2238 -29.0896 -26.2238
-26.4476 -29.2907 -26.4476
-26.6714 -29.4919 -26.6714
-26.8951 -29.6924 -26.8951
-27.1196 -29.8918 -27.1196
-27.3423 -30.0944 -27.3423
-27.565 -30.2908 -27.565
-27.7877 -30.4881 -27.7877
-28.0104 -30.6854 -28.0104
-28.2328 -30.8828 -28.2328
-28.4552 -31.0803 -28.4552
-28.6775 -31.2778 -28.6775
-28.8997 -31.4786 -28.8997
-29.1219 -31.6733 -29.1219
-29.344 -31.8686 -29.344
-29.5659 -32.0642 -29.5659
-29.7874 -32.2598 -29.7874
-30.0089 -32.4553 -30.0089
-30.2297 -32.6508 -30.2297
-30.4503 -32.8468 -30.4503
-30.6708 -33.0407 -30.6708
-30.8912 -33.2346 -30.8912
-31.1114 -33.4283 -31.1114
-31.3315 -33.6219 -31.3315
-31.5513 -33.8153 -31.5513
-31.771 -34.0087 -31.771
-31.9903 -34.2012 -31.9903
-32.2094 -34.3933 -32.2094
-32.4282 -34.587 -32.4282
-32.6466 -34.7766 -32.6466
-32.8646 -34.9659 -32.8646
-33.0821 -35.1548 -33.0821
-33.2991 -35.3431 -33.2991
-33.5156 -35.5307 -33.5156
-33.7314 -35.7174 -33.7314
-33.9463 -35.9032 -33.9463
-34.1605 -36.0882 -34.1605
-34.3733 -36.2714 -34.3733
-34.5848 -36.4547 -34.5848
-34.7951 -36.6334 -34.7951
-35.0039 -36.8104 -35.0039
-35.211 -36.9855 -35.211
-35.4162 -37.1584 -35.4162
-35.6193 -37.3288 -35.6193
-35.82 -37.4965 -35.82
-36.0181 -37.6612 -36.0181
-36.2133 -37.822 -36.2133
-36.4054 -37.9796 -36.4054
-36.5941 -38.1335 -36.5941
-36.7793 -38.2836 -36.7793
-36.9608 -38.4303 -36.9608
-37.1386 -38.575 -37.1386
-37.3127 -38.7128 -37.3127
-37.4831 -38.8473 -37.4831
-37.6499 -38.9774 -37.6499
-37.8133 -39.1044 -37.8133
-37.9733 -39.2285 -37.9733
-38.1303 -39.3497 -38.1303
-38.2842 -39.468 -38.2842
-38.4352 -39.5836 -38.4352
-38.5826 -39.6964 -38.5826
-38.7265 -39.8063 -38.7265
-38.8672 -39.9134 -38.8672
-39.0049 -40.0177 -39.0049
-39.1394 -40.1191 -39.1394
-39.2709 -40.2178 -39.2709
-39.3995 -40.3138 -39.3995
-39.5254 -40.4075 -39.5254
-39.6486 -40.4988 -39.6486
-39.7695 -40.5881 -39.7695
-39.8882 -40.6763 -39.8882
-40.005 -40.7616 -40.005
-40.12 -40.8456 -40.12
-40.2335 -40.9279 -40.2335
-40.3451 -41.0088 -40.3451
-40.4551 -41.0884 -40.4551
-40.5635 -41.1665 -40.5635
-40.67 -41.2431 -40.67
-40.7747 -41.318 -40.7747
-40.8772 -41.3911 -40.8772
-40.9775 -41.4623 -40.9775
-41.0754 -41.5313 -41.0754
-41.1708 -41.5981 -41.1708
-41.2635 -41.6625 -41.2635
-41.3537 -41.7246 -41.3537
-41.4413 -41.7844 -41.4413
-41.5266 -41.8367 -41.5266
-41.6098 -41.8885 -41.6098
-41.691 -41.938 -41.691
-41.7705 -41.9854 -41.7705
-41.8485 -42.031 -41.8485
-41.9253 -42.0752 -41.9253
-42.0009 -42.1182 -42.0009
-42.0756 -42.1601 -42.0756
-42.1493 -42.2011 -42.1493
-42.2222 -42.2412 -42.2222
-42.2892 -42.2805 -42.2892
-42.3583 -42.3191 -42.3583
-42.426 -42.3569 -42.426
-42.4924 -42.3939 -42.4924
-42.5576 -42.43 -42.5576
-42.621 -42.4651 -42.621
-42.6827 -42.4991 -42.6827
-42.7425 -42.5318 -42.7425
-42.8004 -42.5632 -42.8004
-42.8563 -42.5936 -42.8563
-42.91 -42.6215 -42.91
-42.9615 -42.6477 -42.9615
-43.0107 -42.6719 -43.0107
-43.0578 -42.6942 -43.0578
-43.1029 -42.7145 -43.1029
-43.1461 -42.7329 -43.1461
-43.1877 -42.7494 -43.1877
-43.2278 -42.7643 -43.2278
-43.2666 -42.7777 -43.2666
-43.3044 -42.7896 -43.3044
-43.3412 -42.8004 -43.3412
-43.3773 -42.8101 -43.3773
-43.4128 -42.8189 -43.4128
-43.4477 -42.8269 -43.4477
-43.4821 -42.8329 -43.4821
-43.5162 -42.8352 -43.5162
-43.5499 -42.8369 -43.5499
-43.5833 -42.8382 -43.5833
-43.6164 -42.839 -43.6164
-43.6492 -42.8395 -43.6492
-43.6817 -42.8394 -43.6817
-43.714 -42.8386 -43.714
-43.746 -42.8375 -43.746
-43.7777 -42.8362 -43.7777
-43.809 -42.8346 -43.809
-43.84 -42.8327 -43.84
-43.8705 -42.8306 -43.8705
-43.9005 -42.8282 -43.9005
-43.93 -42.8255 -43.93
-43.9589 -42.8225 -43.9589
-43.9871 -42.819 -43.9871
-44.0115 -42.8152 -44.0115
-44.035 -42.8108 -44.035
-44.0572 -42.8059 -44.0572
-44.0782 -42.8003 -44.0782
-44.0978 -42.7941 -44.0978
-44.1161 -42.787 -44.1161
-44.1329 -42.779 -44.1329
-44.1484 -42.7701 -44.1484
-44.1625 -42.7601 -44.1625
-44.1753 -42.749 -44.1753
-44.1869 -42.7368 -44.1869
-44.1973 -42.7233 -44.1973
-44.2067 -42.7087 -44.2067
-44.2152 -42.6928 -44.2152
-44.2228 -42.6758 -44.2228
-44.2285 -42.6577 -44.2285
-44.2343 -42.6385 -44.2343
-44.2394 -42.6184 -44.2394
-44.244 -42.5974 -44.244
-44.2482 -42.5756 -44.2482
-44.252 -42.5531 -44.252
-44.2555 -42.5299 -44.2555
-44.2587 -42.5062 -44.2587
-44.2617 -42.482 -44.2617
-44.2645 -42.4574 -44.2645
-44.2671 -42.4324 -44.2671
-44.2696 -42.4071 -44.2696
-44.2719 -42.3814 -44.2719
-44.2742 -42.3555 -44.2742
-44.2763 -42.3294 -44.2763
-44.2783 -42.303 -44.2783
-44.2802 -42.2765 -44.2802
-44.2821 -42.2446 -44.2821
-44.2838 -42.2144 -44.2838
-44.2855 -42.1837 -44.2855
-44.2871 -42.1527 -44.2871
-44.2887 -42.1215 -44.2887
-44.2902 -42.09 -44.2902
-44.2916 -42.0584 -44.2916
-44.2929 -42.0266 -44.2929
-44.2942 -41.9948 -44.2942
-44.2954 -41.9628 -44.2954
-44.2966 -41.9308 -44.2966
-44.2977 -41.8986 -44.2977
-44.2987 -41.8664 -44.2987
-44.2997 -41.8341 -44.2997
-44.3005 -41.8017 -44.3005
-44.3014 -41.7693 -44.3014
-44.3021 -41.7367 -44.3021
-44.3028 -41.7041 -44.3028
-44.3034 -41.6713 -44.3034
-44.3039 -41.6376 -44.3039
-44.3043 -41.6044 -44.3043
-44.3046 -41.571 -44.3046
-44.3049 -41.5374 -44.3049
-44.305 -41.5038 -44.305
-44.305 -41.4701 -44.305
-44.3049 -41.4363 -44.3049
-44.3047 -41.4025 -44.3047
-44.3044 -41.3685 -44.3044
-44.3039 -41.3345 -44.3039
-44.3032 -41.3003 -44.3032
-44.3024 -41.2661 -44.3024
-44.3013 -41.2318 -44.3013
-44.3001 -41.1973 -44.3001
-44.2954 -41.1628 -44.2954
-44.2918 -41.1282 -44.2918
-44.2877 -41.0934 -44.2877
-44.2831 -41.0586 -44.2831
-44.278 -41.0236 -44.278
-44.2725 -40.9884 -44.2725
-44.2666 -40.9532 -44.2666
-44.2602 -40.9177 -44.2602
-44.2534 -40.8821 -44.2534
-44.2461 -40.8463 -44.2461
-44.2383 -40.8104 -44.2383
