0.329005 0.329315 0.329005
0.339426 0.34017 0.339426
0.346923 0.34771 0.346923
0.301421 0.301996 0.301421
0.199592 0.199925 0.199592
0.0874174 0.0875506 0.0874175
0.00658152 0.00656644 0.0065814
-0.0385299 -0.0386285 -0.03853
-0.05893 -0.0590541 -0.0589301
-0.0570709 -0.0571835 -0.0570709
-0.0319957 -0.0320665 -0.0319957
-0.000800124 -0.00080702 -0.000800109
0.0067489 0.00678374 0.00674892
-0.0201485 -0.0201448 -0.0201485
-0.0593654 -0.0594542 -0.0593654
-0.100268 -0.100453 -0.100268
-0.159129 -0.159403 -0.159129
-0.235172 -0.235563 -0.235172
-0.297157 -0.297681 -0.297157
-0.319995 -0.320596 -0.319995
-0.322614 -0.323207 -0.322614
-0.320885 -0.321442 -0.320885
-0.307618 -0.308153 -0.307619
-0.270863 -0.271356 -0.270864
-0.246039 -0.246469 -0.246039
-0.26069 -0.261106 -0.26069
-0.286047 -0.286523 -0.286047
-0.253059 -0.253556 -0.253059
-0.115524 -0.115843 -0.115524
0.0880531 0.0881316 0.088053
0.274799 0.275316 0.2748
0.404431 0.405232 0.404431
0.477293 0.478195 0.477294
0.474853 0.47573 0.474854
0.382604 0.383334 0.382605
0.236867 0.237329 0.236868
0.0931801 0.0933331 0.0931801
-0.0126809 -0.0127583 -0.012681
-0.125542 -0.125774 -0.125542
-0.285042 -0.285483 -0.285042
-0.454064 -0.454823 -0.454065
-0.529437 -0.53045 -0.529437
-0.468232 -0.469211 -0.468232
-0.335369 -0.336039 -0.335369
-0.218626 -0.218957 -0.218626
-0.153604 -0.153774 -0.153604
-0.0863457 -0.0864837 -0.0863456
0.0311339 0.0311131 0.0311339
0.211531 0.211816 0.211531
0.418421 0.419132 0.418421
0.596414 0.597509 0.596414
0.689946 0.69125 0.689947
0.677204 0.678488 0.677205
0.602476 0.603574 0.602476
0.516386 0.517275 0.516387
0.441885 0.442622 0.441885
0.384419 0.38507 0.38442
0.36285 0.363463 0.36285
0.379025 0.379659 0.379026
0.395645 0.396334 0.395645
0.353976 0.354654 0.353976
0.24035 0.240853 0.24035
0.0912589 0.0914538 0.091259
-0.0462665 -0.0463793 -0.0462665
-0.152522 -0.152842 -0.152522
-0.251529 -0.251982 -0.251529
-0.38459 -0.385217 -0.384591
-0.556977 -0.557971 -0.556977
-0.729546 -0.732046 -0.729547
-0.843568 -0.845032 -0.843569
-0.856129 -0.856872 -0.85613
-0.781092 -0.781772 -0.781092
-0.672791 -0.673601 -0.672791
-0.582797 -0.583659 -0.582797
-0.524191 -0.525202 -0.524192
-0.484623 -0.485647 -0.484624
-0.436382 -0.437424 -0.436382
-0.35895 -0.360649 -0.358951
-0.249142 -0.249362 -0.249142
-0.125577 -0.125201 -0.125577
-0.047221 -0.0471262 -0.0472206
-0.0661696 -0.0664005 -0.0661693
-0.146727 -0.147059 -0.146727
-0.189257 -0.189597 -0.189257
-0.120529 -0.1208 -0.12053
0.0542888 0.0542784 0.0542886
0.258592 0.259005 0.258592
0.421652 0.42248 0.421653
0.527231 0.528244 0.527232
0.601713 0.602786 0.601713
0.656903 0.658904 0.656904
0.69028 0.691885 0.690281
0.68572 0.686371 0.685721
0.624478 0.624923 0.624478
0.496443 0.496977 0.496443
0.31304 0.313589 0.31304
0.138351 0.13863 0.138351
0.0415127 0.0414928 0.0415129
0.0436527 0.0437446 0.0436528
0.110223 0.110313 0.110223
0.164996 0.165368 0.164997
0.146181 0.146611 0.146181
0.0530903 0.0532018 0.0530905
-0.0521358 -0.0520627 -0.0521357
-0.128347 -0.128306 -0.128347
-0.158775 -0.159189 -0.158775
-0.137655 -0.138125 -0.137656
-0.0667326 -0.0669198 -0.0667329
0.0252075 0.0253081 0.0252074
0.0990543 0.0992959 0.0990544
0.152387 0.152672 0.152387
0.185757 0.186075 0.185758
0.188299 0.188642 0.188299
0.143776 0.144074 0.143776
0.0560835 0.0562287 0.0560835
-0.0531303 -0.0532077 -0.0531303
-0.149293 -0.14958 -0.149293
-0.181268 -0.181654 -0.181268
-0.120637 -0.120939 -0.120637
-0.0115259 -0.0115909 -0.011526
0.0766632 0.0768366 0.0766633
0.134055 0.13435 0.134055
0.191037 0.191378 0.191037
0.260089 0.26051 0.260089
0.336027 0.336592 0.336027
0.412317 0.413044 0.412318
0.462218 0.46306 0.462218
0.461769 0.462628 0.461769
0.405961 0.406721 0.405961
0.295155 0.295713 0.295155
0.129293 0.129558 0.129293
-0.0618423 -0.0619332 -0.0618424
-0.199712 -0.201441 -0.199712
-0.229029 -0.231476 -0.22903
-0.163055 -0.164049 -0.163056
-0.0600781 -0.0621615 -0.060079
0.033103 0.0331071 0.0331026
0.128536 0.128265 0.128536
0.246258 0.246186 0.246258
0.371175 0.371993 0.371175
0.455266 0.454654 0.455266
0.459735 0.459276 0.459735
0.394791 0.394632 0.394791
0.296308 0.297369 0.296308
0.17516 0.175578 0.17516
0.0080895 0.00812356 0.00809001
-0.225577 -0.225559 -0.225577
-0.490561 -0.49057 -0.490561
-0.720104 -0.72047 -0.720104
-0.884384 -0.884329 -0.884385
-1.00275 -1.00261 -1.00275
-1.1435 -1.14415 -1.1435
-1.3342 -1.33453 -1.3342
-1.50506 -1.5054 -1.50506
-1.53918 -1.53958 -1.53918
-1.40707 -1.4075 -1.40707
-1.21612 -1.21618 -1.21612
-1.06987 -1.07001 -1.06987
-0.970494 -0.970705 -0.970494
-0.834059 -0.834078 -0.834059
-0.620044 -0.619829 -0.620044
-0.347579 -0.34722 -0.347579
-0.0568764 -0.0560226 -0.0568761
0.213383 0.213705 0.213383
0.455465 0.454047 0.455465
0.666821 0.663944 0.66682
0.864826 0.860785 0.864824
1.05446 1.04968 1.05446
1.23614 1.23764 1.23614
1.40736 1.41196 1.40736
1.56488 1.5696 1.56488
1.71681 1.71966 1.71681
1.84165 1.84395 1.84166
1.91081 1.9139 1.91081
1.92031 1.92402 1.92031
1.90528 1.90877 1.90528
1.90293 1.90331 1.90293
1.92143 1.91594 1.92143
1.9326 1.92191 1.9326
1.89673 1.89289 1.89672
1.81496 1.81949 1.81496
1.72189 1.72951 1.72189
1.64681 1.64908 1.64681
1.5826 1.58112 1.58261
1.48928 1.48936 1.48927
1.34182 1.3432 1.34182
1.14806 1.14905 1.14806
0.915519 0.916374 0.91552
0.649714 0.649903 0.649716
0.328923 0.329019 0.328924
-0.095104 -0.0951096 -0.0951039
-0.722779 -0.722693 -0.72278
-1.73469 -1.73525 -1.73469
-3.12042 -3.12165 -3.12042
-4.56273 -4.56421 -4.56273
-5.68584 -5.68822 -5.68584
-6.35367 -6.3564 -6.35367
-6.60914 -6.61163 -6.60914
-6.47041 -6.47273 -6.47042
-6.00142 -6.0037 -6.00142
-5.36229 -5.36432 -5.36229
-4.76391 -4.76598 -4.76391
-4.3577 -4.35944 -4.3577
-4.13735 -4.13841 -4.13735
-4.01464 -4.01595 -4.01465
-3.92436 -3.92587 -3.92436
-3.87233 -3.87318 -3.87233
-3.83066 -3.8312 -3.83066
-3.75098 -3.75024 -3.75098
-3.51898 -3.51649 -3.51898
-2.95999 -2.94958 -2.95999
-1.89336 -1.97054 -1.89337
-0.725772 -0.789391 -0.725805
0.106802 0.260924 0.106794
0.974473 1.01864 0.974518
1.68101 1.62216 1.68105
2.16252 2.11758 2.16251
2.46954 2.47883 2.4695
2.64589 2.67096 2.64587
2.66917 2.67596 2.66917
2.52925 2.52195 2.52927
2.2699 2.26509 2.26991
1.96064 1.96241 1.96064
1.67888 1.68289 1.67887
1.48757 1.48898 1.48756
1.38308 1.38229 1.38308
1.3185 1.31804 1.31851
1.23077 1.23161 1.23077
1.08905 1.0899 1.08905
0.896855 0.897334 0.896854
0.642629 0.642623 0.642627
0.301583 0.301517 0.301582
-0.0872472 -0.087213 -0.087247
-0.48549 -0.485547 -0.485489
-0.840812 -0.841192 -0.840811
-1.08527 -1.08572 -1.08527
-1.16992 -1.17026 -1.16992
-1.08876 -1.08928 -1.08876
-0.86873 -0.869082 -0.86873
-0.545189 -0.545394 -0.545189
-0.148754 -0.148709 -0.148754
0.271661 0.272045 0.271661
0.670348 0.670797 0.670349
1.00587 1.00661 1.00587
1.24862 1.24956 1.24862
1.40194 1.4032 1.40194
1.52203 1.52319 1.52203
1.65122 1.65216 1.65122
1.80088 1.80178 1.80088
1.96076 1.96164 1.96076
2.14981 2.15058 2.14981
2.40071 2.40148 2.40071
2.75396 2.75467 2.75396
3.20443 3.20518 3.20443
3.67962 3.68045 3.67962
4.13182 4.1327 4.13182
4.52072 4.52167 4.52072
4.784 4.785 4.784
4.89519 4.89621 4.89519
4.85108 4.85468 4.85108
4.71273 4.7148 4.71273
4.50194 4.50316 4.50195
4.23121 4.2324 4.23121
3.94246 3.94413 3.94246
3.6871 3.6888 3.6871
3.51332 3.51471 3.51332
3.45577 3.45693 3.45577
3.53709 3.53814 3.53709
3.71061 3.71216 3.71061
3.88829 3.88983 3.88829
4.01481 4.01636 4.01481
4.07089 4.07236 4.07089
4.05704 4.05867 4.05704
3.97348 3.9752 3.97348
3.81468 3.81545 3.81468
3.59587 3.59724 3.59587
3.3486 3.35008 3.3486
3.11106 3.11192 3.11106
2.89792 2.89936 2.89792
2.70938 2.71026 2.70938
2.53843 2.5396 2.53843
2.42289 2.42388 2.42289
2.36274 2.36237 2.36274
2.32501 2.32432 2.32501
2.18562 2.18838 2.18562
1.81424 1.84275 1.81425
1.27146 1.2915 1.27148
0.683404 0.626248 0.683406
0.188102 0.13743 0.188078
-0.337085 -0.292199 -0.337109
-0.800429 -0.761146 -0.800421
-1.25432 -1.26053 -1.2543
-1.75914 -1.78066 -1.75913
-2.28846 -2.2955 -2.28847
-2.77516 -2.76912 -2.77518
-3.15266 -3.14849 -3.15267
-3.37811 -3.38006 -3.37811
-3.44152 -3.4459 -3.44151
-3.38075 -3.38286 -3.38075
-3.24478 -3.24523 -3.24478
-3.03254 -3.03402 -3.03254
-2.74407 -2.74699 -2.74407
-2.42994 -2.43446 -2.42994
-2.14673 -2.1508 -2.14673
-1.90937 -1.91167 -1.90937
-1.70371 -1.70465 -1.70371
-1.51156 -1.51287 -1.51156
-1.31523 -1.31725 -1.31523
-1.12693 -1.12797 -1.12693
-0.949606 -0.949633 -0.949606
-0.811086 -0.812074 -0.811087
-0.710337 -0.711651 -0.710337
-0.652525 -0.652968 -0.652526
-0.658398 -0.658681 -0.658399
-0.735764 -0.735344 -0.735764
-0.892041 -0.89255 -0.892041
-1.11706 -1.11838 -1.11706
-1.4107 -1.4119 -1.4107
-1.76158 -1.76176 -1.76158
-2.15628 -2.15553 -2.15628
-2.59725 -2.59665 -2.59724
-3.10334 -3.1039 -3.10333
-3.64005 -3.64062 -3.64005
-4.15433 -4.15451 -4.15434
-4.62319 -4.62323 -4.62319
-5.04081 -5.04118 -5.04081
-5.37396 -5.37455 -5.37396
-5.59443 -5.59449 -5.59443
-5.66934 -5.66949 -5.66934
-5.62656 -5.62686 -5.62656
-5.49707 -5.49739 -5.49707
-5.33725 -5.3375 -5.33725
-5.10695 -5.11508 -5.10695
-4.83005 -4.83128 -4.83005
-4.49891 -4.4982 -4.49891
-4.1544 -4.15533 -4.1544
-3.85652 -3.85883 -3.85652
-3.60448 -3.60651 -3.60448
-3.34474 -3.3459 -3.34474
-3.07413 -3.07482 -3.07413
-2.79188 -2.79306 -2.79188
-2.53674 -2.53793 -2.53674
-2.35953 -2.36042 -2.35953
-2.25148 -2.25209 -2.25148
-2.17422 -2.175 -2.17422
-2.04861 -2.04909 -2.04861
-1.84121 -1.84216 -1.84121
-1.55729 -1.55799 -1.5573
-1.2546 -1.25503 -1.2546
-0.994645 -0.994746 -0.994645
-0.795499 -0.795705 -0.795498
-0.629272 -0.629015 -0.629272
-0.444854 -0.445078 -0.444853
-0.244854 -0.245 -0.244854
-0.0360209 -0.0362206 -0.0360211
0.189028 0.189637 0.189028
0.418826 0.418787 0.418826
0.627366 0.627608 0.627367
0.756612 0.757216 0.756612
0.755318 0.755217 0.755318
0.643214 0.643364 0.643214
0.471487 0.472363 0.471487
0.284418 0.285208 0.284419
0.0952992 0.0955818 0.0952996
-0.0874427 -0.0882175 -0.0874426
-0.251952 -0.252274 -0.251952
-0.390657 -0.393468 -0.390658
-0.515019 -0.522031 -0.515021
-0.602131 -0.609373 -0.602135
-0.669039 -0.667806 -0.669042
-0.74187 -0.734252 -0.741869
-0.855938 -0.840599 -0.855932
-1.01581 -0.998614 -1.0158
-1.14763 -1.15391 -1.14762
-1.24044 -1.25653 -1.24045
-1.2573 -1.2635 -1.25731
-1.14301 -1.13547 -1.14301
-0.844018 -0.837605 -0.844015
-0.377532 -0.379 -0.377524
0.161909 0.158541 0.161914
0.705951 0.705543 0.70595
1.21088 1.21254 1.21088
1.66101 1.66259 1.661
2.00975 2.01021 2.00975
2.16909 2.16931 2.16909
2.09425 2.09506 2.09426
1.85072 1.85159 1.85072
1.56887 1.58816 1.56887
1.3559 1.37096 1.35591
1.22317 1.21317 1.22317
1.13671 1.1256 1.13671
1.08893 1.08921 1.08892
1.11787 1.1227 1.11787
1.29937 1.29521 1.29937
1.69001 1.65744 1.69
2.1609 2.1569 2.16089
2.67306 2.69003 2.67306
3.17807 3.18715 3.17808
3.61296 3.61062 3.61297
3.95542 3.9522 3.95543
4.2087 4.20991 4.2087
4.41281 4.41618 4.4128
4.58454 4.58723 4.58454
4.69296 4.69436 4.69296
4.71257 4.71369 4.71257
4.64181 4.64334 4.64181
4.48676 4.48855 4.48676
4.22695 4.22856 4.22695
3.8351 3.8364 3.8351
3.27283 3.27443 3.27283
2.537 2.53801 2.537
1.65619 1.6567 1.65619
0.738161 0.738438 0.738161
-0.0839691 -0.0840003 -0.0839694
-0.742352 -0.74267 -0.742352
-1.18247 -1.18297 -1.18247
-1.37621 -1.37678 -1.37621
-1.36609 -1.36668 -1.36609
-1.24096 -1.24145 -1.24097
-1.05813 -1.05853 -1.05813
-0.795052 -0.795401 -0.795052
-0.431561 -0.431739 -0.431562
-0.0334763 -0.0335183 -0.0334764
0.35978 0.359915 0.35978
0.720152 0.720466 0.720153
1.00908 1.00948 1.00908
1.17592 1.17635 1.17592
1.20729 1.20777 1.20729
1.1225 1.12295 1.1225
0.956116 0.956491 0.956116
0.772229 0.772511 0.77223
0.623283 0.623467 0.623283
0.537761 0.537941 0.537761
0.511489 0.511736 0.511489
0.491807 0.491998 0.491807
0.452365 0.452487 0.452365
0.397026 0.397142 0.397026
0.353372 0.353529 0.353373
0.325169 0.325237 0.32517
0.310273 0.310125 0.310273
0.289738 0.289862 0.289738
0.259081 0.259442 0.259082
0.207517 0.2077 0.207517
0.189546 0.189204 0.189546
0.272268 0.271986 0.272268
0.477323 0.477674 0.477323
0.773092 0.772566 0.773092
1.11359 1.10935 1.11359
1.45147 1.45222 1.45147
1.76669 1.76945 1.76669
2.00687 2.00809 2.00687
2.14386 2.14328 2.14386
2.19508 2.19499 2.19508
2.1747 2.17529 2.1747
2.07137 2.07162 2.07137
1.88556 1.88575 1.88556
1.64131 1.64118 1.64131
1.39326 1.39274 1.39326
1.20585 1.20561 1.20585
1.12304 1.1293 1.12304
1.14623 1.15016 1.14623
1.2279 1.22417 1.2279
1.28768 1.28461 1.28768
1.2452 1.24598 1.2452
1.09417 1.09868 1.09417
0.841578 0.846729 0.841581
0.488694 0.494034 0.488698
0.0659013 0.0668679 0.0659047
-0.342909 -0.346315 -0.342909
-0.684356 -0.690749 -0.68436
-0.927206 -0.936569 -0.927212
-1.07047 -1.07262 -1.07048
-1.14041 -1.13689 -1.14041
-1.17265 -1.17068 -1.17265
-1.21612 -1.20743 -1.21612
-1.26229 -1.26283 -1.26228
-1.29656 -1.30202 -1.29656
-1.31324 -1.31697 -1.31324
-1.31481 -1.31122 -1.31481
-1.29556 -1.29352 -1.29556
-1.29 -1.29169 -1.29
-1.313 -1.3147 -1.313
-1.34647 -1.34736 -1.34647
-1.36484 -1.36478 -1.36484
-1.33201 -1.33224 -1.33201
-1.21274 -1.21341 -1.21274
-1.02015 -1.02052 -1.02015
-0.792993 -0.793637 -0.792993
-0.556674 -0.556915 -0.556674
-0.336778 -0.336817 -0.336778
-0.131205 -0.131079 -0.131205
0.0523652 0.052362 0.0523652
0.169073 0.168801 0.169073
0.19124 0.191329 0.19124
0.119085 0.119151 0.119085
0.00352981 0.00347333 0.00352978
-0.0885356 -0.0887174 -0.0885357
-0.129926 -0.129921 -0.129926
-0.114434 -0.114502 -0.114434
-0.0332241 -0.0332796 -0.0332241
0.126553 0.126478 0.126553
0.333231 0.333192 0.333231
0.512634 0.512805 0.512634
0.647536 0.647766 0.647536
0.733436 0.733623 0.733436
0.735019 0.735136 0.735019
0.699082 0.699146 0.699082
0.656986 0.657273 0.656986
0.603601 0.60376 0.603601
0.553038 0.553014 0.553038
0.522273 0.522305 0.522273
0.475293 0.475334 0.475293
0.366474 0.366506 0.366474
0.214918 0.214947 0.214918
0.0419081 0.0418341 0.0419081
-0.171328 -0.171657 -0.171329
-0.485065 -0.485255 -0.485065
-0.86009 -0.860317 -0.860091
-1.20329 -1.2037 -1.20329
-1.59877 -1.59941 -1.59877
-2.11337 -2.11399 -2.11337
-2.70627 -2.70696 -2.70627
-3.34603 -3.34695 -3.34603
-3.98363 -3.98472 -3.98363
-4.61969 -4.6209 -4.6197
-5.21128 -5.21259 -5.21128
-5.75839 -5.75982 -5.75839
-6.22203 -6.22359 -6.22203
-6.52009 -6.52176 -6.5201
-6.61057 -6.61576 -6.61058
-6.58156 -6.58396 -6.58156
-6.49441 -6.49588 -6.49441
-6.299 -6.30107 -6.299
-5.99905 -6.00175 -5.99905
-5.637 -5.63934 -5.637
-5.23607 -5.23821 -5.23607
-4.81242 -4.81403 -4.81242
-4.42528 -4.42697 -4.42528
-4.13926 -4.14051 -4.13926
-3.94951 -3.95093 -3.94951
-3.8142 -3.81543 -3.8142
-3.68183 -3.68323 -3.68183
-3.52213 -3.52353 -3.52213
-3.29876 -3.30036 -3.29876
-2.98124 -2.98209 -2.98124
-2.56549 -2.56714 -2.56549
-2.03787 -2.03804 -2.03787
-1.37709 -1.37664 -1.37709
-0.6118 -0.612044 -0.6118
0.240642 0.234033 0.240641
1.14385 1.12244 1.14384
1.94156 1.9556 1.94156
2.59101 2.64636 2.59102
3.25378 3.24005 3.2538
3.85399 3.82665 3.85399
4.41519 4.42011 4.41518
4.90691 4.92179 4.9069
5.27532 5.2787 5.27532
5.50422 5.50034 5.50423
5.57792 5.57615 5.57793
5.50435 5.50703 5.50435
5.30091 5.30447 5.30091
5.01069 5.01229 5.01069
4.62518 4.62565 4.62518
4.13346 4.145 4.13346
3.54772 3.55481 3.54773
2.9399 2.93388 2.93991
2.37651 2.37091 2.37651
1.9255 1.9256 1.92549
1.5885 1.59119 1.5885
1.29999 1.30107 1.29999
1.01774 1.01683 1.01775
0.749438 0.748567 0.749439
0.550862 0.551002 0.550861
0.47532 0.475781 0.475319
0.528269 0.528416 0.528268
0.706763 0.706648 0.706763
0.989977 0.989832 0.989977
1.33705 1.33691 1.33705
1.67055 1.67057 1.67055
1.91359 1.9136 1.91359
2.0015 2.0014 2.0015
1.89771 1.89757 1.89771
1.60343 1.60333 1.60343
1.14606 1.14552 1.14606
0.632337 0.63152 0.632336
0.143827 0.144315 0.143826
-0.258676 -0.258258 -0.258676
-0.578867 -0.578878 -0.578866
-0.787671 -0.7881 -0.787671
-0.836763 -0.837214 -0.836763
-0.751727 -0.751997 -0.751727
-0.576836 -0.57698 -0.576836
-0.348771 -0.348905 -0.348771
-0.0883461 -0.0883876 -0.088346
0.214276 0.214369 0.214277
0.565091 0.565272 0.565091
0.951052 0.951349 0.951052
1.37154 1.372 1.37154
1.77996 1.7806 1.77996
2.11389 2.11459 2.11389
2.35583 2.35661 2.35583
2.52224 2.52323 2.52224
2.64959 2.65062 2.64959
2.76304 2.76397 2.76304
2.89313 2.89417 2.89313
3.05419 3.05521 3.05419
3.22254 3.22303 3.22254
3.3697 3.36637 3.3697
3.46022 3.46083 3.46022
3.48003 3.48255 3.48003
3.42328 3.42499 3.42328
3.25406 3.25431 3.25407
3.01466 3.01425 3.01466
2.73808 2.73872 2.73808
2.47025 2.47049 2.47025
2.21526 2.21536 2.21526
1.93103 1.93062 1.93103
1.57676 1.5784 1.57676
1.20645 1.21599 1.20645
0.817919 0.816533 0.817922
0.396918 0.390839 0.396918
-0.0646897 -0.0663238 -0.0646927
-0.54721 -0.543025 -0.547212
-1.02312 -1.01584 -1.02312
-1.49179 -1.486 -1.49178
-1.96938 -1.97059 -1.96937
-2.41108 -2.42285 -2.41108
-2.76734 -2.77889 -2.76735
-3.02829 -3.02419 -3.0283
-3.21844 -3.21645 -3.21844
-3.32593 -3.32628 -3.32592
-3.30382 -3.29734 -3.30381
-3.12362 -3.1242 -3.12362
-2.83938 -2.84572 -2.83938
-2.51162 -2.51526 -2.51162
-2.14164 -2.14091 -2.14165
-1.72621 -1.72556 -1.72621
-1.29277 -1.29288 -1.29277
-0.864519 -0.864511 -0.864517
-0.487747 -0.488046 -0.487747
-0.214813 -0.215233 -0.214814
-0.0117751 -0.011961 -0.0117765
0.194224 0.194305 0.194224
0.41318 0.413815 0.413181
0.603312 0.603438 0.603313
0.73274 0.732598 0.732741
0.811221 0.811689 0.811221
0.853575 0.854132 0.853575
0.847053 0.847222 0.847053
0.763476 0.763408 0.763476
0.583243 0.583604 0.583243
0.314584 0.314842 0.314584
-0.0448654 -0.044981 -0.0448653
-0.499249 -0.499559 -0.499249
-0.998754 -0.998896 -0.998754
-1.48762 -1.48833 -1.48762
-1.93153 -1.93234 -1.93153
-2.29578 -2.29657 -2.29578
-2.56767 -2.5685 -2.56767
-2.74105 -2.74199 -2.74105
-2.83081 -2.83182 -2.83081
-2.86379 -2.86473 -2.86379
-2.87014 -2.87111 -2.87014
-2.85904 -2.86003 -2.85904
-2.83006 -2.83103 -2.83006
-2.78867 -2.79005 -2.78867
-2.72591 -2.72694 -2.72592
-2.62773 -2.62858 -2.62773
-2.52336 -2.5243 -2.52336
-2.43703 -2.43799 -2.43703
-2.34944 -2.3504 -2.34944
-2.21631 -2.21723 -2.21631
-2.01228 -2.01331 -2.01228
-1.76485 -1.76525 -1.76485
-1.4843 -1.48479 -1.4843
-1.17964 -1.18031 -1.17965
-0.886941 -0.887189 -0.886941
-0.656802 -0.657251 -0.656803
-0.550385 -0.550384 -0.550385
-0.577351 -0.577479 -0.577351
-0.706289 -0.70647 -0.706289
-0.870161 -0.870405 -0.870161
-1.00898 -1.00939 -1.00898
-1.10413 -1.10469 -1.10413
-1.16516 -1.16443 -1.16516
-1.16954 -1.16998 -1.16954
-1.09709 -1.10177 -1.09709
-0.93752 -0.942099 -0.937522
-0.691923 -0.681426 -0.691924
-0.310292 -0.299107 -0.310287
0.222365 0.214301 0.22237
0.829822 0.822287 0.829821
1.4316 1.43053 1.43159
1.98179 1.98067 1.98178
2.47086 2.47013 2.47086
2.88683 2.89405 2.88683
3.22607 3.23223 3.22608
3.46302 3.46418 3.46302
3.60101 3.60001 3.60101
3.66794 3.66822 3.66794
3.66868 3.67045 3.66867
3.59461 3.59609 3.59461
3.45303 3.45371 3.45303
3.2548 3.25547 3.2548
3.01354 3.01441 3.01354
2.73632 2.73711 2.73632
2.43361 2.43408 2.43361
2.10935 2.1098 2.10935
1.75907 1.75977 1.75907
1.40565 1.40602 1.40565
1.0736 1.07362 1.0736
0.791409 0.791627 0.79141
0.588314 0.588842 0.588314
0.456152 0.456448 0.456152
0.377265 0.377362 0.377265
0.334362 0.334739 0.334362
0.323287 0.323701 0.323287
0.330548 0.331106 0.330548
0.324226 0.324653 0.324226
0.290485 0.291148 0.290486
0.24113 0.24199 0.241131
0.188534 0.189174 0.188534
0.136614 0.136812 0.136614
0.088755 0.0885867 0.088755
0.00875938 0.00806166 0.00875907
-0.142845 -0.146088 -0.142846
-0.282788 -0.282894 -0.282789
-0.302685 -0.302002 -0.302686
-0.355881 -0.355778 -0.355881
-0.571846 -0.571923 -0.571846
-0.812917 -0.813299 -0.812917
-0.960133 -0.960255 -0.960133
-1.09792 -1.09837 -1.09792
-1.25887 -1.26033 -1.25887
-1.40073 -1.40116 -1.40073
-1.45092 -1.45053 -1.45093
-1.41107 -1.41151 -1.41107
-1.33632 -1.33683 -1.33632
-1.25244 -1.25269 -1.25244
-1.19031 -1.19062 -1.19031
-1.14692 -1.14725 -1.14692
-1.11048 -1.11086 -1.11048
-1.09478 -1.09501 -1.09478
-1.15726 -1.15746 -1.15726
-1.30769 -1.30796 -1.30769
-1.50428 -1.5048 -1.50428
-1.68882 -1.68931 -1.68882
-1.83311 -1.83355 -1.83311
-1.9137 -1.91391 -1.9137
-1.88764 -1.8883 -1.88764
-1.75515 -1.75599 -1.75515
-1.54049 -1.54049 -1.5405
-1.28068 -1.28217 -1.28068
-1.01154 -1.0123 -1.01154
-0.744806 -0.744142 -0.744806
-0.519345 -0.519358 -0.519345
-0.367054 -0.367334 -0.367054
-0.28215 -0.283737 -0.28215
-0.245177 -0.245794 -0.245177
-0.229336 -0.232725 -0.229337
-0.189282 -0.189071 -0.189283
-0.0744654 -0.0722009 -0.0744653
0.108173 0.109836 0.108175
0.313012 0.314125 0.313014
0.53336 0.533948 0.53336
0.725908 0.725896 0.725908
0.863102 0.863696 0.863102
0.940951 0.941562 0.94095
0.93687 0.937208 0.93687
0.85689 0.857052 0.85689
0.724803 0.725081 0.724803
0.56199 0.561959 0.56199
0.399873 0.400168 0.399872
0.238925 0.238798 0.238925
0.0929782 0.0929034 0.0929782
-0.0283213 -0.0282736 -0.0283212
-0.116168 -0.116193 -0.116168
-0.166777 -0.167055 -0.166777
-0.207858 -0.207943 -0.207858
-0.267258 -0.267283 -0.267258
-0.332391 -0.332449 -0.332391
-0.364025 -0.364303 -0.364025
-0.359874 -0.360191 -0.359874
-0.312406 -0.312458 -0.312406
-0.206703 -0.206695 -0.206703
-0.0314167 -0.031473 -0.0314167
0.200377 0.200274 0.200377
0.442324 0.442322 0.442324
0.672717 0.67297 0.672717
0.89546 0.895758 0.89546
1.0963 1.09657 1.0963
1.24682 1.24727 1.24683
1.36092 1.36137 1.36092
1.44018 1.44125 1.44018
1.49939 1.5012 1.49939
1.53741 1.53734 1.53741
1.55174 1.55132 1.55174
1.55506 1.5551 1.55506
1.56402 1.56446 1.56402
1.58198 1.58236 1.58198
1.59489 1.59509 1.59489
1.59708 1.59747 1.59708
1.60043 1.60074 1.60043
1.62017 1.62046 1.62017
1.64243 1.64285 1.64244
1.65646 1.65683 1.65646
1.69868 1.69963 1.69868
1.74994 1.75191 1.74994
1.80409 1.80428 1.80409
1.84774 1.84728 1.84774
1.87431 1.87466 1.87431
1.90283 1.90354 1.90283
1.90799 1.90854 1.90799
1.87626 1.87648 1.87626
1.81875 1.81924 1.81875
1.78166 1.78164 1.78166
1.75976 1.75993 1.75976
1.72649 1.72675 1.72649
1.67273 1.67313 1.67273
1.6038 1.60424 1.6038
1.498 1.49973 1.498
1.34369 1.34548 1.34369
1.12976 1.13292 1.12976
0.853675 0.858584 0.853677
0.570209 0.573158 0.570211
0.281999 0.271278 0.281998
-0.042409 -0.048262 -0.0424136
-0.361989 -0.357155 -0.361993
-0.631748 -0.630498 -0.631748
-0.841778 -0.842924 -0.841775
-1.01974 -1.01496 -1.01974
-1.17571 -1.16666 -1.1757
-1.29757 -1.30462 -1.29757
-1.40864 -1.41728 -1.40864
-1.52057 -1.52205 -1.52058
-1.62127 -1.61594 -1.62127
-1.67398 -1.67291 -1.67398
-1.70688 -1.70982 -1.70688
-1.74529 -1.74747 -1.74529
-1.78747 -1.78813 -1.78748
-1.82635 -1.82611 -1.82635
-1.83644 -1.83692 -1.83644
-1.82626 -1.82728 -1.82626
-1.79057 -1.79155 -1.79057
-1.70072 -1.70134 -1.70072
-1.5661 -1.56661 -1.56611
-1.39004 -1.39056 -1.39004
-1.16781 -1.16825 -1.16781
-0.936797 -0.937094 -0.936797
-0.706498 -0.706787 -0.706498
-0.474366 -0.474572 -0.474366
-0.265196 -0.265317 -0.265196
-0.0950646 -0.0951584 -0.0950647
0.0739096 0.0739238 0.0739095
0.217331 0.217462 0.217331
0.335531 0.335655 0.335531
0.451911 0.452011 0.451911
0.547704 0.547897 0.547704
0.597202 0.597436 0.597202
0.585775 0.586069 0.585776
0.521624 0.521815 0.521624
0.412955 0.413055 0.412955
0.276357 0.276446 0.276357
0.124296 0.124341 0.124296
-0.0245883 -0.0246508 -0.0245883
-0.151959 -0.152009 -0.151959
-0.257492 -0.257571 -0.257492
-0.329688 -0.329838 -0.329688
-0.390503 -0.390665 -0.390503
-0.459101 -0.459331 -0.459101
-0.53179 -0.53196 -0.53179
-0.61644 -0.616601 -0.61644
-0.723566 -0.723854 -0.723566
-0.858196 -0.858531 -0.858196
-1.00453 -1.00483 -1.00453
-1.1449 -1.14531 -1.1449
-1.27213 -1.2726 -1.27213
-1.38823 -1.38873 -1.38823
-1.50991 -1.51043 -1.50991
-1.63962 -1.64017 -1.63962
-1.76754 -1.76815 -1.76754
-1.87315 -1.87381 -1.87315
-1.96806 -1.96893 -1.96806
-2.04818 -2.04897 -2.04818
-2.11054 -2.11129 -2.11054
-2.16017 -2.16102 -2.16018
-2.18947 -2.19031 -2.18947
-2.19503 -2.19577 -2.19503
-2.17085 -2.17176 -2.17085
-2.0963 -2.0971 -2.0963
-1.95298 -1.95387 -1.95298
-1.77344 -1.7741 -1.77344
-1.5687 -1.56919 -1.5687
-1.34517 -1.3458 -1.34517
-1.1135 -1.11386 -1.1135
-0.907334 -0.907514 -0.907334
-0.727158 -0.72757 -0.727159
-0.539051 -0.539684 -0.539051
-0.32213 -0.322081 -0.32213
-0.0941073 -0.0938541 -0.0941073
0.105274 0.105151 0.105274
0.268253 0.268294 0.268253
0.39491 0.394897 0.39491
0.495096 0.495623 0.495096
0.563502 0.563567 0.563502
0.567454 0.567931 0.567454
0.517198 0.517436 0.517198
0.42401 0.424166 0.42401
0.290074 0.289999 0.290074
0.109209 0.109284 0.109209
-0.110407 -0.110592 -0.110407
-0.348552 -0.348875 -0.348552
-0.577353 -0.579029 -0.577354
-0.788375 -0.789301 -0.788376
-0.970873 -0.973609 -0.970874
-1.11406 -1.11222 -1.11406
-1.20368 -1.19402 -1.20368
-1.22415 -1.22254 -1.22414
-1.20027 -1.20711 -1.20027
-1.13814 -1.14211 -1.13814
-1.04548 -1.0457 -1.04549
-0.929676 -0.92971 -0.929678
-0.799436 -0.80601 -0.799437
-0.66725 -0.664844 -0.66725
-0.542008 -0.534565 -0.542006
-0.421392 -0.418624 -0.421389
-0.294993 -0.296332 -0.294991
-0.140444 -0.142427 -0.140445
0.0455177 0.0456615 0.0455154
0.262434 0.262682 0.262432
0.507942 0.508008 0.507942
0.788612 0.788397 0.788613
1.08664 1.08635 1.08664
1.36114 1.36175 1.36114
1.58357 1.58402 1.58357
1.75934 1.76029 1.75934
1.90573 1.91609 1.90573
2.00711 2.00885 2.00711
2.04019 2.03571 2.04019
2.00399 2.00149 2.00399
1.91791 1.91906 1.91791
1.81227 1.81415 1.81227
1.72229 1.72259 1.72229
1.60521 1.60477 1.60521
1.42804 1.42793 1.42804
1.25313 1.25332 1.25313
1.1076 1.10774 1.1076
0.988281 0.988444 0.98828
0.927845 0.927916 0.927845
0.949416 0.949475 0.949417
0.991285 0.991359 0.991286
1.0118 1.01188 1.0118
1.02087 1.02094 1.02087
1.02731 1.02737 1.02731
1.03228 1.03233 1.03228
1.02233 1.02238 1.02233
1.01749 1.01745 1.01749
1.05446 1.05455 1.05446
1.10888 1.10899 1.10888
1.14748 1.14754 1.14748
1.09002 1.09005 1.09002
0.979024 0.979061 0.979024
0.900813 0.901566 0.900813
0.848233 0.848471 0.848233
0.768399 0.768387 0.768399
0.695084 0.695089 0.695084
0.652477 0.652639 0.652477
0.61573 0.615828 0.61573
0.580049 0.580223 0.580049
0.550614 0.550754 0.550614
0.518582 0.518679 0.518583
0.502767 0.502876 0.502767
0.522765 0.522885 0.522765
0.539824 0.539919 0.539824
0.518717 0.518833 0.518717
0.470065 0.470164 0.470065
0.429863 0.429942 0.429863
0.407963 0.408089 0.407963
0.386981 0.386949 0.386981
0.345451 0.345415 0.345451
0.288385 0.288534 0.288385
0.235365 0.23558 0.235365
0.190376 0.190404 0.190377
0.14032 0.140236 0.14032
0.0926686 0.0925404 0.0926685
0.0721081 0.0720458 0.072108
0.0913626 0.0914827 0.0913625
0.153819 0.153913 0.153819
0.259278 0.259266 0.259278
0.400435 0.400159 0.400435
0.562563 0.56271 0.562563
0.729055 0.729424 0.729055
0.898129 0.898176 0.898129
1.0624 1.06225 1.06241
1.20083 1.20097 1.20083
1.30253 1.30298 1.30253
1.38278 1.38356 1.38278
1.47272 1.47625 1.47272
1.5608 1.5611 1.5608
1.62021 1.61884 1.62021
1.63007 1.62975 1.63007
1.59112 1.59173 1.59112
1.51188 1.51273 1.51188
1.40947 1.40958 1.40947
1.29323 1.29372 1.29323
1.16425 1.16551 1.16425
1.02934 1.03161 1.02934
0.889888 0.892888 0.889889
0.74707 0.749997 0.747072
0.594086 0.596132 0.594088
0.443942 0.440587 0.443942
0.290827 0.282355 0.290824
0.134385 0.132345 0.134381
-0.0207912 -0.0162584 -0.0207929
-0.166845 -0.167037 -0.166843
-0.298637 -0.300799 -0.298635
-0.421973 -0.416186 -0.421971
-0.534466 -0.526377 -0.534463
-0.64059 -0.64695 -0.640589
-0.769271 -0.775861 -0.769274
-0.897814 -0.897577 -0.897818
-0.996485 -0.994484 -0.996487
-1.06858 -1.06614 -1.06858
-1.12188 -1.12315 -1.12188
-1.17561 -1.17737 -1.17561
-1.22321 -1.22427 -1.22321
-1.26195 -1.26165 -1.26195
-1.28181 -1.28217 -1.28181
-1.29245 -1.29301 -1.29245
-1.29956 -1.30021 -1.29956
-1.29575 -1.29634 -1.29575
-1.26445 -1.26478 -1.26445
-1.20104 -1.20133 -1.20104
-1.12428 -1.12501 -1.12428
-1.05788 -1.05834 -1.05788
-1.00929 -1.00955 -1.00929
-0.973735 -0.974019 -0.973735
-0.953933 -0.954261 -0.953933
-0.956184 -0.956487 -0.956185
-0.970823 -0.971188 -0.970823
-0.986136 -0.986513 -0.986136
-1.00678 -1.00717 -1.00678
-1.04499 -1.04533 -1.04499
-1.10785 -1.10816 -1.10785
-1.1905 -1.19091 -1.1905
-1.29084 -1.2913 -1.29084
-1.38956 -1.39003 -1.38956
-1.47361 -1.47409 -1.47361
-1.53959 -1.5401 -1.53959
-1.59142 -1.59195 -1.59142
-1.62803 -1.62859 -1.62804
-1.6475 -1.64804 -1.6475
-1.64854 -1.64934 -1.64854
-1.63409 -1.63476 -1.63409
-1.60883 -1.60937 -1.60883
-1.57881 -1.57937 -1.57881
-1.54031 -1.54092 -1.54031
-1.50079 -1.50139 -1.50079
-1.46734 -1.46786 -1.46734
-1.4407 -1.44129 -1.4407
-1.41291 -1.41351 -1.41291
-1.37416 -1.37466 -1.37416
-1.31943 -1.3198 -1.31943
-1.2572 -1.25765 -1.2572
-1.19197 -1.19252 -1.19197
-1.1177 -1.11822 -1.1177
-1.04347 -1.04413 -1.04347
-0.961174 -0.961372 -0.961174
-0.878517 -0.878603 -0.878517
-0.81346 -0.813967 -0.81346
-0.764984 -0.765295 -0.764984
-0.710714 -0.711016 -0.710714
-0.636803 -0.637279 -0.636803
-0.548141 -0.547839 -0.548141
-0.519489 -0.519845 -0.519489
-0.50358 -0.503652 -0.50358
-0.423982 -0.424364 -0.423982
-0.325907 -0.325942 -0.325907
-0.260363 -0.260456 -0.260363
-0.204693 -0.203963 -0.204693
-0.138471 -0.138302 -0.138471
-0.0717522 -0.0744322 -0.0717524
-0.0143417 -0.0179832 -0.0143431
0.035769 0.0357488 0.0357672
0.0731678 0.0835699 0.0731688
0.110018 0.116826 0.110023
0.14373 0.137327 0.143734
0.170279 0.163876 0.170278
0.183141 0.183559 0.183136
0.204075 0.205879 0.204072
0.249855 0.247968 0.249856
0.313597 0.308799 0.313598
0.381295 0.384291 0.381295
0.457825 0.463621 0.457826
0.534244 0.53651 0.534246
0.611187 0.61067 0.611189
0.67681 0.675766 0.676809
0.735615 0.735893 0.735614
0.800921 0.8017 0.800921
0.857051 0.857623 0.857052
0.895182 0.894904 0.895182
0.933727 0.933707 0.933728
0.988712 0.988834 0.988712
1.04939 1.0499 1.04939
1.109 1.10922 1.109
1.15522 1.15526 1.15522
1.18809 1.18859 1.1881
1.20996 1.21035 1.20996
1.22194 1.22222 1.22194
1.23057 1.23092 1.23057
1.23665 1.23737 1.23665
1.23134 1.23474 1.23134
1.21969 1.22033 1.21969
1.21298 1.21163 1.21298
1.21669 1.2162 1.21669
1.23283 1.23327 1.23283
1.26833 1.26882 1.26833
1.3187 1.31882 1.3187
1.36594 1.36588 1.36594
1.38079 1.38074 1.38079
1.37721 1.37744 1.37721
1.37114 1.3714 1.37114
1.35908 1.35947 1.35908
1.33501 1.33525 1.33501
1.30142 1.30161 1.30142
1.25753 1.25752 1.25753
1.20747 1.20772 1.20747
1.1423 1.1426 1.1423
1.06409 1.06432 1.06409
0.978161 0.978345 0.978161
0.884118 0.884371 0.884118
0.8076 0.807795 0.8076
0.757406 0.757696 0.757406
0.724474 0.72659 0.724474
0.69378 0.693987 0.693781
0.659997 0.659074 0.659997
0.631803 0.631531 0.631803
0.614752 0.615245 0.614752
0.605358 0.6056 0.605358
0.603668 0.603596 0.603668
0.609357 0.60935 0.609357
0.62319 0.623295 0.62319
0.643739 0.64363 0.643739
0.671838 0.67227 0.671838
0.705229 0.705222 0.705229
0.742942 0.743307 0.742942
0.782782 0.783262 0.782782
0.821324 0.821897 0.821325
0.854699 0.855685 0.854699
0.890745 0.891607 0.890745
0.931078 0.932708 0.931078
0.959347 0.961589 0.959348
0.960178 0.96234 0.960179
0.934415 0.934849 0.934416
0.890667 0.883846 0.890666
0.830064 0.828408 0.830061
0.761687 0.764225 0.761686
0.689673 0.692538 0.689674
0.614363 0.61222 0.614365
0.534871 0.533579 0.534872
0.452707 0.45421 0.452706
0.348929 0.359086 0.34893
0.235569 0.238548 0.235572
0.114245 0.106558 0.114247
-0.0253174 -0.0310397 -0.0253203
-0.175766 -0.175553 -0.17577
-0.325731 -0.320724 -0.325733
-0.470708 -0.469759 -0.470706
-0.620873 -0.623415 -0.62087
-0.792295 -0.793667 -0.792295
-0.967669 -0.967797 -0.96767
-1.1346 -1.13438 -1.1346
-1.28948 -1.28993 -1.28948
-1.43683 -1.43783 -1.43683
-1.58873 -1.58958 -1.58873
-1.73588 -1.7363 -1.73588
-1.87219 -1.8727 -1.87219
-2.00032 -2.00138 -2.00032
-2.10831 -2.10928 -2.10831
-2.19082 -2.19158 -2.19082
-2.25342 -2.25411 -2.25342
-2.28685 -2.28753 -2.28685
-2.28979 -2.29076 -2.2898
-2.27833 -2.27924 -2.27833
-2.2566 -2.25739 -2.2566
-2.22479 -2.22555 -2.22479
-2.18133 -2.18211 -2.18133
-2.12709 -2.12787 -2.12709
-2.05455 -2.0553 -2.05455
-1.96693 -1.96786 -1.96693
-1.86612 -1.86682 -1.86612
-1.76208 -1.76268 -1.76208
-1.66432 -1.66494 -1.66432
-1.57132 -1.57198 -1.57132
-1.49247 -1.49296 -1.49247
-1.42436 -1.42482 -1.42436
-1.36145 -1.36206 -1.36145
-1.30898 -1.30954 -1.30898
-1.26633 -1.267 -1.26633
-1.23276 -1.23327 -1.23276
-1.20041 -1.20067 -1.20041
-1.16289 -1.16319 -1.16289
-1.11808 -1.11873 -1.11808
-1.06531 -1.06585 -1.06531
-1.00116 -1.00161 -1.00116
-0.924733 -0.924926 -0.924733
-0.8391 -0.839306 -0.8391
-0.742427 -0.742981 -0.742427
-0.641496 -0.641615 -0.641496
-0.542214 -0.542455 -0.542214
-0.439964 -0.440184 -0.439964
-0.331749 -0.33207 -0.331749
-0.222775 -0.222851 -0.222775
-0.122243 -0.122038 -0.122243
-0.0260675 -0.0270703 -0.0260676
0.0642219 0.0601064 0.064221
0.158538 0.158179 0.158536
0.249174 0.258671 0.249175
0.339895 0.348365 0.3399
0.427159 0.421397 0.427163
0.511425 0.50446 0.511424
0.605501 0.606148 0.605497
0.701948 0.705009 0.701945
0.789515 0.789661 0.789516
0.888987 0.884583 0.888989
0.933313 0.931209 0.933313
0.857854 0.862927 0.857853
0.799634 0.804115 0.799635
0.83601 0.836275 0.836012
0.833064 0.832216 0.833066
0.759904 0.759842 0.759904
0.691969 0.692427 0.691968
0.654791 0.655499 0.654791
0.61774 0.618011 0.61774
0.562216 0.562217 0.562217
0.51041 0.510197 0.51041
0.481588 0.481754 0.481588
0.480472 0.480502 0.480472
0.494366 0.494443 0.494366
0.491393 0.491584 0.491393
0.461527 0.461627 0.461527
0.44902 0.44896 0.449021
0.482741 0.48279 0.482741
0.5338 0.533962 0.5338
0.587853 0.588177 0.587853
0.651264 0.651357 0.651264
0.722324 0.722375 0.722324
0.783833 0.784108 0.783833
0.82051 0.820947 0.82051
0.851661 0.85443 0.851661
0.895146 0.895712 0.895147
0.932637 0.931639 0.932637
0.959836 0.959542 0.959835
0.980895 0.981112 0.980894
0.993634 0.994011 0.993634
1.0032 1.00334 1.0032
0.99761 0.997607 0.997611
0.983143 0.983159 0.983143
0.973798 0.973899 0.973798
0.971769 0.971892 0.971769
0.965011 0.965102 0.965011
0.9477 0.947769 0.9477
0.922841 0.923163 0.922841
0.901214 0.90139 0.901214
0.875163 0.875255 0.875163
0.836951 0.837051 0.836951
0.796678 0.796797 0.796678
0.761371 0.76155 0.761371
0.716522 0.716655 0.716522
0.651266 0.651361 0.651266
0.593968 0.593968 0.593968
0.553531 0.553892 0.553531
0.536279 0.53647 0.536279
0.533948 0.533912 0.533948
0.534873 0.535215 0.534873
0.535732 0.537303 0.535732
0.536515 0.536615 0.536515
0.529914 0.529138 0.529914
0.519146 0.519006 0.519146
0.515974 0.516495 0.515974
0.520564 0.520762 0.520564
0.542662 0.542649 0.542662
0.581513 0.581358 0.581513
0.615345 0.615517 0.615345
0.631124 0.631392 0.631124
0.627245 0.627258 0.627245
0.611755 0.611605 0.611755
0.594105 0.59438 0.594105
0.576368 0.57657 0.576368
0.559892 0.560007 0.559892
0.54232 0.5428 0.54232
0.524658 0.525043 0.524659
0.509157 0.509452 0.509157
0.487647 0.488343 0.487647
0.45359 0.454305 0.45359
0.410034 0.411228 0.410034
0.354712 0.356057 0.354712
0.283115 0.284444 0.283116
0.198893 0.199599 0.198894
0.110034 0.105977 0.110034
0.0231622 0.0208792 0.0231603
-0.0568068 -0.0559785 -0.0568084
-0.128575 -0.127378 -0.128575
-0.19145 -0.19092 -0.191448
-0.245664 -0.246051 -0.245663
-0.297965 -0.299638 -0.297966
-0.345525 -0.346475 -0.345526
-0.39563 -0.394167 -0.395631
-0.447589 -0.447199 -0.447589
-0.508071 -0.506346 -0.50807
-0.583432 -0.577969 -0.58343
-0.651802 -0.652365 -0.6518
-0.716034 -0.721276 -0.716034
-0.777684 -0.780154 -0.777686
-0.826205 -0.825501 -0.826208
-0.857117 -0.856533 -0.857117
-0.865009 -0.865795 -0.865008
-0.851912 -0.852915 -0.851911
-0.831486 -0.830976 -0.831486
-0.812991 -0.81312 -0.812991
-0.799327 -0.799705 -0.799328
-0.776911 -0.777733 -0.776911
-0.745227 -0.745535 -0.745228
-0.715265 -0.715315 -0.715265
-0.691653 -0.691853 -0.691653
-0.670405 -0.670871 -0.670405
-0.645575 -0.645889 -0.645575
-0.617894 -0.617963 -0.617894
-0.596854 -0.597077 -0.596854
-0.595069 -0.59536 -0.595069
-0.613125 -0.613384 -0.613125
-0.627434 -0.627663 -0.627434
-0.627674 -0.627906 -0.627674
-0.623292 -0.623538 -0.623292
-0.627674 -0.627927 -0.627675
-0.638431 -0.638678 -0.638431
-0.640554 -0.6408 -0.640554
-0.626552 -0.626831 -0.626552
-0.59687 -0.597086 -0.59687
-0.557901 -0.558092 -0.557901
-0.51969 -0.519893 -0.519691
-0.481594 -0.481807 -0.481594
-0.441481 -0.44166 -0.441481
-0.393479 -0.393627 -0.393479
-0.340895 -0.340975 -0.340895
-0.284405 -0.284623 -0.284405
-0.23218 -0.232274 -0.23218
-0.181343 -0.181357 -0.181343
-0.13627 -0.136314 -0.13627
-0.0944304 -0.0944875 -0.0944304
-0.062931 -0.062966 -0.062931
-0.051516 -0.0515285 -0.051516
-0.0590364 -0.0590488 -0.0590364
-0.0839724 -0.0840017 -0.0839724
-0.123489 -0.123532 -0.123489
-0.174007 -0.174084 -0.174007
-0.225829 -0.225925 -0.22583
-0.265232 -0.265365 -0.265232
-0.308863 -0.308982 -0.308863
-0.374179 -0.374124 -0.374179
-0.421769 -0.421923 -0.421769
-0.42969 -0.430248 -0.42969
-0.430663 -0.430828 -0.430663
-0.435011 -0.435007 -0.435011
-0.44157 -0.441698 -0.44157
-0.462984 -0.463125 -0.462984
-0.494036 -0.494208 -0.494036
-0.515298 -0.515825 -0.515298
-0.536832 -0.537066 -0.536832
-0.604766 -0.604776 -0.604766
-0.704038 -0.704235 -0.704038
-0.774673 -0.775393 -0.774673
-0.816466 -0.816273 -0.816466
-0.857637 -0.857492 -0.857637
-0.893074 -0.893967 -0.893074
-0.91777 -0.919138 -0.91777
-0.947585 -0.948131 -0.947585
-0.955313 -0.955841 -0.955313
-0.923308 -0.924123 -0.923309
-0.871432 -0.873176 -0.871432
-0.822897 -0.823586 -0.822897
-0.761342 -0.758939 -0.761342
-0.690649 -0.685969 -0.690647
-0.621583 -0.618616 -0.621581
-0.544242 -0.54762 -0.54424
-0.468453 -0.471134 -0.468455
-0.391738 -0.393752 -0.391741
-0.313283 -0.312202 -0.313285
-0.237088 -0.235563 -0.237088
-0.173377 -0.173019 -0.173375
-0.121034 -0.123166 -0.121033
-0.0654639 -0.068098 -0.0654649
-0.0185696 -0.0210774 -0.0185721
0.0166256 0.019654 0.0166241
0.0541043 0.0578609 0.0541056
0.0990728 0.10026 0.0990757
0.152521 0.151832 0.152522
0.205408 0.205011 0.205408
0.253728 0.254449 0.253727
0.29977 0.300227 0.299769
0.351996 0.352278 0.351997
0.412418 0.412219 0.412418
0.482826 0.482632 0.482826
0.556711 0.55684 0.556711
0.630128 0.630044 0.630127
0.703072 0.703262 0.703072
0.777957 0.778165 0.777957
0.850976 0.850965 0.850976
0.91845 0.918599 0.91845
0.976537 0.976923 0.976537
1.02998 1.03024 1.02998
1.07542 1.07602 1.07542
1.10917 1.11237 1.10917
1.12589 1.12633 1.1259
1.12535 1.12412 1.12535
1.11323 1.11306 1.11323
1.09763 1.09788 1.09763
1.08398 1.08441 1.08398
1.06582 1.06598 1.06582
1.03969 1.03969 1.03969
1.01739 1.01745 1.01739
1.01838 1.01851 1.01838
1.04099 1.04101 1.04099
1.07519 1.07538 1.07519
1.11381 1.11403 1.11381
1.15187 1.15201 1.15187
1.1929 1.19315 1.1929
1.23236 1.23261 1.23236
1.26378 1.26401 1.26378
1.27657 1.27679 1.27657
1.27299 1.27298 1.27299
1.2653 1.26554 1.2653
1.26205 1.26236 1.26205
1.24745 1.24772 1.24745
1.21264 1.21274 1.21264
1.16458 1.16453 1.16458
1.10841 1.10915 1.10841
1.04688 1.04685 1.04688
0.974553 0.975056 0.974553
0.896001 0.898585 0.896002
0.827131 0.827279 0.827132
0.773156 0.772067 0.773156
0.728507 0.728037 0.728506
0.692749 0.693002 0.692748
0.667301 0.667794 0.667301
0.649502 0.649646 0.649502
0.633397 0.633149 0.633397
0.60981 0.609906 0.60981
0.578407 0.578675 0.578407
0.548988 0.549758 0.548988
0.522821 0.523352 0.522821
0.494355 0.495073 0.494355
0.466758 0.467523 0.466759
0.430717 0.432265 0.430718
0.381199 0.383058 0.3812
0.320802 0.322973 0.320803
0.25108 0.249696 0.25108
0.173677 0.167489 0.173676
0.092477 0.0918992 0.0924743
0.0219866 0.0243033 0.0219854
-0.0336935 -0.0316125 -0.0336922
-0.0824751 -0.0834719 -0.082473
-0.13018 -0.133124 -0.13018
-0.176649 -0.175994 -0.17665
-0.21498 -0.213051 -0.214981
-0.259982 -0.252583 -0.25998
-0.289174 -0.287069 -0.289171
-0.297202 -0.303241 -0.2972
-0.304317 -0.308563 -0.30432
-0.323191 -0.322608 -0.323195
-0.342081 -0.340834 -0.342082
-0.350468 -0.349653 -0.350467
-0.355619 -0.356127 -0.355617
-0.377486 -0.378375 -0.377486
-0.41497 -0.415165 -0.414971
-0.462989 -0.462936 -0.46299
-0.521316 -0.521447 -0.521317
-0.586121 -0.586508 -0.58612
-0.662041 -0.662397 -0.662041
-0.756412 -0.756773 -0.756412
-0.859237 -0.859331 -0.859237
-0.940761 -0.941251 -0.940761
-1.00834 -1.00899 -1.00834
-1.07205 -1.0724 -1.07205
-1.13212 -1.13251 -1.13212
-1.1803 -1.18055 -1.1803
-1.21133 -1.21191 -1.21133
-1.2274 -1.22794 -1.2274
-1.23198 -1.23244 -1.23198
-1.22879 -1.22928 -1.22879
-1.22332 -1.22384 -1.22332
-1.22292 -1.22333 -1.22292
-1.21916 -1.21958 -1.21916
-1.21119 -1.21163 -1.21119
-1.20074 -1.20121 -1.20074
-1.18708 -1.18752 -1.18708
-1.17349 -1.17389 -1.17349
-1.16746 -1.16787 -1.16746
-1.16255 -1.16298 -1.16255
-1.15364 -1.15412 -1.15364
-1.14302 -1.14347 -1.14302
-1.13318 -1.1336 -1.13319
-1.12573 -1.12615 -1.12573
-1.11383 -1.1143 -1.11383
-1.09864 -1.09905 -1.09864
-1.08185 -1.08225 -1.08185
-1.0577 -1.05814 -1.0577
-1.02304 -1.02353 -1.02304
-0.979949 -0.980353 -0.97995
-0.931717 -0.932015 -0.931718
-0.891067 -0.891425 -0.891067
-0.85924 -0.859544 -0.85924
-0.836931 -0.83714 -0.836931
-0.823339 -0.823779 -0.82334
-0.813593 -0.813937 -0.813593
-0.800964 -0.801403 -0.800964
-0.777173 -0.77752 -0.777173
-0.745532 -0.745578 -0.745532
-0.719217 -0.719598 -0.719217
-0.703267 -0.703548 -0.703267
-0.683225 -0.683658 -0.683225
-0.644074 -0.644301 -0.644074
-0.586265 -0.586196 -0.586265
-0.520774 -0.52134 -0.520774
-0.45532 -0.455486 -0.45532
-0.386262 -0.38661 -0.386262
-0.312665 -0.31288 -0.312665
-0.238776 -0.238342 -0.238776
-0.161966 -0.162223 -0.161966
-0.091866 -0.0938997 -0.0918663
-0.0260186 -0.0280822 -0.0260196
0.0479342 0.0474418 0.0479331
0.123709 0.127554 0.123709
0.182317 0.190384 0.182319
0.226918 0.228439 0.226922
0.255305 0.25075 0.255306
0.271693 0.266895 0.27169
0.28508 0.286469 0.285076
0.301344 0.303812 0.301343
0.318106 0.318691 0.318108
0.332855 0.331555 0.332857
0.348646 0.345325 0.348646
0.365461 0.363341 0.365459
0.385823 0.389082 0.385821
0.409523 0.413122 0.409524
0.432191 0.432825 0.432194
0.444711 0.444473 0.444713
0.447876 0.447618 0.447876
0.448245 0.44879 0.448244
0.448423 0.449012 0.448422
0.453479 0.453456 0.453479
0.466226 0.466439 0.466227
0.491447 0.491531 0.491447
0.527634 0.527764 0.527634
0.569452 0.569476 0.569452
0.612282 0.612447 0.612281
0.656505 0.656457 0.656505
0.692344 0.692497 0.692344
0.713481 0.71374 0.713481
0.723587 0.723818 0.723588
0.717067 0.717067 0.717067
0.686404 0.686533 0.686404
0.655943 0.656159 0.655943
0.645896 0.646091 0.645896
0.642914 0.643156 0.642914
0.635657 0.635792 0.635657
0.629625 0.629719 0.629625
0.627417 0.627535 0.627417
0.606042 0.606283 0.606043
0.572183 0.573207 0.572183
0.558983 0.56039 0.558984
0.570241 0.569947 0.570241
0.588326 0.587452 0.588326
0.601632 0.601587 0.601632
0.613879 0.614326 0.613879
0.633856 0.634122 0.633856
0.664202 0.664378 0.664203
0.694996 0.694903 0.694996
0.720559 0.720507 0.720559
0.731015 0.731098 0.731015
0.730935 0.731058 0.730935
0.736973 0.737053 0.736973
0.744667 0.744858 0.744667
0.738142 0.738263 0.738142
0.712721 0.712809 0.712721
0.676127 0.676204 0.676127
0.63569 0.635793 0.63569
0.598505 0.598692 0.598505
0.572065 0.572327 0.572065
0.556478 0.556557 0.556478
0.549554 0.549526 0.549554
0.548236 0.548148 0.548236
0.544032 0.54423 0.544032
0.540904 0.541518 0.540905
0.546141 0.547383 0.546142
0.556218 0.556008 0.556219
0.560021 0.559541 0.560021
0.559643 0.559671 0.559643
0.565276 0.565668 0.565276
0.581835 0.582091 0.581835
0.60638 0.606432 0.60638
0.63393 0.633783 0.63393
0.657856 0.658048 0.657856
0.681362 0.681448 0.681362
0.699927 0.700288 0.699927
0.708508 0.708402 0.708508
0.702207 0.702207 0.702207
0.682442 0.682671 0.682442
0.649004 0.649342 0.649004
0.604414 0.604479 0.604414
0.552996 0.553407 0.552996
0.496044 0.496169 0.496044
0.436072 0.436656 0.436072
0.379179 0.379794 0.379179
0.328757 0.329165 0.328758
0.281108 0.282 0.281108
0.237143 0.238148 0.237143
0.200632 0.201818 0.200632
0.158162 0.159292 0.158163
0.0998162 0.0985739 0.0998164
0.0365159 0.0326248 0.0365148
-0.0220894 -0.0233051 -0.0220913
-0.0763454 -0.0745443 -0.0763464
-0.134054 -0.132351 -0.134053
-0.201874 -0.201786 -0.201873
-0.271928 -0.273365 -0.271927
-0.331037 -0.332557 -0.331037
-0.376482 -0.376933 -0.376484
-0.419512 -0.41774 -0.419513
-0.470662 -0.470376 -0.470661
-0.524272 -0.523544 -0.524271
-0.562832 -0.558654 -0.56283
-0.580789 -0.578919 -0.580787
-0.591986 -0.596354 -0.591986
-0.612374 -0.615546 -0.612376
-0.63421 -0.634481 -0.634213
-0.647464 -0.646449 -0.647465
-0.652713 -0.652509 -0.652712
-0.654976 -0.656257 -0.654975
-0.659466 -0.660486 -0.659466
-0.667818 -0.666898 -0.667819
-0.670427 -0.670436 -0.670427
-0.672465 -0.672986 -0.672465
-0.675654 -0.676277 -0.675654
-0.677987 -0.678421 -0.677987
-0.677109 -0.677141 -0.67711
-0.670125 -0.670293 -0.670125
-0.656853 -0.657183 -0.656853
-0.638517 -0.638912 -0.638517
-0.62217 -0.622372 -0.622171
-0.605572 -0.605743 -0.605572
-0.588147 -0.588395 -0.588148
-0.574371 -0.574627 -0.574371
-0.560646 -0.560873 -0.560646
-0.5419 -0.542105 -0.5419
-0.516065 -0.516262 -0.516066
-0.483873 -0.484065 -0.483873
-0.44529 -0.445469 -0.44529
-0.397779 -0.397937 -0.397779
-0.346211 -0.346346 -0.346211
-0.295028 -0.295143 -0.295028
-0.250767 -0.250865 -0.250767
-0.220362 -0.220445 -0.220362
-0.20129 -0.201365 -0.20129
-0.192712 -0.192785 -0.192712
-0.19749 -0.197554 -0.19749
-0.214594 -0.214682 -0.214594
-0.241714 -0.241818 -0.241714
-0.289436 -0.289555 -0.289437
-0.362074 -0.362214 -0.362074
-0.442347 -0.442498 -0.442347
-0.512763 -0.512969 -0.512763
-0.562869 -0.56311 -0.56287
-0.598822 -0.599069 -0.598822
-0.626008 -0.626254 -0.626008
-0.642544 -0.642796 -0.642544
-0.645481 -0.645741 -0.645481
-0.630964 -0.631221 -0.630964
-0.601643 -0.601886 -0.601643
-0.573575 -0.573814 -0.573575
-0.546293 -0.546521 -0.546293
-0.515907 -0.516129 -0.515907
-0.487895 -0.487992 -0.487895
-0.470845 -0.471116 -0.470845
-0.463957 -0.464191 -0.463957
-0.458306 -0.458468 -0.458306
-0.448834 -0.448947 -0.448834
-0.433412 -0.433618 -0.433412
-0.413765 -0.414149 -0.413765
-0.3987 -0.398818 -0.3987
-0.39405 -0.394089 -0.39405
-0.392915 -0.393314 -0.392915
-0.393667 -0.393366 -0.393667
-0.398498 -0.398274 -0.398498
-0.410532 -0.411244 -0.410532
-0.422231 -0.423279 -0.422232
-0.427763 -0.428294 -0.427764
-0.428699 -0.428704 -0.4287
-0.425684 -0.426151 -0.425684
-0.415105 -0.41656 -0.415105
-0.394523 -0.3951 -0.394523
-0.367563 -0.365533 -0.367563
-0.33062 -0.328213 -0.330619
-0.284702 -0.281549 -0.2847
-0.230701 -0.231963 -0.2307
-0.180097 -0.182326 -0.180098
-0.131495 -0.131149 -0.131496
-0.0794384 -0.0794896 -0.0794394
-0.0345268 -0.0354633 -0.0345269
-0.00376999 -0.00368016 -0.00376961
0.0147332 0.0153459 0.0147337
0.02776 0.0280879 0.0277604
0.0373136 0.0372984 0.0373137
0.0418721 0.0413388 0.0418718
0.0496515 0.047776 0.0496508
0.0589037 0.0584707 0.0589028
0.0799169 0.0785706 0.0799163
0.115083 0.116898 0.115083
0.154793 0.157161 0.154794
0.190241 0.190511 0.190243
0.223333 0.223052 0.223333
0.264847 0.265111 0.264846
0.311391 0.311879 0.31139
0.348238 0.348501 0.348238
0.37214 0.372336 0.37214
0.389061 0.389215 0.389061
0.403628 0.403799 0.403628
0.416934 0.416937 0.416934
0.427206 0.427401 0.427206
0.432413 0.43252 0.432413
0.436319 0.436347 0.436319
0.456759 0.456867 0.45676
0.48886 0.488987 0.48886
0.514254 0.514316 0.514254
0.524242 0.524172 0.524242
0.52309 0.523305 0.52309
0.521084 0.521324 0.521084
0.52069 0.52071 0.52069
0.522897 0.523026 0.522897
0.525154 0.525234 0.525154
0.527562 0.527628 0.527562
0.526558 0.526728 0.526558
0.523984 0.524174 0.523984
0.516578 0.516708 0.516579
0.503897 0.504019 0.503897
0.491524 0.49166 0.491524
0.479981 0.480118 0.479981
0.474237 0.474356 0.474238
0.475618 0.475747 0.475618
0.485 0.485138 0.485
0.501684 0.501825 0.501684
0.522066 0.522211 0.522066
0.5445 0.544619 0.5445
0.574296 0.574461 0.574296
0.606982 0.607178 0.606982
0.640826 0.641015 0.640826
0.668737 0.668921 0.668737
0.69393 0.694098 0.69393
0.712629 0.712822 0.712629
0.72552 0.725735 0.72552
0.727946 0.728086 0.727946
0.721429 0.72161 0.721429
0.710209 0.710421 0.710209
0.69833 0.698524 0.69833
0.693451 0.693606 0.693451
0.6872 0.687371 0.6872
0.684585 0.684749 0.684585
0.704711 0.704876 0.704711
0.738022 0.738232 0.738022
0.756669 0.756844 0.756669
0.768195 0.768187 0.768195
0.790565 0.790758 0.790565
0.81983 0.820028 0.81983
0.855309 0.855459 0.855309
0.901241 0.901527 0.901241
0.946292 0.946292 0.946293
0.984068 0.984142 0.984068
1.00883 1.00917 1.00883
1.01829 1.01867 1.01829
1.01039 1.01056 1.01039
0.994854 0.995353 0.994854
0.99063 0.99093 0.99063
0.994666 0.99553 0.994666
0.984253 0.985081 0.984253
0.942145 0.942982 0.942145
0.875281 0.876761 0.875282
0.799169 0.801088 0.79917
0.719229 0.721407 0.71923
0.63487 0.632188 0.63487
0.54184 0.538059 0.541838
0.43885 0.437771 0.438848
0.337656 0.340873 0.337655
0.244888 0.246627 0.244889
0.159087 0.157022 0.159089
0.0780467 0.0763412 0.0780467
0.000510637 0.00185793 0.000509529
-0.0716294 -0.0682873 -0.0716296
-0.141581 -0.133198 -0.141579
-0.186531 -0.187397 -0.186528
-0.229199 -0.23673 -0.229199
-0.293038 -0.296678 -0.293042
-0.375905 -0.374645 -0.375909
-0.468989 -0.466101 -0.46899
-0.564616 -0.564606 -0.564614
-0.66899 -0.67073 -0.668988
-0.779309 -0.780371 -0.779309
-0.88272 -0.882754 -0.882721
-0.977397 -0.977268 -0.977398
-1.06382 -1.06437 -1.06382
-1.14322 -1.144 -1.14322
-1.215 -1.21542 -1.215
-1.2703 -1.27065 -1.2703
-1.31033 -1.31108 -1.31033
-1.33709 -1.33768 -1.33709
-1.35038 -1.35087 -1.35038
-1.34834 -1.34872 -1.34834
-1.32943 -1.32988 -1.32943
-1.28982 -1.29046 -1.28982
-1.24534 -1.24584 -1.24534
-1.20894 -1.20935 -1.20894
-1.17901 -1.17946 -1.17901
-1.14974 -1.1502 -1.14974
-1.11426 -1.11473 -1.11426
-1.07513 -1.07552 -1.07513
-1.03749 -1.03784 -1.03749
-1.00149 -1.00185 -1.00149
-0.967101 -0.967471 -0.967101
-0.935006 -0.935358 -0.935006
-0.90612 -0.906452 -0.906121
-0.885465 -0.885818 -0.885465
-0.865288 -0.865624 -0.865288
-0.82732 -0.827635 -0.82732
-0.770869 -0.771166 -0.770869
-0.715428 -0.715707 -0.715428
-0.673485 -0.673741 -0.673485
-0.643478 -0.64379 -0.643479
-0.617657 -0.6179 -0.617657
-0.595401 -0.59563 -0.595401
-0.581917 -0.582127 -0.581917
-0.575367 -0.575579 -0.575367
-0.576063 -0.576294 -0.576063
-0.575555 -0.575843 -0.575555
-0.564772 -0.564954 -0.564772
-0.548635 -0.548702 -0.548635
-0.537816 -0.538094 -0.537816
-0.536119 -0.536401 -0.536119
-0.53879 -0.538982 -0.53879
-0.533262 -0.533497 -0.533262
-0.518357 -0.518756 -0.518357
-0.50382 -0.503915 -0.50382
-0.496007 -0.495965 -0.496008
-0.493271 -0.493557 -0.493271
-0.491469 -0.491841 -0.491469
-0.487105 -0.487256 -0.487105
-0.47698 -0.477161 -0.47698
-0.465923 -0.466083 -0.465923
-0.452142 -0.452212 -0.452142
-0.431359 -0.431682 -0.431359
-0.410332 -0.410672 -0.410332
-0.389575 -0.38954 -0.389576
-0.370438 -0.37078 -0.370438
-0.357116 -0.35741 -0.357116
-0.347141 -0.347327 -0.347141
-0.338915 -0.338554 -0.338915
-0.33057 -0.330793 -0.33057
-0.320241 -0.321889 -0.320241
-0.302807 -0.304228 -0.302807
-0.276055 -0.277267 -0.276056
-0.260286 -0.259645 -0.260287
-0.258685 -0.255212 -0.258685
-0.251515 -0.244143 -0.251512
-0.211823 -0.213621 -0.21182
-0.156081 -0.159696 -0.156081
-0.0873905 -0.0896866 -0.0873933
-0.0122935 -0.0120234 -0.0122964
0.0692253 0.0707786 0.0692248
0.159051 0.159895 0.159053
0.244543 0.244072 0.244545
0.316119 0.313955 0.316119
0.362749 0.361056 0.362748
0.389847 0.388901 0.389845
0.419308 0.422696 0.419307
0.451941 0.454617 0.451943
0.474535 0.474788 0.474537
0.480883 0.480395 0.480883
0.480661 0.480703 0.480661
0.481571 0.482286 0.48157
0.479285 0.479728 0.479284
0.466447 0.466411 0.466447
0.443662 0.443792 0.443663
0.409241 0.409465 0.409241
0.367363 0.367251 0.367363
0.324253 0.324261 0.324253
0.286261 0.286417 0.286261
0.261177 0.261141 0.261177
0.24468 0.24454 0.24468
0.229046 0.229206 0.229046
0.219622 0.219639 0.219622
0.229522 0.229491 0.229522
0.253814 0.253725 0.253814
0.282756 0.282856 0.282756
0.322653 0.322829 0.322653
0.378772 0.378862 0.378772
0.438889 0.438904 0.438889
0.497088 0.497491 0.497088
0.548775 0.551761 0.548776
0.595479 0.595999 0.59548
0.647073 0.645701 0.647074
0.701514 0.701333 0.701513
0.744299 0.744692 0.744298
0.76514 0.765344 0.76514
0.765612 0.765672 0.765612
0.760479 0.760491 0.76048
0.759507 0.759559 0.759507
0.76424 0.764254 0.76424
0.770831 0.770839 0.770831
0.78065 0.780786 0.78065
0.802918 0.803063 0.802919
0.826364 0.826448 0.826364
0.833494 0.833554 0.833494
0.834938 0.835016 0.834938
0.845801 0.845897 0.845801
0.86646 0.866557 0.86646
0.885129 0.885437 0.88513
0.896871 0.897058 0.896872
0.903294 0.903414 0.903294
0.904608 0.904741 0.904608
0.893968 0.894143 0.893968
0.870299 0.870481 0.870299
0.834599 0.834659 0.834599
0.797009 0.797003 0.797009
0.76762 0.76779 0.76762
0.741426 0.741628 0.741426
0.706119 0.706288 0.706119
0.660974 0.660821 0.660974
0.612186 0.612276 0.612186
0.564075 0.564658 0.564075
0.518054 0.517921 0.518054
0.474254 0.474247 0.474254
0.434616 0.435363 0.434616
0.398556 0.400493 0.398556
0.362597 0.362348 0.362598
0.32677 0.325748 0.32677
0.290739 0.290431 0.290738
0.255801 0.256012 0.2558
0.227695 0.228007 0.227695
0.210868 0.210976 0.210869
0.203902 0.203626 0.203902
0.203281 0.20304 0.203281
0.207197 0.207351 0.207197
0.217731 0.218084 0.217731
0.230246 0.230176 0.230246
0.23556 0.235868 0.23556
0.231525 0.231635 0.231525
0.216794 0.216968 0.216794
0.19257 0.19312 0.192571
0.16086 0.16107 0.16086
0.124401 0.124815 0.124401
0.083244 0.084046 0.0832442
0.0364262 0.0371321 0.0364266
-0.0108146 -0.0100347 -0.0108142
-0.049391 -0.0487835 -0.0493906
-0.0782187 -0.078371 -0.0782186
-0.0971332 -0.100133 -0.0971338
-0.109063 -0.109978 -0.109064
-0.114148 -0.114078 -0.114149
-0.109926 -0.109195 -0.109926
-0.0901707 -0.0895664 -0.0901698
-0.0649375 -0.0650333 -0.0649367
-0.0481232 -0.0482184 -0.0481231
-0.0411284 -0.0419476 -0.0411289
-0.0365361 -0.0369219 -0.0365369
-0.0235917 -0.0241654 -0.0235922
-0.0010867 0.000287072 -0.00108656
0.0245578 0.0246457 0.0245585
0.0380665 0.0377071 0.038067
0.0303035 0.0340765 0.0303041
0.0169468 0.0193428 0.016948
0.00199059 0.00178078 0.00199165
-0.0108015 -0.0134738 -0.0108018
-0.0319708 -0.0339639 -0.0319724
-0.0551744 -0.0548642 -0.055176
-0.0606953 -0.0599279 -0.0606955
-0.0564052 -0.0566863 -0.0564043
-0.0665792 -0.0675292 -0.0665785
-0.0845974 -0.0844913 -0.0845974
-0.100066 -0.0989795 -0.100067
-0.115643 -0.11571 -0.115643
-0.14311 -0.143883 -0.14311
-0.17816 -0.178488 -0.17816
-0.219138 -0.219062 -0.219138
-0.270392 -0.270282 -0.270392
-0.335847 -0.336012 -0.335847
-0.406384 -0.406658 -0.406384
-0.472368 -0.472566 -0.472368
-0.529303 -0.529547 -0.529303
-0.577367 -0.577579 -0.577367
-0.615947 -0.616271 -0.615948
-0.640269 -0.640504 -0.640269
-0.654363 -0.654443 -0.654364
-0.668561 -0.668809 -0.668561
-0.685248 -0.685761 -0.685248
-0.69839 -0.698697 -0.69839
-0.709793 -0.709986 -0.709793
-0.72829 -0.728505 -0.72829
-0.757076 -0.757376 -0.757076
-0.786436 -0.786797 -0.786436
-0.808915 -0.809224 -0.808915
-0.825099 -0.825325 -0.825099
-0.840382 -0.840666 -0.840382
-0.857399 -0.85777 -0.857399
-0.87371 -0.874068 -0.87371
-0.884648 -0.88497 -0.884648
-0.887817 -0.888147 -0.887818
-0.888237 -0.888566 -0.888237
-0.892342 -0.892672 -0.892342
-0.906852 -0.907227 -0.906852
-0.926911 -0.927281 -0.926911
-0.956581 -0.956966 -0.956581
-0.990214 -0.9906 -0.990214
-1.01028 -1.01067 -1.01028
-1.00462 -1.00502 -1.00462
-0.973094 -0.973384 -0.973094
-0.922836 -0.923211 -0.922837
-0.864146 -0.864561 -0.864147
-0.800693 -0.801014 -0.800694
-0.730516 -0.730766 -0.730517
-0.661313 -0.661585 -0.661313
-0.602241 -0.602598 -0.602241
-0.562133 -0.562449 -0.562133
-0.53972 -0.539717 -0.53972
-0.517876 -0.517936 -0.517876
-0.490475 -0.490855 -0.490475
-0.467701 -0.468015 -0.467701
-0.455833 -0.455945 -0.455833
-0.448649 -0.44879 -0.448649
-0.437569 -0.437733 -0.437569
-0.420137 -0.420277 -0.420138
-0.400283 -0.400467 -0.400283
-0.378963 -0.379388 -0.378963
-0.349148 -0.34904 -0.349148
-0.310628 -0.311014 -0.310628
-0.271961 -0.271916 -0.271961
-0.236666 -0.237003 -0.236666
-0.207035 -0.206634 -0.207035
-0.182145 -0.182094 -0.182145
-0.160873 -0.162052 -0.160873
-0.143318 -0.144718 -0.143319
-0.126453 -0.127356 -0.126454
-0.11221 -0.112508 -0.112211
-0.10592 -0.105068 -0.105919
-0.10988 -0.10615 -0.109879
-0.123948 -0.118803 -0.123946
-0.139379 -0.141231 -0.139376
-0.164054 -0.166417 -0.164054
-0.192266 -0.194116 -0.192268
-0.220601 -0.220429 -0.220603
-0.235364 -0.234566 -0.235365
-0.235378 -0.234954 -0.235376
-0.22454 -0.224504 -0.224538
-0.201026 -0.201908 -0.201026
-0.156348 -0.15868 -0.156349
-0.0969361 -0.0976484 -0.0969378
-0.0270141 -0.0277973 -0.0270152
0.0497289 0.0520447 0.0497292
0.127612 0.130044 0.127614
0.203278 0.203777 0.20328
0.278813 0.278549 0.278814
0.353137 0.353382 0.353137
0.417529 0.417818 0.417528
0.471314 0.471587 0.471313
0.529585 0.529851 0.529585
0.599566 0.599649 0.599567
0.669593 0.66967 0.669593
0.724904 0.725005 0.724904
0.763772 0.763973 0.763772
0.794783 0.794727 0.794782
0.823766 0.823983 0.823766
0.847443 0.847724 0.847443
0.863007 0.863239 0.863007
0.873471 0.873493 0.873471
0.892189 0.892395 0.892189
0.919918 0.920231 0.919918
0.946687 0.947007 0.946687
0.962936 0.96318 0.962936
0.968499 0.968726 0.968499
0.966113 0.966348 0.966113
0.953437 0.953761 0.953437
0.929604 0.930956 0.929604
0.892127 0.892555 0.892128
0.840365 0.840085 0.840366
0.781506 0.78119 0.781506
0.718882 0.718976 0.718881
0.656899 0.657154 0.656899
0.59646 0.596591 0.596461
0.538892 0.538897 0.538892
0.493151 0.493154 0.493151
0.45893 0.459052 0.45893
0.432787 0.432893 0.432787
0.417947 0.41801 0.417947
0.418474 0.418523 0.418474
0.431042 0.431107 0.431042
0.45214 0.452223 0.45214
0.478594 0.478678 0.478594
0.515253 0.51531 0.515253
0.557927 0.558158 0.557927
0.597422 0.597558 0.597422
0.630502 0.630934 0.630502
0.65311 0.653871 0.653111
0.662204 0.662171 0.662204
0.663812 0.663595 0.663812
0.661791 0.661888 0.661791
0.651485 0.65178 0.651485
0.631287 0.631524 0.631287
0.60466 0.604804 0.60466
0.575147 0.575151 0.575147
0.5497 0.549662 0.5497
0.535795 0.535976 0.535795
0.525521 0.525549 0.525521
0.504903 0.505221 0.504903
0.479482 0.479353 0.479482
0.463993 0.463991 0.463993
0.456069 0.456071 0.456069
0.446168 0.446631 0.446168
0.435192 0.435055 0.435192
0.420109 0.420268 0.420109
0.402264 0.402687 0.402264
0.384023 0.384035 0.384023
0.363453 0.363797 0.363453
0.337482 0.338058 0.337482
0.313071 0.313135 0.313071
0.301531 0.302149 0.301531
0.297129 0.298042 0.297129
0.280114 0.280796 0.280114
0.245154 0.246104 0.245155
0.201593 0.202452 0.201594
0.155308 0.154093 0.155308
0.107175 0.104638 0.107174
0.0598595 0.0595474 0.0598582
0.0145668 0.0149028 0.0145662
-0.0266475 -0.0258022 -0.0266471
-0.0563537 -0.0559481 -0.0563528
-0.0741805 -0.0741486 -0.0741798
-0.0823182 -0.0831287 -0.0823183
-0.0907395 -0.0917838 -0.0907404
-0.10414 -0.104438 -0.10414
-0.12403 -0.123031 -0.12403
-0.144649 -0.143837 -0.144648
-0.165665 -0.164886 -0.165664
-0.19524 -0.191578 -0.195238
-0.229707 -0.227054 -0.229705
-0.262103 -0.265299 -0.262102
-0.303461 -0.307126 -0.303463
-0.35525 -0.355464 -0.355252
-0.411167 -0.410203 -0.411168
-0.464337 -0.464299 -0.464336
-0.507199 -0.508412 -0.507198
-0.534091 -0.534878 -0.534091
-0.546502 -0.545393 -0.546502
-0.547948 -0.548033 -0.547948
-0.543185 -0.54384 -0.543185
-0.530771 -0.531495 -0.530771
-0.516098 -0.516138 -0.516099
-0.503769 -0.50376 -0.503769
-0.495695 -0.495916 -0.495695
-0.493985 -0.494271 -0.493985
-0.497051 -0.497304 -0.497051
-0.495681 -0.495875 -0.495681
-0.50238 -0.502547 -0.50238
-0.523977 -0.524068 -0.523977
-0.54514 -0.545458 -0.54514
-0.553041 -0.553382 -0.553041
-0.550389 -0.550551 -0.550389
-0.548524 -0.548683 -0.548524
-0.554506 -0.554752 -0.554506
-0.566676 -0.566936 -0.566676
-0.581198 -0.581409 -0.581199
-0.599882 -0.600094 -0.599882
-0.622791 -0.62303 -0.622791
-0.6538 -0.653986 -0.6538
-0.679062 -0.679338 -0.679062
-0.681881 -0.682201 -0.681882
-0.673545 -0.673839 -0.673545
-0.670825 -0.67106 -0.670825
-0.678337 -0.678573 -0.678337
-0.690703 -0.690975 -0.690703
-0.703953 -0.704256 -0.703953
-0.720411 -0.720706 -0.720411
-0.746506 -0.746796 -0.746506
-0.78012 -0.780425 -0.78012
-0.81557 -0.815928 -0.81557
-0.845832 -0.846174 -0.845832
-0.865797 -0.865988 -0.865797
-0.875233 -0.875605 -0.875233
-0.873846 -0.874246 -0.873846
-0.863915 -0.864307 -0.863915
-0.853717 -0.854069 -0.853717
-0.847158 -0.847455 -0.847158
-0.841687 -0.842028 -0.841687
-0.831102 -0.831554 -0.831102
-0.814297 -0.81448 -0.814297
-0.79151 -0.791821 -0.79151
-0.763704 -0.764099 -0.763704
-0.727309 -0.727583 -0.727309
-0.682988 -0.683317 -0.682988
-0.633693 -0.633892 -0.633693
-0.576604 -0.576933 -0.576604
-0.518186 -0.518581 -0.518186
-0.45797 -0.458234 -0.45797
-0.394796 -0.395017 -0.394796
-0.331387 -0.330461 -0.331387
-0.264382 -0.265308 -0.264382
-0.2011 -0.20298 -0.201101
-0.143052 -0.143679 -0.143053
-0.0840845 -0.0845234 -0.0840852
-0.0242958 -0.0248954 -0.024296
0.0313181 0.0334839 0.0313185
0.0830691 0.0878612 0.0830708
0.122318 0.125985 0.122321
0.141492 0.138632 0.141494
0.143635 0.1414 0.143633
0.147501 0.146453 0.147498
0.153971 0.154286 0.153969
0.160653 0.161667 0.160653
0.165797 0.165905 0.165799
0.168722 0.169147 0.168723
0.176207 0.175937 0.176207
0.187064 0.185862 0.187063
0.199657 0.198577 0.199656
0.209026 0.208714 0.209025
0.219109 0.218542 0.219109
0.244689 0.246661 0.24469
0.286995 0.288861 0.286996
0.332443 0.332672 0.332445
0.368096 0.367921 0.368096
0.399025 0.399216 0.399024
0.432052 0.432442 0.432052
0.473412 0.473692 0.473412
0.516295 0.516627 0.516296
0.552711 0.552705 0.552712
0.577713 0.577934 0.577713
0.596136 0.596309 0.596136
0.610376 0.610666 0.610376
0.617193 0.617144 0.617193
0.61308 0.613145 0.61308
0.601292 0.601549 0.601293
0.58576 0.585937 0.58576
0.569906 0.570021 0.569907
0.557265 0.557303 0.557265
0.548125 0.548131 0.548124
0.538173 0.538365 0.538173
0.531709 0.532026 0.531709
0.532183 0.532213 0.532183
0.54274 0.542788 0.54274
0.559293 0.559461 0.559293
0.579453 0.579667 0.579453
0.599762 0.599919 0.599763
0.615126 0.615257 0.615126
0.620223 0.620299 0.620223
0.619281 0.619475 0.619281
0.618784 0.619005 0.618784
0.625269 0.625446 0.62527
0.636286 0.636438 0.636286
0.645156 0.645319 0.645156
0.64901 0.649194 0.64901
0.647544 0.647698 0.647544
0.648607 0.648766 0.648607
0.659218 0.659392 0.659218
0.666404 0.666581 0.666404
0.655919 0.65609 0.655919
0.631752 0.631814 0.631752
0.598715 0.598859 0.598715
0.562211 0.562392 0.562211
0.522584 0.52274 0.522584
0.481567 0.481654 0.481568
0.446375 0.446332 0.446375
0.416775 0.416962 0.416775
0.390143 0.390382 0.390143
0.364522 0.364454 0.364522
0.333174 0.333078 0.333174
0.308197 0.308333 0.308197
0.301327 0.301299 0.301327
0.305013 0.305223 0.305013
0.304585 0.304822 0.304585
0.29516 0.295056 0.29516
0.279991 0.279818 0.27999
0.266686 0.267111 0.266686
0.255807 0.256005 0.255807
0.245077 0.244959 0.245077
0.235224 0.235387 0.235224
0.225786 0.225907 0.225786
0.221017 0.221303 0.221017
0.223247 0.223513 0.223247
0.234551 0.234726 0.234551
0.250703 0.250864 0.250704
0.264906 0.265414 0.264906
0.276433 0.277 0.276433
0.283631 0.283917 0.283632
0.284791 0.285312 0.284791
0.281919 0.282627 0.28192
0.276412 0.276819 0.276412
0.265324 0.263783 0.265324
0.249314 0.247955 0.249313
0.228273 0.228962 0.228273
0.206702 0.206433 0.206702
0.183062 0.183113 0.183063
0.155739 0.15637 0.15574
0.123071 0.123333 0.123072
0.0885086 0.0886075 0.0885087
0.0561095 0.0557032 0.0561093
0.0152977 0.0144313 0.0152973
-0.0437119 -0.044 -0.0437123
-0.104666 -0.104464 -0.104666
-0.154382 -0.153207 -0.154382
-0.200312 -0.200568 -0.200311
-0.246968 -0.246915 -0.246967
-0.28242 -0.279175 -0.28242
-0.292252 -0.290741 -0.292251
-0.301798 -0.30177 -0.301797
-0.32115 -0.323952 -0.32115
-0.34129 -0.342997 -0.341292
-0.345616 -0.345412 -0.345617
-0.329635 -0.329019 -0.329635
-0.313706 -0.314215 -0.313705
-0.307711 -0.308205 -0.307711
-0.29737 -0.298334 -0.29737
-0.288759 -0.2884 -0.28876
-0.29087 -0.290103 -0.290871
-0.297036 -0.29714 -0.297036
-0.307789 -0.308528 -0.307789
-0.326931 -0.327228 -0.326931
-0.345015 -0.345027 -0.345015
-0.362325 -0.362409 -0.362326
-0.396074 -0.396238 -0.396074
-0.450006 -0.450208 -0.450006
-0.509472 -0.509712 -0.509472
-0.559196 -0.559479 -0.559196
-0.600898 -0.601038 -0.600898
-0.637822 -0.638103 -0.637823
-0.673504 -0.673807 -0.673504
-0.706172 -0.706468 -0.706173
-0.727982 -0.728254 -0.727982
-0.740768 -0.741047 -0.740768
-0.754085 -0.754386 -0.754086
-0.761919 -0.762231 -0.761919
-0.757802 -0.75801 -0.757802
-0.753075 -0.753435 -0.753075
-0.747663 -0.748029 -0.747663
-0.737544 -0.737815 -0.737545
-0.722804 -0.723049 -0.722804
-0.705816 -0.706097 -0.705816
-0.692313 -0.692602 -0.692313
-0.681423 -0.681715 -0.681423
-0.6741 -0.67447 -0.6741
-0.669822 -0.669965 -0.669823
-0.667155 -0.667353 -0.667156
-0.664309 -0.664621 -0.664309
-0.658287 -0.658593 -0.658287
-0.645679 -0.645936 -0.645679
-0.626736 -0.626978 -0.626737
-0.608347 -0.608593 -0.608347
-0.592619 -0.592878 -0.592619
-0.575174 -0.575306 -0.575174
-0.560887 -0.561262 -0.560887
-0.550766 -0.550984 -0.550766
-0.540952 -0.541128 -0.540952
-0.525289 -0.525483 -0.525289
-0.501733 -0.502078 -0.501733
-0.486111 -0.486334 -0.486111
-0.48262 -0.48285 -0.48262
-0.47899 -0.479285 -0.47899
-0.462055 -0.461864 -0.462055
-0.429921 -0.429592 -0.429921
-0.385817 -0.386712 -0.385817
-0.33752 -0.33873 -0.33752
-0.288102 -0.288541 -0.288102
-0.237768 -0.238005 -0.237769
-0.187353 -0.187803 -0.187353
-0.136054 -0.137161 -0.136054
-0.0953195 -0.0943525 -0.0953195
-0.0621926 -0.0596392 -0.062192
-0.0140824 -0.0117021 -0.0140811
0.0501837 0.0527607 0.0501854
0.117866 0.115567 0.117867
0.164964 0.163671 0.164963
0.197035 0.196646 0.197034
0.220098 0.220222 0.220097
0.237772 0.237607 0.237773
0.249224 0.249779 0.249225
0.257338 0.257569 0.257338
0.267212 0.267354 0.267213
0.280462 0.280584 0.280462
0.295906 0.295689 0.295906
0.311074 0.310458 0.311074
0.320657 0.319922 0.320657
0.327519 0.327995 0.327519
0.335316 0.334136 0.335316
0.341765 0.342538 0.341765
0.350167 0.351568 0.350168
0.361042 0.361661 0.361042
0.373133 0.373013 0.373133
0.388686 0.388787 0.388686
0.408257 0.408584 0.408256
0.430708 0.431192 0.430708
0.45238 0.45274 0.45238
0.473965 0.473837 0.473965
0.495361 0.495556 0.495361
0.512113 0.512298 0.512113
0.525003 0.525259 0.525003
0.535007 0.535291 0.535007
0.542773 0.542815 0.542773
0.546203 0.546227 0.546203
0.538341 0.5385 0.538341
0.5251 0.525396 0.5251
0.517322 0.517444 0.517322
0.512029 0.512079 0.512029
0.508091 0.508188 0.508091
0.503732 0.503878 0.503732
0.486016 0.486159 0.486016
0.452318 0.452432 0.452318
0.417481 0.417575 0.417482
0.395217 0.395343 0.395217
0.388097 0.388187 0.388097
0.388849 0.388926 0.388849
0.390316 0.3904 0.390316
0.3888 0.388893 0.3888
0.380186 0.380266 0.380187
0.366433 0.366513 0.366433
0.35096 0.351044 0.35096
0.333089 0.333164 0.333089
0.320851 0.320985 0.320851
0.321354 0.321423 0.321354
0.326749 0.326796 0.326749
0.325003 0.325072 0.325003
0.314178 0.314263 0.314178
0.302184 0.302264 0.302184
0.298875 0.298943 0.298875
0.304547 0.304615 0.304547
0.313716 0.313789 0.313716
0.321401 0.321479 0.321401
0.325534 0.325726 0.325534
0.330972 0.331041 0.330972
0.339382 0.339404 0.339382
0.344302 0.344358 0.344302
0.345911 0.346121 0.345911
0.354343 0.354631 0.354344
0.370744 0.370809 0.370745
0.390041 0.390103 0.390041
0.404149 0.404334 0.404149
0.408364 0.40853 0.408364
0.402785 0.4032 0.402785
0.393107 0.39331 0.393107
0.378619 0.378962 0.378619
0.350849 0.351103 0.350849
0.306659 0.306947 0.30666
0.261281 0.261586 0.261281
0.230985 0.23132 0.230985
0.210761 0.211297 0.210761
0.186459 0.186747 0.186459
0.157269 0.155737 0.157269
0.133558 0.132938 0.133557
0.114165 0.114765 0.114165
0.0877982 0.0876779 0.0877982
0.0488469 0.0482596 0.0488471
0.011341 0.0113483 0.0113411
-0.0156756 -0.0152198 -0.0156756
-0.0332484 -0.0329769 -0.0332483
-0.0489158 -0.0490165 -0.0489157
-0.0718146 -0.0720442 -0.0718146
-0.0958371 -0.0957129 -0.0958372
-0.111331 -0.111564 -0.111331
-0.122763 -0.123663 -0.122763
-0.134928 -0.134698 -0.134928
-0.14919 -0.14908 -0.14919
-0.165352 -0.165303 -0.165352
-0.178895 -0.178351 -0.178895
-0.188526 -0.189 -0.188526
-0.195695 -0.195833 -0.195695
-0.209052 -0.208493 -0.209052
-0.239901 -0.237891 -0.239901
-0.266362 -0.266015 -0.266361
-0.273464 -0.273824 -0.273464
-0.269909 -0.269907 -0.26991
-0.269708 -0.270442 -0.269709
-0.281311 -0.281973 -0.281312
-0.298749 -0.299031 -0.298749
-0.315258 -0.31533 -0.315258
-0.331879 -0.331916 -0.331879
-0.350751 -0.351103 -0.350751
-0.372106 -0.372543 -0.372106
-0.393577 -0.393624 -0.393577
-0.411891 -0.412189 -0.411891
-0.430539 -0.430703 -0.430539
-0.447909 -0.448162 -0.447909
-0.463281 -0.46374 -0.463281
-0.47919 -0.479388 -0.479191
-0.491367 -0.491378 -0.491367
-0.496487 -0.496603 -0.496487
-0.495809 -0.496018 -0.495809
-0.488769 -0.488855 -0.488769
-0.473975 -0.4743 -0.473975
-0.451786 -0.451976 -0.451786
-0.425457 -0.425588 -0.425457
-0.3964 -0.396558 -0.3964
-0.363659 -0.36383 -0.363659
-0.323741 -0.32389 -0.323741
-0.280858 -0.280974 -0.280858
-0.241857 -0.241952 -0.241857
-0.211238 -0.211323 -0.211238
-0.189798 -0.189878 -0.189798
-0.174446 -0.17452 -0.174446
-0.164646 -0.164714 -0.164646
-0.160196 -0.160262 -0.160196
-0.163273 -0.16334 -0.163273
-0.175453 -0.175525 -0.175453
-0.19112 -0.191202 -0.19112
-0.20222 -0.20224 -0.202221
-0.210342 -0.21036 -0.210342
-0.227577 -0.22767 -0.227577
-0.255816 -0.25595 -0.255816
-0.279629 -0.279754 -0.279629
-0.283484 -0.28357 -0.283484
-0.276541 -0.276642 -0.276541
-0.276091 -0.276204 -0.276091
-0.277974 -0.278333 -0.277974
-0.281121 -0.281137 -0.281121
-0.284663 -0.284901 -0.284663
-0.282161 -0.282281 -0.282161
-0.270474 -0.270498 -0.270474
-0.258936 -0.259482 -0.258936
-0.242943 -0.242787 -0.242943
-0.209709 -0.209816 -0.209709
-0.170063 -0.170425 -0.170063
-0.139086 -0.139081 -0.139086
-0.119232 -0.119352 -0.119232
-0.107599 -0.107805 -0.107599
-0.0951533 -0.0953449 -0.0951534
-0.0797713 -0.0798303 -0.0797714
-0.0663318 -0.0666254 -0.0663319
-0.0581042 -0.0582344 -0.0581043
-0.0584976 -0.0578313 -0.0584976
-0.0638812 -0.0636073 -0.063881
-0.0742332 -0.0739556 -0.0742329
-0.0885178 -0.0882477 -0.0885176
-0.106141 -0.106048 -0.106141
-0.128354 -0.12719 -0.128354
-0.147781 -0.147894 -0.14778
-0.163219 -0.163745 -0.163219
-0.177937 -0.178454 -0.177937
-0.189729 -0.189768 -0.18973
-0.196586 -0.195922 -0.196586
-0.197293 -0.197096 -0.197293
-0.194864 -0.195499 -0.194864
-0.194928 -0.195212 -0.194928
-0.195904 -0.195956 -0.195905
-0.196602 -0.19698 -0.196603
-0.19494 -0.195093 -0.19494
-0.189197 -0.189034 -0.189197
-0.177234 -0.177031 -0.177234
-0.160471 -0.160633 -0.160471
-0.142547 -0.1427 -0.142547
-0.122731 -0.122697 -0.122731
-0.0991338 -0.0988481 -0.0991339
-0.073079 -0.0733737 -0.073079
-0.0486099 -0.0486933 -0.0486099
-0.0236985 -0.0241908 -0.0236986
0.00511562 0.004484 0.00511533
0.0381905 0.0384467 0.0381902
0.0690034 0.0690266 0.0690034
0.0892733 0.0880132 0.0892733
0.10786 0.108333 0.10786
0.132535 0.133636 0.132535
0.162184 0.162739 0.162184
0.194905 0.194728 0.194906
0.228137 0.228113 0.228137
0.258432 0.258815 0.258432
0.284819 0.285135 0.284819
0.306305 0.306535 0.306305
0.322285 0.322443 0.322285
0.330439 0.330583 0.33044
0.340366 0.340347 0.340366
0.368053 0.368299 0.368053
0.408369 0.408495 0.408369
0.441818 0.441971 0.441818
0.462475 0.462726 0.462475
0.475235 0.475302 0.475235
0.484625 0.484672 0.484625
0.490009 0.490125 0.490009
0.48975 0.489816 0.48975
0.483698 0.484047 0.483698
0.475339 0.475455 0.47534
0.47102 0.47103 0.47102
0.472829 0.472905 0.472829
0.477033 0.477179 0.477032
0.48007 0.480218 0.48007
0.481539 0.481656 0.481539
0.484415 0.484521 0.484415
0.487656 0.487771 0.487656
0.490867 0.490992 0.490867
0.492045 0.492156 0.492045
0.489868 0.489984 0.489868
0.485242 0.48536 0.485242
0.476498 0.476613 0.476498
0.463451 0.463561 0.463451
0.448433 0.448539 0.448433
0.43481 0.434914 0.43481
0.422511 0.422611 0.422511
0.412478 0.412575 0.412478
0.405887 0.406144 0.405887
0.402162 0.40217 0.402162
0.399475 0.399516 0.399475
0.394799 0.394904 0.394799
0.388004 0.388178 0.388004
0.379011 0.37932 0.379011
0.367286 0.367383 0.367286
0.353789 0.353826 0.353789
0.343656 0.343897 0.343656
0.337031 0.337072 0.337031
0.317779 0.31801 0.317779
0.282912 0.28328 0.282912
0.249835 0.250066 0.249835
0.229462 0.229727 0.229462
0.217493 0.21776 0.217493
0.206767 0.206826 0.206767
0.193676 0.194076 0.193676
0.180723 0.181228 0.180724
0.169928 0.170237 0.169929
0.158183 0.157812 0.158183
0.143189 0.141674 0.143189
0.117708 0.117795 0.117707
0.0901767 0.0908094 0.0901765
0.077136 0.0765768 0.0771362
0.0714384 0.0709755 0.0714385
0.060477 0.0608405 0.060477
0.0402051 0.0406199 0.0402052
0.0133948 0.0134901 0.0133949
-0.0089293 -0.00906402 -0.00892922
-0.0264622 -0.0267137 -0.0264622
-0.043363 -0.0430735 -0.0433631
-0.0633249 -0.0633562 -0.0633249
-0.0857961 -0.0868725 -0.0857962
-0.112214 -0.112091 -0.112214
-0.137648 -0.137421 -0.137648
-0.165549 -0.165628 -0.165549
-0.20242 -0.202006 -0.20242
-0.241124 -0.241144 -0.241124
-0.275129 -0.275561 -0.275129
-0.307757 -0.307615 -0.307758
-0.343931 -0.342029 -0.343931
-0.376767 -0.376458 -0.376766
-0.404798 -0.405131 -0.404797
-0.428568 -0.428672 -0.428568
-0.445689 -0.44568 -0.44569
-0.452873 -0.453685 -0.452873
-0.450634 -0.451384 -0.450634
-0.44636 -0.446467 -0.44636
-0.442235 -0.442461 -0.442235
-0.432695 -0.432966 -0.432695
-0.415659 -0.415804 -0.415659
-0.396467 -0.396612 -0.396468
-0.374468 -0.37496 -0.374468
-0.355496 -0.355651 -0.355496
-0.345578 -0.345569 -0.345578
-0.336384 -0.336346 -0.336384
-0.322453 -0.32291 -0.322453
-0.307154 -0.307364 -0.307154
-0.288781 -0.288788 -0.288781
-0.265865 -0.265908 -0.265865
-0.247642 -0.24777 -0.247642
-0.241632 -0.241774 -0.241632
-0.240415 -0.240648 -0.240415
-0.23264 -0.232695 -0.232641
-0.218996 -0.219016 -0.218996
-0.203927 -0.203998 -0.203927
-0.191976 -0.192075 -0.191976
-0.185077 -0.18516 -0.185077
-0.183457 -0.183523 -0.183457
-0.189346 -0.189408 -0.189346
-0.204374 -0.204449 -0.204374
-0.228455 -0.228544 -0.228455
-0.257581 -0.257681 -0.257581
-0.275566 -0.275673 -0.275566
-0.285091 -0.28521 -0.285091
-0.302405 -0.302519 -0.302405
-0.329138 -0.329257 -0.329138
-0.35598 -0.356173 -0.35598
-0.378447 -0.378585 -0.378447
-0.396994 -0.397285 -0.396994
-0.413698 -0.413869 -0.413698
-0.426751 -0.426884 -0.426751
-0.436606 -0.436773 -0.436607
-0.443173 -0.443341 -0.443173
-0.441436 -0.442053 -0.441436
-0.434316 -0.434266 -0.434316
-0.42774 -0.427741 -0.42774
-0.42196 -0.422672 -0.42196
-0.412004 -0.412151 -0.412004
-0.392925 -0.393134 -0.392925
-0.364256 -0.364511 -0.364256
-0.334269 -0.334696 -0.334269
-0.311622 -0.311887 -0.311623
-0.291036 -0.291516 -0.291036
-0.266801 -0.266764 -0.266801
-0.240085 -0.239329 -0.240085
-0.21205 -0.211594 -0.21205
-0.191645 -0.191043 -0.191645
-0.180386 -0.179737 -0.180386
-0.174996 -0.174101 -0.174996
-0.169799 -0.170355 -0.169799
-0.165698 -0.166835 -0.165699
-0.155329 -0.155002 -0.15533
-0.129202 -0.128449 -0.129202
-0.0949698 -0.0953467 -0.0949695
-0.0641254 -0.064515 -0.0641252
-0.0417219 -0.0421323 -0.0417221
-0.0225642 -0.0229597 -0.0225646
0.00916718 0.00949745 0.00916691
0.0581782 0.0586501 0.0581783
0.104617 0.104555 0.104618
0.135517 0.135386 0.135517
0.157654 0.157791 0.157654
0.181418 0.181736 0.181418
0.204117 0.203899 0.204117
0.221188 0.221182 0.221188
0.239149 0.238816 0.239149
0.268309 0.267818 0.268309
0.307465 0.307797 0.307465
0.350781 0.351292 0.350781
0.394642 0.39404 0.394642
0.427736 0.427102 0.427736
0.452044 0.452876 0.452044
0.484201 0.485253 0.484202
0.523874 0.524078 0.523875
0.558817 0.558885 0.558818
0.581138 0.581197 0.581138
0.592158 0.592557 0.592158
0.601701 0.60196 0.601701
0.606165 0.606341 0.606165
0.609082 0.609407 0.609082
0.614133 0.614337 0.614133
0.616049 0.616222 0.616049
0.616908 0.617093 0.616908
0.619772 0.619986 0.619772
0.625073 0.625296 0.625074
0.634959 0.635174 0.63496
0.642626 0.642836 0.642627
0.643545 0.64376 0.643545
0.639185 0.639402 0.639185
0.633673 0.63391 0.633673
0.622506 0.62272 0.622506
0.606051 0.606473 0.606051
0.591552 0.591751 0.591553
0.577083 0.577239 0.577084
0.561599 0.56193 0.561599
0.547171 0.547489 0.547171
0.528046 0.528494 0.528047
0.50015 0.500468 0.50015
0.463555 0.463926 0.463555
0.423062 0.423309 0.423062
0.380852 0.380018 0.380852
0.332395 0.331739 0.332394
0.284517 0.285128 0.284516
0.249841 0.250005 0.249841
0.224726 0.22403 0.224726
0.194511 0.194354 0.194511
0.157254 0.157761 0.157254
0.122421 0.122797 0.122421
0.0949094 0.0949535 0.0949096
0.061207 0.0611974 0.0612071
0.0122174 0.0118829 0.0122173
-0.0434498 -0.0432716 -0.04345
-0.0927988 -0.0927253 -0.0927989
-0.14047 -0.141108 -0.14047
-0.194149 -0.194589 -0.194149
-0.248103 -0.248007 -0.248103
-0.295838 -0.295869 -0.295838
-0.330597 -0.330095 -0.330597
-0.354072 -0.354029 -0.354071
-0.372069 -0.372738 -0.372069
-0.398796 -0.398836 -0.398796
-0.429592 -0.428697 -0.429592
-0.448466 -0.447145 -0.448466
-0.454311 -0.454662 -0.45431
-0.462127 -0.462472 -0.462127
-0.473498 -0.473937 -0.473498
-0.488347 -0.48825 -0.488348
-0.503332 -0.503743 -0.503332
-0.521469 -0.521922 -0.521469
-0.545943 -0.54672 -0.545943
-0.579115 -0.579254 -0.579115
-0.61372 -0.613782 -0.613721
-0.643718 -0.644068 -0.643718
-0.667848 -0.668279 -0.667848
-0.685149 -0.685506 -0.68515
-0.696063 -0.696375 -0.696064
-0.698705 -0.699101 -0.698705
-0.691617 -0.691902 -0.691617
-0.677617 -0.677883 -0.677617
-0.658009 -0.658295 -0.658009
-0.634127 -0.634631 -0.634127
-0.606497 -0.606786 -0.606497
-0.279992 -0.280109 -0.279993
-0.273247 -0.273357 -0.273247
-0.265593 -0.265957 -0.265593
-0.257696 -0.257632 -0.257696
-0.249202 -0.249253 -0.249202
-0.239598 -0.240201 -0.239598
-0.230268 -0.230418 -0.230269
-0.219504 -0.219608 -0.219504
-0.208665 -0.208719 -0.208665
-0.198619 -0.197947 -0.198619
-0.187162 -0.187207 -0.187162
-0.17616 -0.175923 -0.17616
-0.164489 -0.164614 -0.164489
-0.152866 -0.152963 -0.152866
-0.143013 -0.141779 -0.143012
-0.131002 -0.130908 -0.131002
-0.118893 -0.119343 -0.118893
-0.106844 -0.107246 -0.106844
-0.0944896 -0.0946923 -0.09449
-0.0823243 -0.0820132 -0.0823246
-0.0698542 -0.06926 -0.069854
-0.0567482 -0.0568845 -0.0567478
-0.0434264 -0.043997 -0.0434263
-0.0306079 -0.0306893 -0.0306082
-0.0175813 -0.0173409 -0.0175815
-0.00446602 -0.00463867 -0.00446609
0.00807473 0.00772694 0.00807473
0.0206775 0.0205811 0.0206775
0.0331948 0.0334538 0.0331948
0.0458734 0.0461447 0.0458735
0.0587224 0.058709 0.0587225
0.0714623 0.0712045 0.0714623
0.0837879 0.0837683 0.0837878
0.0958144 0.0960928 0.0958143
0.10801 0.108173 0.108011
0.120065 0.12017 0.120065
0.131774 0.131519 0.131774
0.142939 0.142932 0.142939
0.153459 0.153662 0.153459
0.163964 0.163934 0.163964
0.17453 0.174315 0.17453
0.184976 0.184648 0.184976
0.194419 0.194575 0.194419
0.203423 0.203906 0.203423
0.212486 0.212435 0.212486
0.221122 0.2213 0.221122
0.229219 0.228928 0.229219
0.236077 0.235078 0.236077
0.241767 0.242497 0.241767
0.248055 0.248768 0.248055
0.254278 0.254381 0.254279
0.259948 0.259805 0.259948
0.264616 0.264874 0.264616
0.269305 0.269442 0.269305
0.273568 0.273627 0.273568
0.277189 0.277386 0.277189
0.280533 0.280671 0.280533
0.283487 0.283556 0.283488
0.285991 0.28607 0.285991
0.288067 0.288183 0.288067
0.28973 0.289842 0.28973
0.29098 0.291099 0.29098
0.291739 0.291904 0.291739
0.292179 0.292263 0.292179
0.292177 0.292256 0.292177
0.291751 0.291857 0.291751
0.290908 0.291028 0.290908
0.289669 0.289781 0.289669
0.288009 0.28809 0.288009
0.285828 0.285985 0.285828
0.283312 0.283431 0.283312
0.280379 0.280471 0.280379
0.277024 0.277119 0.277024
0.273263 0.273371 0.273263
0.269112 0.269221 0.269112
0.264537 0.264664 0.264537
0.259301 0.259596 0.259301
0.253996 0.254062 0.253996
0.24823 0.248235 0.24823
0.241699 0.241988 0.241699
0.235123 0.235274 0.235123
0.228173 0.228209 0.228173
0.220806 0.220836 0.220807
0.212616 0.213016 0.212616
0.204444 0.204421 0.204444
0.194966 0.193392 0.194966
0.184603 0.185278 0.184603
0.174628 0.17539 0.174628
0.164476 0.1647 0.164477
0.154142 0.153727 0.154142
0.143943 0.143303 0.143942
0.132762 0.13289 0.132761
0.121396 0.121578 0.121396
0.109622 0.109966 0.109622
0.0980443 0.0979321 0.0980446
0.086037 0.0858221 0.0860372
0.0738307 0.0740825 0.0738306
0.0617526 0.0618979 0.0617525
0.04949 0.0495566 0.04949
0.0373001 0.0371648 0.0373001
0.024935 0.0248276 0.024935
0.0126091 0.0127223 0.0126091
0.000311156 0.000482215 0.000311183
-0.0118451 -0.0118533 -0.0118451
-0.0238771 -0.0241264 -0.0238771
-0.0364399 -0.0367886 -0.0364401
-0.0491572 -0.0493598 -0.0491575
-0.0616236 -0.0613085 -0.0616237
-0.0736826 -0.0735606 -0.0736825
-0.0851497 -0.0855083 -0.0851496
-0.0970022 -0.0971068 -0.0970022
-0.108617 -0.108257 -0.108617
-0.119965 -0.119644 -0.119965
-0.130624 -0.130931 -0.130624
-0.141099 -0.141545 -0.141099
-0.151697 -0.151644 -0.151697
-0.161695 -0.161355 -0.161695
-0.171607 -0.171354 -0.171606
-0.182552 -0.181725 -0.182551
-0.191924 -0.192167 -0.191924
-0.201616 -0.201975 -0.201616
-0.211375 -0.211046 -0.211375
-0.220099 -0.220175 -0.220099
-0.228673 -0.228869 -0.228673
-0.237399 -0.237235 -0.237398
-0.245197 -0.245317 -0.245197
-0.251851 -0.252322 -0.251851
-0.258658 -0.258831 -0.258658
-0.264936 -0.264942 -0.264936
-0.270036 -0.270467 -0.270036
-0.275253 -0.275356 -0.275253
-0.279882 -0.279867 -0.279882
-0.283534 -0.283686 -0.283534
-0.286884 -0.287088 -0.286884
-0.289779 -0.28997 -0.289779
-0.2922 -0.29233 -0.2922
-0.294098 -0.294214 -0.294098
-0.295474 -0.295615 -0.295474
-0.29635 -0.296507 -0.29635
-0.296735 -0.296885 -0.296735
-0.296612 -0.296757 -0.296612
-0.295982 -0.296125 -0.295982
-0.294811 -0.294957 -0.294811
-0.293144 -0.29329 -0.293144
-0.290979 -0.291118 -0.290979
-0.288305 -0.288446 -0.288305
-0.285135 -0.285276 -0.285135
-0.281474 -0.281614 -0.281474
-0.277282 -0.277449 -0.277283
-0.272657 -0.27279 -0.272657
-0.267172 -0.267497 -0.267172
-0.261432 -0.261382 -0.261432
-0.255097 -0.255167 -0.255097
-0.248293 -0.248492 -0.248293
-0.240535 -0.241075 -0.240535
-0.232965 -0.233027 -0.232965
-0.224595 -0.224332 -0.224595
-0.214789 -0.215379 -0.214789
-0.20693 -0.206234 -0.20693
-0.196415 -0.196924 -0.196415
-0.186961 -0.187026 -0.186961
-0.177374 -0.176726 -0.177374
-0.16667 -0.166729 -0.16667
-0.156151 -0.156379 -0.156151
-0.14659 -0.14602 -0.14659
-0.136996 -0.136168 -0.136996
-0.125851 -0.126084 -0.125851
-0.11491 -0.11548 -0.11491
-0.10392 -0.104202 -0.10392
-0.0926271 -0.0926489 -0.0926275
-0.0813904 -0.0810351 -0.0813905
-0.0698479 -0.069399 -0.0698476
-0.0578302 -0.0580098 -0.0578298
-0.0455893 -0.0461126 -0.0455893
-0.0337869 -0.0338368 -0.0337872
-0.0217786 -0.0215405 -0.0217788
-0.00958851 -0.009698 -0.00958852
0.00211491 0.0017611 0.00211497
0.0137103 0.0135976 0.0137102
0.0253152 0.0255123 0.0253152
0.0370255 0.0371837 0.0370256
0.0487853 0.0489325 0.0487854
0.0605453 0.0604115 0.0605453
0.0721757 0.0719849 0.0721756
0.0833752 0.083493 0.0833751
0.0945653 0.0947657 0.0945653
0.105715 0.105798 0.105715
0.116716 0.116849 0.116716
0.127427 0.127283 0.127427
0.137784 0.137658 0.137783
0.14746 0.147685 0.147459
0.156966 0.157041 0.156966
0.16624 0.166151 0.16624
0.175153 0.175225 0.175153
0.185002 0.184352 0.185002
0.193051 0.19316 0.193051
0.200727 0.201348 0.200727
0.208562 0.208657 0.208562
0.215952 0.21572 0.215952
0.222961 0.223418 0.222962
0.229225 0.228311 0.229225
0.234436 0.234449 0.234436
0.239285 0.239989 0.239285
0.244364 0.244697 0.244365
0.249079 0.249014 0.249079
0.253219 0.253173 0.253219
0.256892 0.257017 0.256892
0.259999 0.260332 0.259999
0.263014 0.263129 0.263014
0.265577 0.26559 0.265577
0.267669 0.267737 0.267669
0.269357 0.269493 0.269357
0.270677 0.270818 0.270677
0.271613 0.271726 0.271614
0.27214 0.272239 0.27214
0.272228 0.272352 0.272228
0.271961 0.272062 0.271961
0.271281 0.271377 0.271281
0.270202 0.270304 0.270202
0.268654 0.268809 0.268654
0.266776 0.266887 0.266776
0.26449 0.264581 0.26449
0.261796 0.261896 0.261796
0.258712 0.258824 0.258712
0.255251 0.255362 0.255251
0.251415 0.251519 0.251415
0.247205 0.247305 0.247205
0.242291 0.242603 0.242291
0.23737 0.237454 0.23737
0.232011 0.232012 0.232011
0.226223 0.226277 0.226223
0.219795 0.220111 0.219795
0.213298 0.213454 0.213298
0.206395 0.20627 0.206395
0.198268 0.197019 0.198268
0.189463 0.190201 0.189463
0.181083 0.181564 0.181083
0.172169 0.172393 0.17217
0.163159 0.163031 0.16316
0.153523 0.153324 0.153523
0.144583 0.144021 0.144583
0.134477 0.134694 0.134477
0.12428 0.124455 0.12428
0.113636 0.113926 0.113636
0.103131 0.103082 0.103131
0.0922386 0.0919391 0.0922387
0.0810256 0.0812266 0.0810255
0.0699465 0.0701837 0.0699464
0.0588794 0.0589002 0.0588795
0.0475274 0.0475152 0.0475275
0.03621 0.0361238 0.03621
0.0247921 0.0247241 0.0247921
0.0134155 0.0135316 0.0134155
0.00206323 0.00220977 0.00206324
-0.009178 -0.00920104 -0.00917793
-0.0203031 -0.0205178 -0.0203031
-0.0318499 -0.0320671 -0.03185
-0.0435799 -0.0438821 -0.0435801
-0.0551522 -0.0549035 -0.0551523
-0.0663879 -0.0662288 -0.0663878
-0.0772517 -0.0774156 -0.0772515
-0.0879442 -0.0882273 -0.0879442
-0.0987532 -0.0987109 -0.0987534
-0.109301 -0.108886 -0.109301
-0.119555 -0.119397 -0.119555
-0.129255 -0.129602 -0.129255
-0.138803 -0.139175 -0.138803
-0.148402 -0.148336 -0.148402
-0.157571 -0.157427 -0.157571
-0.166092 -0.165853 -0.166092
-0.176318 -0.175217 -0.176318
-0.184147 -0.184665 -0.184147
-0.192714 -0.193229 -0.192714
-0.201367 -0.201289 -0.201368
-0.209176 -0.208914 -0.209176
-0.217115 -0.216761 -0.217115
-0.224023 -0.224342 -0.224022
-0.23014 -0.230959 -0.23014
-0.238071 -0.237279 -0.238071
-0.243767 -0.24376 -0.243767
-0.248503 -0.249216 -0.248503
-0.253589 -0.253892 -0.253589
-0.25819 -0.258139 -0.258191
-0.261855 -0.262009 -0.261855
-0.265244 -0.265387 -0.265244
-0.268093 -0.268264 -0.268093
-0.270513 -0.270644 -0.270513
-0.272432 -0.272553 -0.272432
-0.273848 -0.273985 -0.273848
-0.274776 -0.274923 -0.274776
-0.275218 -0.275363 -0.275218
-0.275169 -0.275307 -0.275169
-0.27463 -0.274776 -0.27463
-0.273572 -0.273702 -0.273572
-0.272022 -0.272162 -0.272022
-0.269983 -0.270126 -0.269983
-0.267459 -0.267597 -0.267459
-0.264451 -0.264585 -0.264451
-0.260965 -0.261098 -0.260965
-0.257008 -0.25714 -0.257008
-0.252539 -0.2527 -0.252539
-0.247428 -0.247702 -0.247428
-0.24204 -0.242172 -0.242041
-0.236179 -0.236241 -0.236179
-0.229728 -0.229677 -0.229728
-0.222165 -0.222681 -0.222165
-0.214838 -0.215015 -0.214838
-0.208249 -0.207447 -0.208249
-0.19921 -0.199754 -0.19921
-0.190893 -0.191267 -0.190893
-0.182418 -0.18211 -0.182418
-0.173916 -0.173356 -0.173916
-0.164556 -0.164673 -0.164556
-0.15501 -0.155427 -0.15501
-0.14609 -0.145871 -0.14609
-0.13821 -0.136975 -0.13821
-0.127929 -0.128003 -0.127929
-0.117962 -0.11865 -0.117962
-0.1081 -0.108453 -0.1081
-0.0978647 -0.0979332 -0.0978651
-0.0875961 -0.087377 -0.0875963
-0.0772051 -0.0767772 -0.0772049
-0.0662387 -0.066185 -0.0662383
-0.0552123 -0.0555232 -0.0552121
-0.0440593 -0.0443841 -0.0440595
-0.0331366 -0.033065 -0.0331369
-0.0219634 -0.0217567 -0.0219635
-0.0106659 -0.0108318 -0.0106658
0.000143145 -0.000195127 0.000143213
0.0107088 0.0107055 0.0107087
0.0216613 0.0217076 0.0216612
0.0324368 0.0325504 0.0324368
0.043217 0.0433602 0.0432171
0.0540812 0.054121 0.0540814
0.0648227 0.0647022 0.0648227
0.075596 0.075389 0.0755959
0.0856411 0.085922 0.085641
0.0959509 0.0961208 0.095951
0.106157 0.106177 0.106157
0.116153 0.116236 0.116153
0.125869 0.125822 0.125869
0.1353 0.135103 0.1353
0.144335 0.144435 0.144335
0.152604 0.152925 0.152604
0.161066 0.160964 0.161066
0.169103 0.169072 0.169103
0.177594 0.177182 0.177594
0.184966 0.185012 0.184966
0.192154 0.192451 0.192154
0.199058 0.199294 0.199058
0.20547 0.205517 0.20547
0.211625 0.211482 0.211625
0.217426 0.217796 0.217426
0.222986 0.222993 0.222986
0.227633 0.226881 0.227633
0.231461 0.231607 0.231461
0.235176 0.23574 0.235176
0.238702 0.239095 0.238702
0.242069 0.242022 0.242069
0.244863 0.244784 0.244863
0.247179 0.247281 0.247179
0.249168 0.249363 0.249168
0.250847 0.250993 0.250847
0.25215 0.252238 0.25215
0.253041 0.253128 0.253041
0.253536 0.253649 0.253536
0.253653 0.253777 0.253653
0.253397 0.253513 0.253398
0.252753 0.25286 0.252753
0.251716 0.251826 0.251716
0.250298 0.250409 0.250298
0.2485 0.24861 0.2485
0.246324 0.246434 0.246325
0.243775 0.243883 0.243775
0.240859 0.240971 0.240859
0.237581 0.237686 0.237581
0.233942 0.234044 0.233942
0.229943 0.230036 0.229943
0.225592 0.225693 0.225592
0.220616 0.220899 0.220616
0.215565 0.215665 0.215565
0.210088 0.209997 0.210088
0.203631 0.202775 0.20363
0.19641 0.196644 0.196409
0.189457 0.190354 0.189457
0.182666 0.182596 0.182666
0.174908 0.174835 0.174908
0.166896 0.166821 0.166896
0.15844 0.158469 0.15844
0.150124 0.150033 0.150124
0.141967 0.14168 0.141967
0.132968 0.133169 0.132968
0.123784 0.123714 0.123784
0.113886 0.114219 0.113886
0.104303 0.104378 0.104303
0.094476 0.094135 0.094476
0.0841633 0.0842752 0.0841632
0.0739814 0.0742775 0.0739814
0.0638483 0.0638879 0.0638484
0.0534289 0.0534346 0.0534291
0.0429713 0.0429129 0.0429713
0.0325384 0.0324257 0.0325383
0.0219682 0.0219445 0.0219681
0.0114381 0.0116805 0.0114381
0.00100662 0.00106008 0.00100672
-0.0094011 -0.0094768 -0.009401
-0.0197192 -0.01993 -0.0197192
-0.0304079 -0.0305319 -0.0304081
-0.0412333 -0.0415324 -0.0412335
-0.05193 -0.0517196 -0.0519301
-0.0623254 -0.0621789 -0.0623253
-0.0724634 -0.0725538 -0.0724633
-0.08225 -0.0825566 -0.0822499
-0.0922864 -0.0922923 -0.0922866
-0.102025 -0.101928 -0.102026
-0.111695 -0.111174 -0.111695
-0.120671 -0.120788 -0.120671
-0.12966 -0.129974 -0.12966
-0.138041 -0.138509 -0.138041
-0.146761 -0.146599 -0.146762
-0.154966 -0.154745 -0.154966
-0.162533 -0.162361 -0.162533
-0.169818 -0.170019 -0.169817
-0.179063 -0.177973 -0.179063
-0.186005 -0.186185 -0.186004
-0.193259 -0.193739 -0.193259
-0.200207 -0.200559 -0.200207
-0.206903 -0.206818 -0.206903
-0.213543 -0.212992 -0.213543
-0.219051 -0.219242 -0.21905
-0.224379 -0.224829 -0.224379
-0.229704 -0.229806 -0.229704
-0.234466 -0.234448 -0.234466
-0.2387 -0.238763 -0.238701
