8.22512e-06
4.13861e-05
0.000108417
0.000208814
0.000337946
0.000486778
0.000645136
0.000805044
0.000961718
0.00111306
0.00125927
0.00140243
0.00154492
0.00168723
0.00182721
0.00196122
0.00208475
0.00219193
0.00227595
0.00233124
0.00235503
0.00234666
0.0023065
0.00223616
0.00213844
0.00201513
0.00186548
0.00168868
0.0014892
0.00127981
0.0010788
0.00090385
0.000767921
0.000677839
0.000632997
0.000625079
0.000640898
0.000666981
0.000691621
0.000702541
0.000684718
0.000623831
0.000513414
0.000357965
0.000168576
-4.39677e-05
-0.000271816
-0.000507044
-0.000737585
-0.000946311
-0.00111392
-0.00122399
-0.00126773
-0.0012453
-0.0011629
-0.00102858
-0.000849642
-0.000631364
-0.000375858
-8.24379e-05
0.000249089
0.000614215
0.00100249
0.00140018
0.00179402
0.0021728
0.00252557
0.00283889
0.00309652
0.00328265
0.00338697
0.00340786
0.00335147
0.00322735
0.00304416
0.00280808
0.00252375
0.00219651
0.00183419
0.00144729
0.00104671
0.000638978
0.000223085
-0.00020653
-0.000652289
-0.00110745
-0.00155644
-0.00198061
-0.00236404
-0.00269554
-0.00296734
-0.003174
-0.00331257
-0.003384
-0.00339464
-0.00335703
-0.00328789
-0.00320297
-0.00311143
-0.00301391
-0.00290566
-0.00278276
-0.00264709
-0.00250641
-0.00237023
-0.00224573
-0.00213582
-0.00203844
-0.0019472
-0.00185389
-0.00175119
-0.00163375
-0.00149851
-0.00134561
-0.00117941
-0.00100815
-0.000841869
-0.000688914
-0.000551771
-0.000425479
-0.000300863
-0.000169351
-2.44436e-05
0.000139869
0.000330363
0.000554469
0.000819146
0.00112879
0.00148322
0.00187687
0.00229867
0.00273276
0.003162
0.00357398
0.00396544
0.00434152
0.00471135
0.00508454
0.00547115
0.00588256
0.00633006
0.00682111
0.00735639
0.00793031
0.0085333
0.00915265
0.00977115
0.0103663
0.0109133
0.0113899
0.0117792
0.0120677
0.0122406
0.0122806
0.0121734
0.0119165
0.0115204
0.0110016
0.0103745
0.00965141
0.00884681
0.00798166
0.00708221
0.00617657
0.00529156
0.00445132
0.00367744
0.00298982
0.00240746
0.00194845
0.00162983
0.00146755
0.00147628
0.00166779
0.00204888
0.00262139
0.00338475
0.00433892
0.00548505
0.00682326
0.00835
0.010058
0.0119385
0.0139841
0.0161872
0.0185378
0.0210215
0.023619
0.0263072
0.0290591
0.0318412
0.0346087
0.0372944
0.0397972
0.0419866
0.0437277
0.0449116
0.0454704
0.0453782
0.0446472
0.0433203
0.0414561
0.0391108
0.036325
0.0331231
0.0295189
0.0255213
0.0211362
0.016369
0.0112305
0.00574824
-1.72929e-05
-0.00596964
-0.0120029
-0.0180247
-0.023953
-0.0297188
-0.0352728
-0.0405831
-0.0456326
-0.0504192
-0.054956
-0.059267
-0.0633812
-0.0673253
-0.0711185
-0.0747723
-0.0782949
-0.0816957
-0.084989
-0.088194
-0.091337
-0.0944511
-0.097574
-0.100744
-0.103996
-0.107353
-0.110822
-0.114396
-0.118055
-0.121767
-0.125492
-0.129192
-0.132825
-0.136361
-0.139774
-0.143047
-0.146168
-0.149124
-0.151899
-0.154477
-0.156839
-0.158958
-0.160799
-0.162319
-0.163472
-0.164213
-0.164506
-0.164323
-0.163655
-0.162505
-0.160885
-0.158816
-0.156324
-0.153438
-0.15018
-0.146569
-0.142608
-0.138291
-0.133604
-0.128528
-0.123053
-0.117173
-0.110888
-0.104208
-0.0971486
-0.0897299
-0.0819761
-0.0739106
-0.0655547
-0.0569274
-0.0480449
-0.0389187
-0.0295556
-0.0199626
-0.0101569
-0.000173982
0.00993493
0.0201145
0.0303121
0.0404776
0.0505633
0.0605222
0.0703046
0.0798593
0.0891392
0.0981076
0.106742
0.115036
0.122993
0.130628
0.137961
0.145021
0.151837
0.158437
0.164846
0.171083
0.17717
0.183125
0.188967
0.194713
0.200377
0.205969
0.211494
0.216951
0.222333
0.227624
0.232801
0.237836
0.242694
0.247335
0.251715
0.255783
0.259488
0.262779
0.265609
0.267936
0.269729
0.270967
0.27164
0.271753
0.271317
0.270349
0.268871
0.266912
0.264503
0.261678
0.258466
0.254894
0.250987
0.246773
0.24228
0.23753
0.232543
0.227331
0.221902
0.21627
0.210456
0.204486
0.19839
0.192194
0.185916
0.179577
0.173193
0.166785
0.160374
0.153981
0.14763
0.14134
0.135123
0.128978
0.122896
0.11686
0.110853
0.104856
0.0988503
0.0928202
0.0867514
0.080632
0.0744529
0.0682067
0.0618853
0.0554772
0.0489682
0.0423454
0.0356005
0.0287331
0.021756
0.0146988
0.00760555
0.000528643
-0.00647864
-0.0133662
-0.0200902
-0.026618
-0.0329347
-0.0390462
-0.0449736
-0.0507423
-0.0563735
-0.0618812
-0.0672743
-0.0725566
-0.0777232
-0.0827547
-0.0876152
-0.0922585
-0.0966348
-0.100695
-0.104396
-0.107704
-0.110592
-0.11304
-0.115031
-0.116555
-0.11761
-0.118202
-0.118349
-0.118076
-0.117424
-0.11645
-0.115225
-0.113835
-0.112369
-0.110907
-0.109515
-0.108234
-0.107086
-0.106071
-0.10518
-0.104392
-0.103681
-0.103012
-0.102347
-0.101646
-0.100876
-0.100007
-0.0990245
-0.097924
-0.0967133
-0.0954075
-0.0940235
-0.0925756
-0.0910724
-0.089518
-0.0879148
-0.0862668
-0.0845789
-0.0828551
-0.0810986
-0.0793111
-0.077495
-0.0756534
-0.0737903
-0.0719057
-0.0699908
-0.0680259
-0.0659826
-0.0638279
-0.0615287
-0.0590548
-0.0563827
-0.0534983
-0.0503963
-0.0470788
-0.0435563
-0.0398466
-0.035973
-0.0319585
-0.0278208
-0.0235681
-0.0191994
-0.0147084
-0.0100912
-0.00535221
-0.00050633
0.0044212
0.00939585
0.0143774
0.0193264
0.0242094
0.0290022
0.0336898
0.0382643
0.0427212
0.0470564
0.0512657
0.0553458
0.059295
0.0631132
0.0668015
0.0703601
0.0737871
0.0770798
0.0802374
0.0832639
0.0861709
0.0889768
0.0917037
0.0943744
0.0970112
0.0996342
0.102261
0.104902
0.10756
0.110229
0.112898
0.11556
0.118211
0.120852
0.123491
0.126144
0.12883
0.131566
0.134366
0.137236
0.14018
0.143193
0.146271
0.14941
0.152605
0.155852
0.159144
0.162472
0.165821
0.169174
0.172506
0.175789
0.178986
0.182062
0.184975
0.187674
0.190102
0.192195
0.19389
0.195124
0.195838
0.195978
0.195501
0.194376
0.192593
0.190154
0.187068
0.183354
0.179043
0.174168
0.168771
0.162891
0.156566
0.149825
0.142688
0.135169
0.127283
0.119046
0.110481
0.101621
0.0925069
0.0831925
0.073743
0.0642345
0.0547514
0.04538
0.036199
0.0272775
0.0186798
0.0104665
0.00269296
-0.00459294
-0.0113548
-0.0175701
-0.0232313
-0.0283453
-0.0329314
-0.0370188
-0.0406464
-0.0438629
-0.0467253
-0.0492925
-0.0516193
-0.0537506
-0.0557219
-0.0575631
-0.0593021
-0.0609644
-0.0625686
-0.0641221
-0.0656195
-0.0670437
-0.0683673
-0.0695575
-0.0705829
-0.0714208
-0.0720634
-0.072521
-0.0728223
-0.0730104
-0.0731347
-0.0732424
-0.0733739
-0.0735605
-0.0738219
-0.0741637
-0.0745783
-0.0750493
-0.0755544
-0.0760672
-0.0765575
-0.0769903
-0.0773272
-0.0775272
-0.077551
-0.0773658
-0.0769469
-0.0762768
-0.075342
-0.0741305
-0.0726289
-0.0708218
-0.0686929
-0.0662284
-0.0634197
-0.0602649
-0.0567706
-0.0529526
-0.0488341
-0.0444416
-0.0398017
-0.034941
-0.029889
-0.0246797
-0.0193502
-0.0139398
-0.00849064
-0.00304849
0.00233911
0.00762457
0.0127606
0.0177007
0.0224017
0.0268284
0.030954
0.0347599
0.0382364
0.0413865
0.0442268
0.0467843
0.0490917
0.051186
0.0531082
0.0549009
0.0566059
0.0582596
0.05989
0.0615193
0.0631684
0.064858
0.0666065
0.068427
0.0703277
0.0723125
0.0743801
0.0765216
0.0787193
0.0809461
0.0831661
0.085335
0.0874044
0.089326
0.0910566
0.0925598
0.0938088
0.0947857
0.095481
0.0958905
0.0960135
0.095851
0.0954058
0.0946823
0.0936871
0.0924293
0.0909187
0.0891644
0.0871763
0.0849683
0.0825602
0.0799765
0.0772449
0.0743951
0.071455
0.0684461
0.0653788
0.0622513
0.0590523
0.0557668
0.0523816
0.0488868
0.0452769
0.041552
0.0377196
0.0337955
0.0298057
0.0257886
0.0217956
0.0178854
0.0141171
0.0105455
0.00721911
0.0041795
0.00145994
-0.000915792
-0.0029332
-0.00458547
-0.00587274
-0.00680224
-0.00738785
-0.00764905
-0.0076098
-0.00729756
-0.0067425
-0.00597715
-0.00503597
-0.00395369
-0.00276281
-0.00149081
-0.000158198
0.00122136
0.00263954
0.00409195
0.00557715
0.00709506
0.00864471
0.010223
0.0118254
0.0134466
0.0150816
0.0167246
0.0183667
0.0199949
0.0215977
0.0231695
0.0247016
0.0261759
0.0275712
0.0288708
0.03006
0.0311238
0.0320498
0.032833
0.0334759
0.0339854
0.0343692
0.0346334
0.0347828
0.0348206
0.034747
0.0345554
0.0342319
0.0337583
0.0331169
0.0322937
0.0312818
0.0300838
0.0287123
0.0271879
0.0255357
0.0237823
0.0219533
0.0200706
0.0181495
0.016199
0.0142235
0.0122256
0.0102107
0.00818996
0.00618064
0.00420301
0.00227802
0.000424231
-0.00134473
-0.00302164
-0.00460676
-0.0061075
-0.00753652
-0.00890933
-0.0102421
-0.0115506
-0.0128492
-0.0141499
-0.0154611
-0.0167889
-0.0181378
-0.0195137
-0.0209219
-0.0223657
-0.0238443
-0.0253528
-0.0268802
-0.0284093
-0.0299181
-0.0313829
-0.0327807
-0.0340895
-0.0352899
-0.0363666
-0.037308
-0.0381059
-0.0387544
-0.0392497
-0.0395902
-0.039775
-0.0398032
-0.0396733
-0.0393842
-0.0389353
-0.038326
-0.0375546
-0.0366192
-0.0355174
-0.0342455
-0.0327986
-0.0311715
-0.0293601
-0.0273612
-0.0251726
-0.0227941
-0.0202286
-0.0174808
-0.0145544
-0.0114523
-0.00817808
-0.00473696
-0.00113639
0.00261278
0.00649482
0.0104883
0.0145669
0.0187025
0.0228653
0.027024
0.0311478
0.0352099
0.0391886
0.0430659
0.0468265
0.0504576
0.0539478
0.0572862
0.0604637
0.0634743
0.066314
0.0689792
0.0714656
0.0737702
0.0758916
0.0778311
0.0795928
0.0811856
0.0826228
0.0839221
0.0851049
0.086194
0.0872125
0.088183
0.089126
0.0900594
0.0909996
0.091961
0.0929558
0.0939953
0.0950884
0.0962397
0.0974482
0.0987078
0.100008
0.101335
0.102675
0.104013
0.105337
0.106635
0.107901
0.109128
0.110308
0.111435
0.1125
0.113492
0.114398
0.115203
0.115894
0.116459
0.116884
0.117158
0.117268
0.117202
0.116949
0.1165
0.115846
0.114981
0.113901
0.112603
0.111086
0.109353
0.107412
0.105276
0.102964
0.100496
0.0978933
0.0951786
0.0923724
0.0894938
0.086562
0.0835982
0.0806244
0.0776601
0.0747218
0.0718222
0.0689714
0.0661754
0.0634347
0.0607447
0.058096
0.0554752
0.0528644
0.050242
0.047585
0.0448708
0.0420784
0.0391899
0.0361913
0.0330741
0.0298356
0.026478
0.0230073
0.0194327
0.0157655
0.0120184
0.00820441
0.00433609
0.000425775
-0.00351334
-0.00746571
-0.0114128
-0.0153328
-0.0192013
-0.0229904
-0.0266714
-0.0302177
-0.0336067
-0.0368205
-0.0398449
-0.0426703
-0.0452934
-0.0477174
-0.04995
-0.0520011
-0.0538805
-0.055601
-0.0571786
-0.0586301
-0.0599703
-0.0612101
-0.0623551
-0.0634047
-0.0643556
-0.0652057
-0.0659537
-0.0665991
-0.0671416
-0.0675817
-0.0679191
-0.0681505
-0.0682715
-0.0682801
-0.068181
-0.0679833
-0.0676948
-0.0673221
-0.0668725
-0.0663526
-0.0657673
-0.0651204
-0.0644153
-0.0636553
-0.0628429
-0.0619794
-0.0610637
-0.060095
-0.0590751
-0.0580079
-0.0568974
-0.055746
-0.0545564
-0.0533327
-0.05208
-0.0508036
-0.0495082
-0.0481988
-0.0468795
-0.0455519
-0.0442141
-0.0428599
-0.0414788
-0.0400572
-0.0385792
-0.0370282
-0.0353876
-0.0336413
-0.0317759
-0.0297808
-0.0276471
-0.0253663
-0.02293
-0.020333
-0.0175742
-0.0146573
-0.0115898
-0.00838164
-0.00504451
-0.0015911
0.00196512
0.00561025
0.00932983
0.0131089
0.0169323
0.0207847
0.0246505
0.0285145
0.0323622
0.0361802
0.0399563
0.0436791
0.0473373
0.0509185
0.0544108
0.057804
0.0610909
0.0642655
0.0673228
0.0702579
0.0730673
0.0757488
0.0783011
0.0807238
0.0830175
0.0851856
0.0872339
0.0891696
0.090999
0.0927272
0.0943575
0.095892
0.0973305
0.0986719
0.0999146
0.101056
0.102093
0.103018
0.103823
0.1045
0.105038
0.105429
0.105667
0.105745
0.105662
0.105414
0.105002
0.104426
0.10369
0.102796
0.101748
0.10055
0.0992047
0.0977155
0.0960854
0.0943182
0.0924193
0.0903948
0.0882512
0.0859959
0.0836365
0.0811809
0.0786371
0.0760115
0.0733095
0.070537
0.0677011
0.064809
0.0618645
0.0588713
0.0558362
0.0527677
0.0496728
0.0465578
0.0434289
0.0402927
0.0371548
0.0340202
0.0308928
0.0277764
0.0246742
0.0215887
0.0185217
0.0154757
0.0124552
0.00946608
0.00651535
0.00361039
0.000758873
-0.00203181
-0.00475498
-0.00740443
-0.00997401
-0.0124583
-0.0148531
-0.0171542
-0.0193562
-0.0214533
-0.0234398
-0.0253111
-0.0270639
-0.028696
-0.0302059
-0.0315929
-0.0328564
-0.033997
-0.0350155
-0.0359125
-0.0366874
-0.0373386
-0.0378626
-0.0382548
-0.0385113
-0.0386301
-0.0386112
-0.0384554
-0.0381639
-0.0377393
-0.0371847
-0.0365045
-0.035704
-0.0347895
-0.0337688
-0.0326506
-0.0314434
-0.0301549
-0.0287902
-0.0273529
-0.0258464
-0.0242738
-0.0226376
-0.0209398
-0.0191813
-0.0173623
-0.0154821
-0.0135394
-0.0115321
-0.00945753
-0.00731233
-0.00509278
-0.00279498
-0.000415179
0.00205016
0.00460468
0.007252
0.00999457
0.0128325
0.0157634
0.018783
0.0218854
0.0250638
0.0283111
0.0316198
0.0349819
0.0383887
0.0418302
0.045295
0.0487708
0.0522438
0.0556993
0.0591222
0.062498
0.0658112
0.069045
0.0721823
0.0752064
0.0781018
0.0808534
0.0834462
0.0858657
0.0880981
0.0901311
0.0919539
0.093558
0.0949376
0.0960892
0.0970122
0.0977077
0.0981777
0.0984256
0.0984556
0.0982733
0.0978859
0.0973022
0.096532
0.0955854
0.0944722
0.0932016
0.0917814
0.0902187
0.0885196
0.0866893
0.0847322
0.0826517
0.0804514
0.0781349
0.0757069
0.0731725
0.0705384
0.0678121
0.0650021
0.0621179
0.0591696
0.0561671
0.0531208
0.0500413
0.0469394
0.0438251
0.040708
0.0375975
0.0345027
0.0314329
0.0283969
0.0254036
0.0224617
0.0195804
0.0167691
0.014037
0.0113924
0.00883818
0.00637017
0.00398448
0.00168142
-0.000540097
-0.00268549
-0.00476092
-0.00677086
-0.0087195
-0.0106118
-0.0124525
-0.0142444
-0.0159878
-0.0176822
-0.0193282
-0.0209275
-0.0224808
-0.0239854
-0.0254366
-0.0268287
-0.0281555
-0.0294103
-0.0305873
-0.0316825
-0.0326921
-0.0336124
-0.0344397
-0.0351712
-0.0358048
-0.036339
-0.0367734
-0.0371082
-0.0373446
-0.0374834
-0.0375251
-0.0374707
-0.0373216
-0.0370801
-0.0367487
-0.03633
-0.0358277
-0.0352457
-0.0345877
-0.0338585
-0.0330641
-0.0322098
-0.0312996
-0.0303354
-0.0293177
-0.0282465
-0.0271218
-0.0259436
-0.0247125
-0.0234293
-0.0220943
-0.0207068
-0.0192646
-0.0177644
-0.0162031
-0.0145792
-0.0128929
-0.0111454
-0.00933856
-0.00747403
-0.00555353
-0.00357881
-0.00155156
0.000526452
0.00265292
0.0048245
0.00703679
0.00928415
0.0115595
0.0138546
0.0161608
0.0184695
0.0207727
0.0230632
0.0253349
0.027582
0.0297994
0.0319822
0.0341254
0.0362237
0.0382707
0.0402596
0.0421834
0.0440357
0.0458105
0.0475032
0.0491107
0.0506322
0.0520688
0.0534221
0.054694
0.0558862
0.057001
0.0580411
0.0590096
0.0599089
0.0607412
0.061509
0.0622149
0.0628606
0.0634463
0.0639708
0.0644329
0.0648323
0.0651692
0.0654432
0.0656535
0.0658002
0.0658847
0.0659096
0.0658788
0.065796
0.0656651
0.0654902
0.0652761
0.065028
0.0647513
0.0644514
0.0641333
0.0638014
0.0634598
0.0631114
0.0627574
0.0623971
0.062028
0.0616462
0.0612471
0.0608256
0.0603776
0.0598981
0.0593816
0.058824
0.0582235
0.0575799
0.0568928
0.0561611
0.0553829
0.0545555
0.0536766
0.0527428
0.0517478
0.0506831
0.0495416
0.0483185
0.0470098
0.0456121
0.0441224
0.0425386
0.0408602
0.03909
0.0372325
0.0352931
0.0332778
0.0311933
0.0290469
0.0268461
0.0245984
0.0223116
0.0199934
0.0176512
0.0152914
0.0129196
0.010541
0.0081602
0.00578116
0.00340771
0.00104439
-0.0013037
-0.00363136
-0.0059337
-0.00820591
-0.0104427
-0.012638
-0.014785
-0.0168763
-0.0189046
-0.0208625
-0.0227427
-0.0245379
-0.0262415
-0.0278476
-0.0293509
-0.0307469
-0.0320324
-0.0332058
-0.0342669
-0.0352168
-0.0360569
-0.0367887
-0.0374141
-0.0379355
-0.0383545
-0.0386712
-0.0388834
-0.0389881
-0.0389813
-0.0388593
-0.0386181
-0.0382538
-0.0377636
-0.0371462
-0.0364016
-0.0355303
-0.0345331
-0.0334116
-0.0321693
-0.0308106
-0.0293413
-0.0277676
-0.0260965
-0.0243356
-0.0224916
-0.0205701
-0.0185755
-0.0165114
-0.0143803
-0.0121843
-0.0099251
-0.00760511
-0.00522724
-0.00279439
-0.000309307
0.00222523
0.00480623
0.00742996
0.0100915
0.012785
0.0155033
0.0182389
0.0209841
0.0237318
0.0264763
0.0292126
0.0319359
0.0346417
0.0373259
0.0399845
0.0426146
0.0452151
0.0477849
0.0503223
0.0528258
0.0552943
0.0577269
0.0601213
0.0624739
0.06478
0.0670338
0.0692287
0.071357
0.0734094
0.0753764
0.0772496
0.0790222
0.0806876
0.0822401
0.083675
0.0849891
0.0861808
0.0872495
0.0881954
0.0890188
0.08972
0.0902994
0.0907577
0.0910961
0.0913157
0.0914178
0.0914031
0.0912723
0.0910261
0.0906656
0.0901917
0.0896054
0.0889078
0.0881004
0.0871849
0.086164
0.0850409
0.08382
0.0825057
0.0811021
0.0796123
0.0780387
0.0763826
0.0746452
0.072828
0.0709332
0.0689638
0.0669222
0.0648104
0.0626307
0.0603871
0.0580851
0.055731
0.0533314
0.0508933
0.048424
0.0459308
0.0434213
0.0409025
0.0383813
0.035865
0.0333606
0.030874
0.0284098
0.0259708
0.0235588
0.0211755
0.0188223
0.0165009
0.0142128
0.0119595
0.00974292
0.00756499
0.00542798
0.00333394
0.00128413
-0.000720953
-0.00268122
-0.00459652
-0.00646628
-0.00828911
-0.0100625
-0.011783
-0.0134466
-0.0150488
-0.0165857
-0.0180536
-0.0194505
-0.0207755
-0.0220293
-0.0232145
-0.0243336
-0.0253879
-0.0263781
-0.0273046
-0.0281681
-0.0289693
-0.0297103
-0.0303935
-0.0310202
-0.0315897
-0.0321004
-0.0325511
-0.0329402
-0.0332656
-0.0335246
-0.0337142
-0.0338321
-0.0338772
-0.0338491
-0.0337472
-0.0335712
-0.0333219
-0.0330015
-0.0326137
-0.0321622
-0.0316506
-0.0310815
-0.0304565
-0.0297765
-0.0290417
-0.0282525
-0.0274089
-0.0265107
-0.0255569
-0.0245473
-0.0234815
-0.022359
-0.0211781
-0.0199364
-0.0186315
-0.0172608
-0.015822
-0.0143136
-0.0127346
-0.0110858
-0.00936903
-0.00758767
-0.00574603
-0.00384924
-0.00190292
8.70904e-05
0.00211518
0.00417621
0.00626544
0.00837858
0.0105116
0.0126601
0.0148184
0.0169805
0.0191405
0.0212928
0.0234314
0.0255498
0.0276412
0.0296999
0.031721
0.0337
0.0356318
0.0375116
0.0393356
0.0411017
0.0428083
0.0444537
0.0460359
0.0475535
0.049006
0.0503929
0.0517137
0.0529679
0.0541551
0.055275
0.0563274
0.057312
0.0582291
0.0590793
0.059864
0.0605848
0.0612433
0.0618413
0.0623804
0.0628621
0.0632879
0.0636596
0.0639799
0.0642519
0.0644797
0.0646677
0.0648212
0.0649449
0.0650433
0.0651193
0.0651749
0.0652109
0.0652269
0.0652211
0.0651907
0.0651307
0.0650343
0.0648939
0.0647028
0.0644557
0.0641489
0.0637798
0.0633468
0.0628497
0.0622899
0.0616699
0.0609925
0.0602605
0.0594769
0.0586442
0.0577642
0.0568378
0.0558656
0.0548487
0.0537885
0.0526869
0.0515451
0.0503639
0.0491433
0.0478832
0.0465831
0.0452419
0.0438587
0.0424329
0.0409642
0.0394532
0.0379009
0.0363093
0.0346813
0.0330203
0.0313311
0.0296188
0.0278884
0.0261449
0.0243933
0.0226379
0.0208819
0.0191271
0.0173751
0.0156266
0.0138824
0.0121433
0.0104103
0.00868563
0.0069726
0.00527495
0.00359626
0.00194012
0.000310586
-0.00128805
-0.00285219
-0.00437928
-0.00586753
-0.00731545
-0.00872175
-0.0100855
-0.011406
-0.0126824
-0.0139129
-0.0150947
-0.0162254
-0.017304
-0.0183303
-0.0193044
-0.0202264
-0.0210961
-0.0219133
-0.0226779
-0.0233898
-0.0240494
-0.0246575
-0.0252152
-0.0257238
-0.0261842
-0.026597
-0.026962
-0.0272784
-0.0275444
-0.0277583
-0.0279175
-0.0280192
-0.0280601
-0.0280372
-0.0279474
-0.0277884
-0.0275583
-0.0272559
-0.0268809
-0.0264339
-0.0259159
-0.0253278
-0.0246705
-0.0239444
-0.0231492
-0.0222832
-0.0213438
-0.0203289
-0.019237
-0.0180657
-0.0168124
-0.0154732
-0.014044
-0.0125203
-0.0108985
-0.00917626
-0.00735259
-0.00542807
-0.00340378
-0.00128023
0.000942434
0.00326273
0.00567662
0.0081778
0.0107588
0.0134116
0.0161277
0.0188977
0.0217117
0.0245596
0.0274322
0.0303208
0.0332174
0.0361141
0.0390037
0.0418797
0.0447372
0.0475712
0.0503754
0.0531418
0.0558612
0.058524
0.0611197
0.0636376
0.0660675
0.0683999
0.070626
0.072738
0.0747289
0.0765932
0.0783268
0.079927
0.0813925
0.0827237
0.0839224
0.0849922
0.0859374
0.0867614
0.0874676
0.0880589
0.0885389
0.0889113
0.08918
0.0893484
0.0894201
0.0893982
0.0892855
0.0890843
0.0887969
0.0884273
0.0879806
0.087462
0.0868757
0.086225
0.0855124
0.0847401
0.0839094
0.083021
0.082075
0.0810718
0.0800121
0.0788975
0.0777289
0.0765065
0.0752305
0.0739014
0.0725204
0.0710889
0.0696077
0.0680771
0.0664974
0.0648692
0.0631933
0.0614708
0.0597033
0.0578927
0.0560411
0.0541504
0.0522226
0.050259
0.0482606
0.0462283
0.044163
0.0420659
0.0399387
0.0377837
0.0356022
0.0333951
0.0311636
0.0289113
0.0266437
0.0243675
0.0220903
0.0198202
0.0175659
0.0153357
0.0131365
0.0109731
0.00884876
0.0067664
0.00472899
0.00273862
0.000796173
-0.00109818
-0.00294445
-0.00474306
-0.00649527
-0.00820341
-0.00987081
-0.0115015
-0.0130996
-0.0146688
-0.0162117
-0.0177301
-0.0192254
-0.0206982
-0.0221478
-0.0235718
-0.0249674
-0.0263302
-0.027655
-0.0289361
-0.0301675
-0.0313443
-0.0324613
-0.0335136
-0.034496
-0.0354045
-0.036237
-0.0369931
-0.0376731
-0.0382769
-0.0388043
-0.0392545
-0.0396264
-0.0399179
-0.0401272
-0.0402533
-0.0402957
-0.0402532
-0.0401241
-0.0399067
-0.0395998
-0.0392026
-0.0387153
-0.0381389
-0.0374758
-0.0367293
-0.0359028
-0.0349995
-0.0340224
-0.0329748
-0.0318612
-0.0306864
-0.0294552
-0.028172
-0.0268414
-0.0254672
-0.0240531
-0.0226028
-0.0211198
-0.0196077
-0.0180699
-0.016509
-0.0149267
-0.0133239
-0.0117007
-0.0100566
-0.00839068
-0.00670191
-0.00498981
-0.00325482
-0.0014984
0.000277096
0.00206856
0.00387234
0.00568431
0.00749991
0.00931465
0.0111247
0.0129272
0.0147201
0.0165023
0.0182733
0.0200337
0.0217852
0.02353
0.0252698
0.0270054
0.0287375
0.0304676
0.0321976
0.0339297
0.0356651
0.0374034
0.0391434
0.0408836
0.0426226
0.0443582
0.0460888
0.0478136
0.0495324
0.0512443
0.0529479
0.0546414
0.0563231
0.0579902
0.0596394
0.0612664
0.0628661
0.064432
0.0659574
0.0674358
0.0688614
0.0702296
0.0715366
0.0727797
0.0739574
0.0750683
0.0761106
0.0770832
0.0779846
0.078813
0.0795656
0.0802397
0.0808331
0.081344
0.0817709
0.082112
0.0823659
0.0825315
0.0826084
0.0825964
0.0824948
0.0823025
0.0820172
0.0816362
0.0811565
0.0805764
0.0798965
0.0791197
0.0782509
0.0772958
0.0762608
0.0751527
0.0739782
0.072743
0.0714512
0.0701054
0.0687079
0.0672613
0.0657676
0.0642282
0.0626441
0.0610163
0.0593466
0.057637
0.0558896
0.0541075
0.0522944
0.050454
0.0485898
0.0467047
0.0448014
0.0428819
0.040948
0.0390014
0.0370434
0.0350746
0.0330945
0.031102
0.0290953
0.0270721
0.0250297
0.0229655
0.0208782
0.0187677
0.016635
0.0144827
0.0123151
0.0101382
0.00795866
0.00578416
0.00362236
0.00148088
-0.00063274
-0.0027113
-0.00474837
-0.00673819
-0.00867477
-0.0105514
-0.0123614
-0.0140994
-0.0157611
-0.0173435
-0.0188436
-0.0202591
-0.0215885
-0.0228303
-0.0239827
-0.0250431
-0.0260091
-0.0268791
-0.0276524
-0.0283294
-0.0289113
-0.0294006
-0.0298011
-0.0301176
-0.0303562
-0.0305228
-0.0306237
-0.0306648
-0.0306518
-0.0305892
-0.0304805
-0.0303282
-0.0301338
-0.0298972
-0.0296173
-0.029292
-0.0289186
-0.0284936
-0.0280128
-0.0274724
-0.0268693
-0.0262012
-0.025467
-0.0246666
-0.0238002
-0.0228689
-0.0218746
-0.0208199
-0.0197077
-0.0185401
-0.0173189
-0.0160454
-0.0147215
-0.0133494
-0.0119308
-0.0104665
-0.00895773
-0.0074055
-0.00581133
-0.00417694
-0.00250421
-0.000795267
0.000947461
0.00272182
0.00452651
0.00636059
0.00822224
0.0101082
0.0120142
0.0139358
0.015868
0.0178063
0.0197462
0.0216837
0.0236158
0.0255408
0.0274575
0.029365
0.031262
0.0331465
0.0350166
0.0368699
0.0387035
0.0405142
0.0422985
0.0440521
0.0457702
0.0474472
0.049078
0.0506585
0.0521859
0.053659
0.0550775
0.0564418
0.0577531
0.0590127
0.0602218
0.0613812
0.0624911
0.0635514
0.0645619
0.0655218
0.0664294
0.0672827
0.068081
0.0688243
0.0695125
0.0701451
0.0707209
0.0712386
0.0716961
0.0720912
0.072421
0.0726835
0.0728781
0.0730052
0.0730649
0.0730567
0.0729794
0.0728316
0.0726115
0.0723166
0.0719437
0.0714893
0.0709506
0.0703256
0.0696133
0.0688138
0.067928
0.0669567
0.0659006
0.0647606
0.0635375
0.0622332
0.0608499
0.0593904
0.0578583
0.0562581
0.0545947
0.0528737
0.051101
0.0492825
0.0474245
0.0455334
0.0436159
0.0416781
0.039726
0.0377655
0.0358025
0.0338426
0.0318906
0.0299504
0.0280238
0.0261117
0.0242144
0.0223325
0.0204667
0.0186173
0.0167849
0.0149703
0.0131744
0.0113984
0.00964327
0.00791047
0.00620256
0.00452343
0.00287729
0.00126785
-0.000301642
-0.00182772
-0.00330641
-0.00473364
-0.00610588
-0.00742052
-0.00867565
-0.00986992
-0.0110028
-0.0120745
-0.0130861
-0.0140392
-0.0149353
-0.0157755
-0.0165609
-0.0172925
-0.0179707
-0.0185954
-0.0191657
-0.0196799
-0.0201362
-0.0205327
-0.0208679
-0.0211413
-0.0213527
-0.021502
-0.0215887
-0.0216119
-0.0215706
-0.0214646
-0.0212937
-0.0210578
-0.020756
-0.020388
-0.0199548
-0.0194586
-0.0189027
-0.0182906
-0.0176262
-0.0169136
-0.0161562
-0.015357
-0.0145188
-0.0136443
-0.0127363
-0.011797
-0.0108274
-0.00982733
-0.00879704
-0.00773738
-0.00664968
-0.00553524
-0.00439522
-0.00323067
-0.00204258
-0.000831804
0.000401252
0.00165686
0.00293604
0.00424025
0.00557088
0.00692904
0.00831542
0.00973017
0.0111731
0.0126434
0.0141402
0.0156618
0.0172062
0.0187713
0.0203545
0.0219532
0.0235641
0.025184
0.0268092
0.0284356
0.0300575
0.0316692
0.0332656
0.0348419
0.0363938
0.0379181
0.0394132
0.0408779
0.0423104
0.0437092
0.0450739
0.0464057
0.0477059
0.0489754
0.0502151
0.0514256
0.052607
0.0537586
0.0548792
0.0559671
0.0570205
0.0580373
0.059014
0.0599455
0.0608263
0.0616514
0.0624166
0.063118
0.0637521
0.0643158
0.064807
0.0652241
0.065566
0.0658319
0.0660221
0.066137
0.0661772
0.0661438
0.0660382
0.0658619
0.0656163
0.0653025
0.0649212
0.0644728
0.0639578
0.0633764
0.0627294
0.0620179
0.0612437
0.0604087
0.0595144
0.0585625
0.0575545
0.0564913
0.0553742
0.0542048
0.052985
0.0517163
0.0503993
0.0490348
0.0476244
0.0461713
0.0446798
0.0431545
0.0416005
0.0400227
0.0384261
0.0368157
0.0351956
0.0335696
0.0319427
0.0303208
0.0287102
0.0271157
0.0255407
0.0239876
0.0224581
0.0209534
0.0194745
0.0180224
0.0165985
0.0152041
0.0138406
0.0125092
0.0112106
0.00994539
0.00871446
0.00751861
0.00635889
0.00523657
0.00415322
0.00311076
0.00211136
0.0011572
0.000250423
-0.000606931
-0.00141317
-0.00216698
-0.00286735
-0.00351354
-0.0041054
-0.00464356
-0.00512908
-0.00556279
-0.00594528
-0.00627696
-0.0065586
-0.00679205
-0.00698028
-0.00712646
-0.00723274
-0.00730001
-0.00732837
-0.00731778
-0.00726849
-0.00718131
-0.00705752
-0.0068987
-0.00670643
-0.00648176
-0.00622483
-0.0059354
-0.0056137
-0.00526061
-0.00487709
-0.00446345
-0.00401927
-0.00354376
-0.0030362
-0.00249605
-0.00192272
-0.00131555
-0.000674032
2.25e-06
0.000714165
0.00146323
0.00225116
0.00307927
0.00394796
0.00485684
0.0058049
0.00679049
0.00781076
0.00886166
0.00993907
0.0110398
0.0121616
0.0133018
0.0144579
0.0156275
0.0168083
0.0179976
0.0191918
0.0203875
0.0215817
0.0227727
0.0239587
0.0251374
0.0263067
0.027465
0.0286111
0.0297435
0.030861
0.0319621
0.0330453
0.0341098
0.0351545
0.0361779
0.0371774
0.0381508
0.0390971
0.0400163
0.0409082
0.0417718
0.0426057
0.0434079
0.044177
0.0449109
0.0456076
0.046265
0.0468812
0.0474544
0.0479828
0.0484649
0.0488992
0.0492845
0.0496203
0.0499067
0.0501444
0.0503349
0.0504803
0.0505833
0.0506467
0.0506739
0.0506688
0.0506355
0.0505779
0.0504988
0.0504007
0.0502849
0.0501526
0.0500041
0.049839
0.0496562
0.0494545
0.0492326
0.0489895
0.0487233
0.0484317
0.0481126
0.0477654
0.0473904
0.0469877
0.0465572
0.0460986
0.0456117
0.0450968
0.0445548
0.043987
0.0433954
0.042783
0.0421533
0.0415095
0.0408535
0.0401868
0.0395107
0.0388265
0.0381356
0.0374386
0.0367357
0.0360262
0.0353092
0.0345833
0.0338467
0.0330973
0.0323332
0.0315528
0.0307547
0.0299378
0.0291013
0.0282452
0.0273696
0.0264744
0.0255596
0.0246253
0.0236715
0.022699
0.0217089
0.0207027
0.0196824
0.0186499
0.0176075
0.0165578
0.0155032
0.0144464
0.0133901
0.0123377
0.0112919
0.0102549
0.00922891
0.00821629
0.00721996
0.00624313
0.00528904
0.0043607
0.00346072
0.00259123
0.00175378
0.000949409
0.000179522
-0.000553244
-0.00124534
-0.00189358
-0.00249577
-0.00305052
-0.00355691
-0.00401443
-0.00442313
-0.00478352
-0.00509627
-0.00536176
-0.00557991
-0.00575039
-0.0058729
-0.00594722
-0.00597309
-0.0059502
-0.00587827
-0.00575722
-0.00558724
-0.00536884
-0.0051029
-0.00479067
-0.00443355
-0.00403293
-0.00358999
-0.00310572
-0.00258079
-0.00201562
-0.00141055
-0.000766053
-8.28108e-05
0.000638264
0.00139602
0.00218925
0.00301692
0.00387798
0.00477043
0.00569122
0.00663731
0.00760655
0.00859758
0.00960922
0.0106402
0.0116894
0.0127555
0.0138373
0.0149332
0.0160408
0.0171578
0.0182827
0.0194147
0.0205524
0.021694
0.022837
0.0239793
0.0251189
0.0262541
0.0273829
0.0285031
0.029612
0.0307071
0.0317855
0.0328435
0.0338776
0.0348842
0.0358599
0.0368013
0.0377052
0.0385686
0.0393894
0.0401659
0.0408973
0.0415837
0.0422255
0.0428231
0.0433777
0.0438908
0.0443643
0.0448003
0.0452005
0.0455661
0.0458982
0.0461981
0.0464674
0.0467079
0.0469217
0.0471104
0.0472748
0.0474154
0.0475329
0.0476284
0.0477035
0.0477593
0.0477965
0.0478151
0.0478145
0.0477933
0.0477491
0.0476795
0.0475825
0.0474567
0.0473005
0.0471114
0.0468868
0.0466245
0.0463225
0.0459792
0.0455934
0.0451639
0.0446904
0.0441728
0.0436118
0.043008
0.0423621
0.0416752
0.0409493
0.040187
0.039391
0.0385639
0.0377077
0.036825
0.0359182
0.0349901
0.0340426
0.0330768
0.0320936
0.0310934
0.0300767
0.029045
0.0280005
0.0269464
0.0258857
0.0248207
0.0237538
0.0226883
0.0216285
0.0205787
0.0195423
0.0185217
0.0175193
0.0165371
0.015577
0.0146411
0.0137324
0.0128544
0.0120116
0.0112079
0.0104468
0.00973115
0.00906407
0.00844925
0.00789
0.00738858
0.00694634
0.00656415
0.00624253
0.00598187
0.00578255
0.00564481
0.0055688
0.00555484
0.0056035
0.0057156
0.00589179
0.0061322
0.00643651
0.00680404
0.00723368
0.00772399
0.00827345
0.00888059
0.00954392
0.0102618
0.0110324
0.0118527
0.0127192
0.0136281
0.0145748
0.0155548
0.0165636
0.0175977
0.018654
0.0197297
0.0208211
0.0219249
0.0230381
0.0241571
0.025277
0.0263928
0.0274994
0.0285917
0.0296647
0.030713
0.031732
0.0327182
0.0336692
0.0345827
0.0354563
0.0362872
0.0370736
0.0378145
0.0385091
0.0391563
0.0397546
0.0403025
0.0407981
0.0412389
0.0416218
0.0419434
0.0422008
0.0423915
0.0425139
0.0425669
0.0425503
0.0424647
0.0423114
0.0420925
0.0418103
0.0414748
0.0411034
0.0407047
0.0402794
0.0398284
0.0393525
0.0388526
0.0383297
0.0377849
0.0372192
0.0366336
0.0360293
0.0354075
0.0347692
0.0341155
0.0334476
0.0327666
0.0320737
0.0313702
0.0306572
0.0299359
0.0292077
0.0284738
0.0277356
0.0269943
0.0262513
0.0255077
0.0247651
0.0240244
0.0232871
0.0225544
0.0218275
0.0211078
0.0203965
0.0196947
0.0190038
0.0183248
0.017659
0.0170075
0.0163713
0.0157516
0.0151492
0.0145654
0.014001
0.0134569
0.012934
0.0124333
0.0119555
0.0115012
0.0110711
0.0106658
0.010286
0.00993207
0.00960464
0.00930413
0.00903097
0.00878551
0.00856809
0.00837902
0.00821853
0.00808684
0.00798411
0.00791047
0.00786599
0.00785072
0.00786466
0.00790776
0.00797994
0.00808108
0.008211
0.00836951
0.00855633
0.00877118
0.00901372
0.00928358
0.00958033
0.00990353
0.0102527
0.0106272
0.0110265
0.01145
0.011897
0.0123668
0.0128586
0.0133717
0.0139053
0.0144583
0.0150297
0.0156187
0.016224
0.0168448
0.01748
0.0181284
0.018789
0.0194605
0.0201418
0.0208318
0.0215291
0.0222325
0.022941
0.0236531
0.0243678
0.0250837
0.0257996
0.0265144
0.0272268
0.0279355
0.0286393
0.0293369
0.0300272
0.030709
0.0313811
0.0320423
0.0326916
0.0333278
0.0339498
0.0345568
0.0351475
0.0357211
0.0362764
0.0368126
0.0373286
0.0378235
0.0382963
0.0387463
0.0391726
0.0395744
0.039951
0.0403018
0.0406261
0.0409233
0.0411931
0.0414349
0.0416484
0.0418331
0.041989
0.0421156
0.0422128
0.0422805
0.0423185
0.0423269
0.0423057
0.0422548
0.0421745
0.0420649
0.0419262
0.0417587
0.0415627
0.0413385
0.0410867
0.0408076
0.0405017
0.0401698
0.0398124
0.0394301
0.0390238
0.0385942
0.0381422
0.0376687
0.0371745
0.0366607
0.0361281
0.0355779
0.035011
0.0344284
0.0338312
0.0332204
0.0325969
0.031962
0.0313167
0.0306621
0.0299993
0.0293296
0.0286542
0.0279741
0.0272907
0.0266051
0.0259185
0.0252322
0.0245472
0.0238648
0.023186
0.0225122
0.0218443
0.0211837
0.0205315
0.0198886
0.0192564
0.0186358
0.018028
0.0174339
0.0168545
0.0162909
0.0157438
0.0152143
0.0147033
0.0142115
0.0137399
0.013289
0.0128598
0.0124528
0.0120688
0.0117081
0.0113714
0.0110592
0.0107718
0.0105097
0.0102733
0.0100629
0.00987881
0.00972125
0.00959044
0.00948656
0.00940975
0.00936008
0.00933761
0.00934236
0.0093743
0.00943335
0.00951941
0.00963233
0.00977191
0.00993794
0.0101301
0.0103482
0.0105918
0.0108605
0.0111539
0.0114715
0.0118129
0.0121774
0.0125646
0.0129737
0.0134042
0.0138552
0.0143261
0.0148159
0.0153239
0.015849
0.0163905
0.0169473
0.0175185
0.0181032
0.0187003
0.0193088
0.0199275
0.0205555
0.0211916
0.0218347
0.0224837
0.0231374
0.0237947
0.0244546
0.0251157
0.0257771
0.0264376
0.027096
0.0277512
0.0284021
0.0290475
0.0296862
0.0303172
0.0309394
0.0315518
0.0321532
0.0327427
0.0333193
0.0338819
0.0344298
0.0349619
0.0354774
0.0359753
0.0364547
0.0369149
0.037355
0.0377741
0.0381716
0.0385467
0.0388987
0.0392269
0.0395309
0.0398099
0.0400636
0.0402915
0.0404933
0.0406685
0.0408169
0.0409383
0.0410325
0.0410992
0.0411386
0.0411504
0.0411347
0.0410915
0.041021
0.0409234
0.0407987
0.0406473
0.0404695
0.0402655
0.0400359
0.0397811
0.0395015
0.0391977
0.0388704
0.03852
0.0381475
0.0377534
0.0373386
0.0369039
0.0364501
0.035978
0.0354885
0.0349826
0.0344612
0.0339252
0.0333754
0.0328128
0.0322384
0.0316532
0.0310582
0.0304544
0.0298429
0.0292249
0.0286013
0.0279733
0.0273419
0.0267084
0.0260738
0.0254393
0.0248058
0.0241744
0.0235463
0.0229226
0.0223042
0.0216923
0.021088
0.0204922
0.019906
0.0193305
0.0187665
0.0182151
0.0176773
0.0171538
0.0166456
0.0161536
0.0156784
0.015221
0.014782
0.0143623
0.0139625
0.0135832
0.013225
0.0128886
0.0125745
0.0122831
0.0120149
0.0117701
0.0115493
0.0113526
0.0111804
0.0110329
0.0109103
0.0108128
0.0107405
0.0106935
0.0106719
0.0106756
0.0107046
0.0107589
0.0108383
0.0109428
0.0110721
0.011226
0.0114043
0.0116067
0.0118329
0.0120824
0.0123549
0.0126499
0.012967
0.0133057
0.0136653
0.0140453
0.0144449
0.0148635
0.0153003
0.0157546
0.0162256
0.0167124
0.0172143
0.0177303
0.0182596
0.0188013
0.0193544
0.0199179
0.0204908
0.0210721
0.0216609
0.022256
0.0228565
0.0234612
0.0240693
0.0246795
0.0252908
0.0259023
0.0265128
0.0271214
0.0277269
0.0283282
0.0289244
0.0295144
0.0300971
0.0306716
0.0312369
0.031792
0.0323359
0.0328678
0.0333867
0.0338918
0.0343822
0.0348572
0.0353159
0.0357575
0.0361814
0.0365866
0.0369725
0.0373383
0.0376835
0.0380074
0.0383094
0.0385889
0.0388455
0.0390786
