-3545.53 -1.7354e-05
-1542.24 -7.54866e-06
674.348 3.30067e-06
4009.9 1.96269e-05
7922.76 3.87788e-05
12069.4 5.9075e-05
16254 7.9557e-05
20414.2 9.99197e-05
24504.3 0.000119939
28535.5 0.00013967
32496.4 0.000159057
36365.5 0.000177995
40226.1 0.000196891
44019.3 0.000215458
47724.1 0.000233591
51474.9 0.00025195
55163 0.000270002
58810.8 0.000287856
62450.7 0.000305672
66060.7 0.000323341
69666.4 0.00034099
73271.4 0.000358635
76819.6 0.000376002
80349.2 0.000393278
83871.9 0.000410521
87389 0.000427735
90943.1 0.000445131
94450.5 0.000462299
97957.6 0.000479464
101458 0.000496596
104941 0.000513647
108426 0.000530703
111899 0.0005477
115337 0.000564528
118776 0.000581364
122199 0.000598118
125626 0.000614891
129038 0.00063159
132478 0.000648426
135929 0.000665318
139360 0.000682113
142793 0.000698916
146228 0.00071573
149623 0.000732345
153014 0.000748943
156407 0.00076555
159782 0.000782072
163157 0.00079859
166533 0.000815113
169895 0.000831569
173257 0.000848027
176618 0.000864474
179979 0.000880928
183324 0.000897298
186669 0.000913672
190013 0.000930039
193354 0.000946393
196680 0.000962674
200007 0.000978956
203333 0.000995238
206660 0.00101152
209973 0.00102773
213273 0.00104389
216572 0.00106004
219872 0.00107619
223171 0.00109233
226470 0.00110848
229783 0.0011247
233086 0.00114087
236390 0.00115704
239694 0.00117321
242998 0.00118938
246303 0.00120556
249608 0.00122174
252901 0.00123785
256191 0.00125396
259481 0.00127006
262772 0.00128617
266062 0.00130227
269352 0.00131838
272642 0.00133448
275933 0.00135059
279212 0.00136664
282491 0.00138269
285768 0.00139873
289044 0.00141477
292321 0.00143081
295597 0.00144685
298873 0.00146289
302149 0.00147893
305425 0.00149497
308700 0.00151101
311966 0.001527
315231 0.001543
318496 0.00155899
321759 0.00157498
325021 0.00159097
328281 0.00160696
331541 0.00162294
334800 0.00163894
338058 0.00165493
341314 0.00167093
344567 0.00168692
347816 0.00170291
351062 0.0017189
354299 0.00173486
357533 0.00175084
360763 0.00176683
363990 0.00178283
367212 0.00179886
370430 0.0018149
373641 0.00183097
376844 0.00184708
380039 0.00186321
383223 0.00187939
386396 0.00189561
389556 0.0019119
392700 0.00192826
395826 0.00194469
398931 0.00196123
402011 0.00197787
405063 0.00199464
408083 0.00201156
411064 0.00202866
413997 0.00204592
416881 0.00206342
419707 0.00208118
422467 0.00209925
425153 0.00211765
427755 0.00213645
430261 0.0021557
432661 0.00217544
434943 0.00219573
437095 0.00221663
439105 0.0022382
440965 0.00226049
442666 0.00228354
444202 0.00230738
445572 0.00233204
446779 0.00235752
447828 0.0023838
448728 0.00241088
449493 0.0024387
450136 0.00246723
450673 0.00249645
451120 0.00252632
451489 0.00255681
451796 0.00258806
452054 0.00262035
452269 0.00265336
452448 0.00268705
452599 0.0027214
452728 0.00275643
452839 0.00279211
452937 0.00282841
453024 0.00286529
453103 0.0029027
453175 0.00294059
453242 0.00297891
453305 0.00301762
453366 0.00305669
453425 0.00309608
453481 0.0031358
453537 0.00317588
453593 0.00321633
453647 0.00325718
453702 0.00329849
453757 0.00334029
453812 0.00338263
453868 0.00342553
453924 0.00346903
453980 0.00351312
454037 0.0035578
454095 0.00360302
454153 0.00364874
454212 0.00369491
454271 0.00374147
454331 0.00378836
454391 0.00383553
454451 0.00388294
454511 0.00393055
454572 0.00397835
454632 0.00402632
454695 0.00407529
454757 0.00412483
454820 0.00417455
454884 0.00422446
454947 0.00427462
455011 0.0043251
455076 0.00437609
455141 0.00442746
455206 0.00447927
455273 0.00453156
455340 0.00458436
455407 0.00463769
455475 0.00469156
455544 0.00474596
455614 0.00480085
455684 0.0048562
455754 0.00491196
455826 0.00496807
455897 0.00502448
455969 0.00508114
456041 0.005138
456113 0.00519503
456185 0.0052522
456258 0.00530947
456331 0.00536684
456403 0.00542427
456476 0.00548176
456549 0.0055393
456622 0.00559688
456695 0.0056545
456768 0.00571217
456841 0.00576987
456914 0.00582762
456988 0.00588543
457061 0.00594328
457134 0.00600121
457208 0.00605922
457281 0.00611733
457355 0.00617555
457429 0.0062339
457503 0.00629241
457578 0.00635158
457655 0.00641198
457731 0.00647263
457809 0.00653355
457886 0.00659479
457964 0.00665636
458043 0.00671828
458121 0.00678056
458201 0.00684318
458281 0.00690616
458361 0.00696945
458441 0.00703305
458522 0.00709692
458603 0.00716104
458685 0.00722537
458767 0.00729006
458849 0.00735505
458932 0.00742017
459014 0.0074854
459097 0.00755071
459180 0.0076161
459263 0.00768155
459346 0.00774705
459429 0.00781258
459512 0.00787815
459595 0.00794375
459678 0.00800936
459761 0.00807499
459844 0.00814063
459927 0.00820628
460011 0.00827194
460094 0.0083376
460177 0.00840327
460260 0.00846893
460343 0.0085346
460426 0.00860026
460510 0.00866593
460593 0.00873159
460676 0.00879725
460759 0.00886291
460842 0.00892856
460925 0.00899421
461009 0.00905986
461092 0.00912551
461175 0.00919115
461258 0.00925679
461341 0.00932243
461424 0.00938807
461508 0.00945371
461591 0.00951934
461674 0.00958498
461757 0.00965061
461840 0.00971625
461923 0.0097819
462006 0.00984754
462090 0.0099132
462173 0.00997886
462256 0.0100445
462339 0.0101102
462422 0.0101759
462506 0.0102417
462589 0.0103074
462672 0.0103732
462756 0.010439
462839 0.0105049
462923 0.0105713
463009 0.0106388
463094 0.0107063
463180 0.0107739
463266 0.0108416
463351 0.0109093
463437 0.0109772
463523 0.0110452
463610 0.0111133
463696 0.0111816
463783 0.01125
