-0.654929 343.299 6.20315 0.654929 -343.299 0.00177893
-1.30914 343.3 12.4001 1.30914 -343.3 0.00334932
-1.96268 343.3 18.5909 1.96268 -343.3 0.00502309
-2.61544 343.3 24.7747 2.61544 -343.3 0.00669802
-3.26726 343.3 30.95 3.26726 -343.3 0.00836585
-3.87874 343.327 36.7754 3.87874 -343.327 -0.00106315
-4.44096 343.336 42.1516 4.44096 -343.336 -0.00208208
-4.91827 343.389 46.7764 4.91827 -343.389 -0.0113408
-5.32621 343.409 50.771 5.32621 -343.409 -0.011337
-5.68538 343.373 54.3174 5.68538 -343.373 -0.000242106
-6.00325 343.41 57.5093 6.00325 -343.41 -0.00346014
-6.29194 343.336 60.4198 6.29194 -343.336 0.0123081
-6.55572 343.314 63.1175 6.55572 -343.314 0.0184427
-6.7978 343.34 65.6331 6.7978 -343.34 0.0130683
-7.02473 343.394 68.0084 7.02473 -343.394 0.0129474
-7.23865 343.368 70.2598 7.23865 -343.368 0.0189794
-7.44236 343.348 72.4255 7.44236 -343.348 0.0195499
-7.63362 343.319 74.4739 7.63362 -343.319 0.0256822
-7.81946 343.342 76.4793 7.81946 -343.342 0.0273197
-7.99419 343.358 78.3923 7.99419 -343.358 0.0217977
-8.16486 343.363 80.2566 8.16486 -343.363 0.0284211
-8.32979 343.32 82.0716 8.32979 -343.32 0.0319528
-8.48945 343.357 83.847 8.48945 -343.357 0.029729
-8.64219 343.32 85.5517 8.64219 -343.32 0.0344817
-8.79442 343.309 87.2542 8.79442 -343.309 0.0374832
-8.94145 343.367 88.9142 8.94145 -343.367 0.0382383
-9.08413 343.326 90.5325 9.08413 -343.326 0.0390794
-9.2257 343.309 92.1396 9.2257 -343.309 0.0418853
-9.36397 343.365 93.721 9.36397 -343.365 0.0429816
-9.49709 343.324 95.2535 9.49709 -343.324 0.0440615
-9.63049 343.308 96.7879 9.63049 -343.308 0.0464508
-9.76388 343.303 98.3229 9.76388 -343.303 0.0483746
-9.8938 343.382 99.8309 9.8938 -343.382 0.049073
-10.019 343.342 101.294 10.019 -343.342 0.0484787
-10.1442 343.316 102.754 10.1442 -343.316 0.0517852
-10.2694 343.306 104.215 10.2694 -343.306 0.0540314
-10.3945 343.302 105.676 10.3945 -343.302 0.0558163
-10.516 343.408 107.11 10.516 -343.408 0.056384
-10.6347 343.359 108.513 10.6347 -343.359 0.0568583
-10.7535 343.327 109.917 10.7535 -343.327 0.0587887
-10.8725 343.311 111.322 10.8725 -343.311 0.0614954
-10.9915 343.304 112.728 10.9915 -343.304 0.0631241
-11.1109 343.305 114.135 11.1109 -343.305 0.068642
-11.2262 343.412 115.515 11.2262 -343.412 0.0678508
-11.3385 343.348 116.862 11.3385 -343.348 0.0669826
-11.4514 343.331 118.213 11.4514 -343.331 0.0689776
-11.5638 343.313 119.561 11.5638 -343.313 0.0703712
-11.6765 343.305 120.91 11.6765 -343.305 0.0720143
-11.7891 343.302 122.259 11.7891 -343.302 0.0736167
-11.9019 343.302 123.609 11.9019 -343.302 0.0770545
-12.0138 343.308 124.954 12.0138 -343.308 0.0772862
-12.1228 343.304 126.27 12.1228 -343.304 0.07933
-12.2315 343.301 127.586 12.2315 -343.301 0.0799781
-12.3403 343.3 128.902 12.3403 -343.3 0.0812413
-12.4494 343.302 130.218 12.4494 -343.302 0.0852087
-12.5575 343.307 131.529 12.5575 -343.307 0.0850424
-12.6653 343.306 132.836 12.6653 -343.306 0.0858073
-12.7731 343.302 134.142 12.7731 -343.302 0.0871682
-12.8809 343.301 135.449 12.8809 -343.301 0.0886314
-12.9888 343.302 136.755 12.9888 -343.302 0.0919889
-13.096 343.3 138.057 13.096 -343.3 0.0922936
-13.2029 343.323 139.358 13.2029 -343.323 0.0926257
-13.3073 343.312 140.633 13.3073 -343.312 0.0948364
-13.4115 343.305 141.907 13.4115 -343.305 0.0961984
-13.5158 343.302 143.182 13.5158 -343.302 0.0976511
-13.6213 343.313 144.46 13.6213 -343.313 0.10869
-13.7243 343.306 145.728 13.7243 -343.306 0.104462
-13.8277 343.303 146.998 13.8277 -343.303 0.103676
-13.9314 343.301 148.269 13.9314 -343.301 0.104394
-14.0351 343.3 149.539 14.0351 -343.3 0.10546
-14.1394 343.309 150.81 14.1394 -343.309 0.11143
-14.2419 343.304 152.072 14.2419 -343.304 0.110285
-14.3447 343.302 153.334 14.3447 -343.302 0.110625
-14.4475 343.3 154.597 14.4475 -343.3 0.111622
-14.5504 343.3 155.859 14.5504 -343.3 0.112905
-14.6534 343.301 157.122 14.6534 -343.301 0.1155
-14.7573 343.313 158.386 14.7573 -343.313 0.12541
-14.8588 343.309 159.641 14.8588 -343.309 0.121885
-14.9589 343.305 160.882 14.9589 -343.305 0.121019
-15.0593 343.302 162.123 15.0593 -343.302 0.121396
-15.1598 343.301 163.364 15.1598 -343.301 0.122366
-15.2602 343.3 164.605 15.2602 -343.3 0.123621
-15.3623 343.318 165.85 15.3623 -343.318 0.136853
-15.4613 343.31 167.083 15.4613 -343.31 0.132553
-15.5607 343.306 168.318 15.5607 -343.306 0.131115
-15.6604 343.303 169.552 15.6604 -343.303 0.131125
-15.7601 343.301 170.787 15.7601 -343.301 0.131871
-15.8599 343.3 172.022 15.8599 -343.3 0.132993
-15.9606 343.311 173.26 15.9606 -343.311 0.141164
-16.0597 343.31 174.489 16.0597 -343.31 0.141397
-16.1584 343.306 175.718 16.1584 -343.306 0.14028
-16.2573 343.303 176.946 16.2573 -343.303 0.140437
-16.3563 343.302 178.174 16.3563 -343.302 0.141211
-16.4554 343.3 179.402 16.4554 -343.3 0.142323
-16.5544 343.3 180.631 16.5544 -343.3 0.143623
-16.6553 343.323 181.865 16.6553 -343.323 0.158941
-16.7527 343.335 183.085 16.7527 -343.335 0.154345
-16.8502 343.32 184.301 16.8502 -343.32 0.152951
-16.9478 343.312 185.517 16.9478 -343.312 0.15263
-17.0455 343.307 186.734 17.0455 -343.307 0.152999
-17.1433 343.304 187.952 17.1433 -343.304 0.153809
-17.2412 343.302 189.169 17.2412 -343.302 0.154898
-17.341 343.327 190.393 17.341 -343.327 0.170723
-17.4374 343.318 191.603 17.4374 -343.318 0.166418
-17.5337 343.368 192.816 17.5337 -343.368 0.163909
-17.6295 343.34 194.013 17.6295 -343.34 0.164667
-17.7253 343.324 195.211 17.7253 -343.324 0.165211
-17.8212 343.314 196.411 17.8212 -343.314 0.165865
-17.9171 343.308 197.611 17.9171 -343.308 0.166712
-18.0139 343.316 198.815 18.0139 -343.316 0.173738
-18.109 343.311 200.009 18.109 -343.311 0.172793
-18.2042 343.307 201.204 18.2042 -343.307 0.172746
-18.2994 343.304 202.399 18.2994 -343.304 0.173268
-18.3948 343.304 203.594 18.3948 -343.304 0.174844
-18.4899 343.302 204.788 18.4899 -343.302 0.175724
-18.5851 343.301 205.982 18.5851 -343.301 0.176843
-18.6802 343.3 207.175 18.6802 -343.3 0.178114
-18.7758 343.306 208.37 18.7758 -343.306 0.182565
-18.8702 343.304 209.558 18.8702 -343.304 0.182983
-18.9646 343.303 210.745 18.9646 -343.303 0.183791
-19.059 343.301 211.932 19.059 -343.301 0.184849
-19.1534 343.301 213.119 19.1534 -343.301 0.18607
-19.2477 343.3 214.305 19.2477 -343.3 0.187398
-19.3422 343.302 215.491 19.3422 -343.302 0.189918
-19.4363 343.301 216.676 19.4363 -343.301 0.190995
-19.5303 343.3 217.859 19.5303 -343.3 0.192223
-19.6248 343.307 219.044 19.6248 -343.307 0.196692
-19.718 343.305 220.221 19.718 -343.305 0.197132
-19.8112 343.303 221.397 19.8112 -343.303 0.197909
-19.9043 343.302 222.573 19.9043 -343.302 0.198909
-19.9973 343.301 223.748 19.9973 -343.301 0.200059
-20.0903 343.3 224.921 20.0903 -343.3 0.201306
-20.1831 343.299 226.094 20.1831 -343.299 0.202616
-20.2757 343.299 227.265 20.2757 -343.299 0.203964
-20.3683 343.301 228.435 20.3683 -343.301 0.206158
-20.4605 343.3 229.603 20.4605 -343.3 0.207289
-20.5528 343.304 230.769 20.5528 -343.304 0.210309
-20.6439 343.302 231.927 20.6439 -343.302 0.211055
-20.7348 343.301 233.083 20.7348 -343.301 0.211959
-20.8254 343.3 234.236 20.8254 -343.3 0.212962
-20.9157 343.299 235.386 20.9157 -343.299 0.214024
-21.0056 343.298 236.533 21.0056 -343.298 0.215112
-21.0951 343.298 237.676 21.0951 -343.298 0.216203
-21.1841 343.297 238.814 21.1841 -343.297 0.217278
-21.2725 343.297 239.948 21.2725 -343.297 0.21832
-21.3603 343.296 241.076 21.3603 -343.296 0.219315
-21.4474 343.296 242.198 21.4474 -343.296 0.220252
-21.5337 343.303 243.314 21.5337 -343.303 0.221517
-21.6197 343.315 244.422 21.6197 -343.315 0.227903
-21.7032 343.309 245.513 21.7032 -343.309 0.227202
-21.7857 343.304 246.594 21.7857 -343.304 0.226689
-21.8669 343.301 247.664 21.8669 -343.301 0.226309
-21.9468 343.298 248.722 21.9468 -343.298 0.226009
-22.0251 343.295 249.766 22.0251 -343.295 0.225744
-22.1018 343.293 250.795 22.1018 -343.293 0.225487
-22.1765 343.292 251.807 22.1765 -343.292 0.225222
-22.2489 343.317 252.804 22.2489 -343.317 0.223807
-22.3191 343.305 253.773 22.3191 -343.305 0.224776
-22.3869 343.297 254.721 22.3869 -343.297 0.225105
-22.4522 343.291 255.648 22.4522 -343.291 0.225217
-22.5149 343.288 256.552 22.5149 -343.288 0.22537
-22.575 343.285 257.432 22.575 -343.285 0.225741
-22.6326 343.283 258.29 22.6326 -343.283 0.226453
-22.6877 343.281 259.125 22.6877 -343.281 0.227587
-22.7405 343.318 259.942 22.7405 -343.318 0.232781
-22.7893 343.312 260.72 22.7893 -343.312 0.233853
-22.836 343.302 261.477 22.836 -343.302 0.235839
-22.8808 343.295 262.218 22.8808 -343.295 0.238071
-22.9241 343.291 262.946 22.9241 -343.291 0.240587
-22.966 343.288 263.661 22.966 -343.288 0.243339
-23.0068 343.287 264.367 23.0068 -343.287 0.246245
-23.0467 343.286 265.064 23.0467 -343.286 0.249222
-23.0859 343.287 265.755 23.0859 -343.287 0.252193
-23.1243 343.287 266.439 23.1243 -343.287 0.255102
-23.1623 343.288 267.12 23.1623 -343.288 0.25791
-23.1998 343.289 267.796 23.1998 -343.289 0.260592
-23.237 343.29 268.47 23.237 -343.29 0.263138
-23.2739 343.291 269.141 23.2739 -343.291 0.265545
-23.3105 343.292 269.81 23.3105 -343.292 0.267816
-23.3469 343.293 270.477 23.3469 -343.293 0.26996
-23.3831 343.293 271.143 23.3831 -343.293 0.271986
-23.4191 343.294 271.807 23.4191 -343.294 0.273904
-23.455 343.295 272.469 23.455 -343.295 0.275722
-23.4907 343.295 273.131 23.4907 -343.295 0.277451
-23.5263 343.296 273.791 23.5263 -343.296 0.279097
-23.5617 343.296 274.449 23.5617 -343.296 0.280665
-23.5969 343.297 275.106 23.5969 -343.297 0.282159
-23.6319 343.297 275.762 23.6319 -343.297 0.283582
-23.6667 343.297 276.415 23.6667 -343.297 0.284933
-23.7012 343.297 277.066 23.7012 -343.297 0.286211
-23.7358 343.305 277.717 23.7358 -343.305 0.289714
-23.7695 343.303 278.361 23.7695 -343.303 0.290448
-23.8028 343.302 279.001 23.8028 -343.302 0.291141
-23.8357 343.301 279.638 23.8357 -343.301 0.291788
-23.8681 343.3 280.27 23.8681 -343.3 0.292378
-23.8998 343.3 280.897 23.8998 -343.3 0.292896
-23.9308 343.299 281.517 23.9308 -343.299 0.293371
-23.9609 343.299 282.129 23.9609 -343.299 0.293695
-23.99 343.298 282.733 23.99 -343.298 0.293911
-24.018 343.298 283.327 24.018 -343.298 0.294015
-24.0448 343.297 283.91 24.0448 -343.297 0.294012
-24.0701 343.297 284.48 24.0701 -343.297 0.293917
-24.0936 343.3 285.035 24.0936 -343.3 0.29289
-24.1136 343.299 285.557 24.1136 -343.299 0.292439
-24.1316 343.298 286.062 24.1316 -343.298 0.292012
-24.1473 343.298 286.546 24.1473 -343.298 0.291697
-24.1609 343.297 287.011 24.1609 -343.297 0.291593
-24.1723 343.296 287.456 24.1723 -343.296 0.291792
-24.1812 343.297 287.88 24.1812 -343.297 0.291692
-24.1878 343.295 288.28 24.1878 -343.295 0.292821
-24.1924 343.293 288.663 24.1924 -343.293 0.294352
-24.1953 343.292 289.029 24.1953 -343.292 0.296285
-24.1965 343.291 289.381 24.1965 -343.291 0.298576
-24.1963 343.29 289.72 24.1963 -343.29 0.301152
-24.195 343.289 290.048 24.195 -343.289 0.303927
-24.1926 343.289 290.368 24.1926 -343.289 0.306815
-24.1894 343.289 290.679 24.1894 -343.289 0.309736
-24.1855 343.289 290.985 24.1855 -343.289 0.312631
-24.1811 343.289 291.286 24.1811 -343.289 0.31545
-24.1762 343.289 291.582 24.1762 -343.289 0.318161
-24.1709 343.29 291.876 24.1709 -343.29 0.320749
-24.1652 343.291 292.166 24.1652 -343.291 0.323203
-24.1593 343.291 292.455 24.1593 -343.291 0.325524
-24.1532 343.292 292.741 24.1532 -343.292 0.327717
-24.147 343.293 293.027 24.147 -343.293 0.32979
-24.1405 343.294 293.31 24.1405 -343.294 0.331753
-24.134 343.294 293.593 24.134 -343.294 0.333617
-24.1273 343.295 293.875 24.1273 -343.295 0.335393
-24.1205 343.295 294.156 24.1205 -343.295 0.337091
-24.1137 343.296 294.437 24.1137 -343.296 0.338722
-24.1068 343.296 294.717 24.1068 -343.296 0.340295
-24.0998 343.296 294.996 24.0998 -343.296 0.341817
-24.0928 343.297 295.275 24.0928 -343.297 0.343295
-24.0857 343.297 295.554 24.0857 -343.297 0.344737
-24.0785 343.297 295.832 24.0785 -343.297 0.346147
-24.0714 343.297 296.11 24.0714 -343.297 0.347531
-24.0642 343.298 296.387 24.0642 -343.298 0.348892
-24.0569 343.298 296.664 24.0569 -343.298 0.350233
-24.0496 343.298 296.941 24.0496 -343.298 0.351559
-24.0423 343.298 297.217 24.0423 -343.298 0.35287
-24.0349 343.298 297.494 24.0349 -343.298 0.354171
-24.027 343.307 297.768 24.027 -343.307 0.353677
-24.0169 343.304 298.019 24.0169 -343.304 0.355591
-24.0068 343.302 298.27 24.0068 -343.302 0.357266
-23.9967 343.3 298.52 23.9967 -343.3 0.358791
-23.9865 343.3 298.771 23.9865 -343.3 0.360221
-23.9762 343.299 299.021 23.9762 -343.299 0.361587
-23.966 343.299 299.271 23.966 -343.299 0.362911
-23.9557 343.299 299.521 23.9557 -343.299 0.364208
-23.9454 343.3 299.771 23.9454 -343.3 0.365839
-23.935 343.3 300.02 23.935 -343.3 0.367059
-23.9246 343.299 300.269 23.9246 -343.299 0.368272
-23.9142 343.299 300.518 23.9142 -343.299 0.369483
-23.9038 343.299 300.767 23.9038 -343.299 0.370694
-23.8933 343.299 301.015 23.8933 -343.299 0.371906
-23.8829 343.299 301.263 23.8829 -343.299 0.37312
-23.8722 343.301 301.511 23.8722 -343.301 0.373897
-23.8613 343.3 301.756 23.8613 -343.3 0.375274
-23.8504 343.3 302 23.8504 -343.3 0.376595
-23.8395 343.299 302.244 23.8395 -343.299 0.37788
-23.8285 343.299 302.487 23.8285 -343.299 0.379144
-23.8175 343.299 302.731 23.8175 -343.299 0.380394
-23.8064 343.299 302.974 23.8064 -343.299 0.381635
-23.7954 343.299 303.217 23.7954 -343.299 0.38287
-23.7843 343.299 303.46 23.7843 -343.299 0.384102
-23.7732 343.299 303.703 23.7732 -343.299 0.385332
-23.7621 343.299 303.945 23.7621 -343.299 0.38656
-23.7509 343.299 304.188 23.7509 -343.299 0.387787
-23.7398 343.299 304.43 23.7398 -343.299 0.389013
-23.7286 343.299 304.672 23.7286 -343.299 0.39024
-23.7173 343.299 304.913 23.7173 -343.299 0.391464
-23.7061 343.299 305.154 23.7061 -343.299 0.392688
-23.6948 343.299 305.396 23.6948 -343.299 0.39391
-23.6835 343.299 305.636 23.6835 -343.299 0.395132
-23.6721 343.299 305.877 23.6721 -343.299 0.396353
-23.6608 343.299 306.117 23.6608 -343.299 0.397573
-23.6494 343.299 306.357 23.6494 -343.299 0.398791
-23.6379 343.299 306.597 23.6379 -343.299 0.400007
-23.6264 343.299 306.836 23.6264 -343.299 0.401222
-23.6149 343.299 307.076 23.6149 -343.299 0.402434
-23.6034 343.299 307.314 23.6034 -343.299 0.403644
-23.5918 343.299 307.553 23.5918 -343.299 0.404851
-23.5801 343.299 307.791 23.5801 -343.299 0.406054
-23.5685 343.299 308.028 23.5685 -343.299 0.407254
-23.5567 343.299 308.265 23.5567 -343.299 0.40845
-23.5449 343.3 308.502 23.5449 -343.3 0.409797
-23.5331 343.299 308.738 23.5331 -343.299 0.410963
-23.5211 343.299 308.973 23.5211 -343.299 0.412123
-23.5091 343.299 309.208 23.5091 -343.299 0.413278
-23.497 343.299 309.442 23.497 -343.299 0.414427
-23.4849 343.299 309.675 23.4849 -343.299 0.41557
-23.4726 343.299 309.907 23.4726 -343.299 0.416704
-23.4602 343.299 310.138 23.4602 -343.299 0.41783
-23.4477 343.3 310.369 23.4477 -343.3 0.418946
-23.435 343.3 310.598 23.435 -343.3 0.420051
-23.4222 343.3 310.826 23.4222 -343.3 0.421143
-23.4093 343.3 311.052 23.4093 -343.3 0.422222
-23.3961 343.3 311.276 23.3961 -343.3 0.423285
-23.3828 343.3 311.499 23.3828 -343.3 0.424333
-23.3692 343.3 311.72 23.3692 -343.3 0.425365
-23.3554 343.301 311.939 23.3554 -343.301 0.426379
-23.3414 343.301 312.156 23.3414 -343.301 0.427376
-23.327 343.301 312.369 23.327 -343.301 0.428356
-23.3123 343.301 312.581 23.3123 -343.301 0.42932
-23.2973 343.302 312.789 23.2973 -343.302 0.430269
-23.2819 343.302 312.993 23.2819 -343.302 0.431204
-23.2661 343.302 313.195 23.2661 -343.302 0.43213
-23.2499 343.302 313.392 23.2499 -343.302 0.433048
-23.2333 343.303 313.585 23.2333 -343.303 0.433964
-23.2162 343.303 313.775 23.2162 -343.303 0.434883
-23.1986 343.303 313.959 23.1986 -343.303 0.435809
-23.1804 343.303 314.14 23.1804 -343.303 0.436749
-23.1618 343.303 314.315 23.1618 -343.303 0.437709
-23.1379 343.395 314.487 23.1379 -343.395 0.424358
-23.117 343.365 314.628 23.117 -343.365 0.430191
-23.0951 343.346 314.765 23.0951 -343.346 0.434348
-23.0724 343.333 314.898 23.0724 -343.333 0.437437
-23.049 343.324 315.026 23.049 -343.324 0.439856
-23.0248 343.318 315.15 23.0248 -343.318 0.441861
-23 343.314 315.268 23 -343.314 0.443619
-22.9747 343.311 315.382 22.9747 -343.311 0.445236
-22.9488 343.309 315.491 22.9488 -343.309 0.446778
-22.9224 343.307 315.596 22.9224 -343.307 0.448285
-22.8955 343.306 315.697 22.8955 -343.306 0.44978
-22.8682 343.305 315.794 22.8682 -343.305 0.451275
-22.8405 343.304 315.888 22.8405 -343.304 0.452772
-22.8125 343.303 315.979 22.8125 -343.303 0.454274
-22.7841 343.303 316.067 22.7841 -343.303 0.455776
-22.7555 343.302 316.152 22.7555 -343.302 0.457276
-22.7266 343.302 316.235 22.7266 -343.302 0.45877
-22.6975 343.301 316.316 22.6975 -343.301 0.460254
-22.6682 343.301 316.396 22.6682 -343.301 0.461725
-22.6387 343.3 316.474 22.6387 -343.3 0.46318
-22.6091 343.3 316.55 22.6091 -343.3 0.464619
-22.5793 343.3 316.625 22.5793 -343.3 0.466039
-22.5493 343.3 316.699 22.5493 -343.3 0.467439
-22.5193 343.3 316.772 22.5193 -343.3 0.468821
-22.4892 343.299 316.844 22.4892 -343.299 0.470183
-22.4589 343.299 316.916 22.4589 -343.299 0.471527
-22.4286 343.299 316.986 22.4286 -343.299 0.472854
-22.3983 343.299 317.057 22.3983 -343.299 0.474163
-22.3678 343.299 317.126 22.3678 -343.299 0.475457
-22.3373 343.299 317.195 22.3373 -343.299 0.476736
-22.3068 343.299 317.264 22.3068 -343.299 0.478002
-22.2762 343.299 317.332 22.2762 -343.299 0.479255
-22.2456 343.299 317.4 22.2456 -343.299 0.480497
-22.2149 343.299 317.468 22.2149 -343.299 0.481728
-22.1842 343.299 317.535 22.1842 -343.299 0.482951
-22.1535 343.299 317.602 22.1535 -343.299 0.484165
-22.1216 343.319 317.669 22.1216 -343.319 0.482419
-22.0907 343.312 317.731 22.0907 -343.312 0.484634
-22.0596 343.308 317.793 22.0596 -343.308 0.486504
-22.0284 343.305 317.854 22.0284 -343.305 0.488139
-21.9972 343.303 317.916 21.9972 -343.303 0.489618
-21.966 343.302 317.978 21.966 -343.302 0.49099
-21.9347 343.301 318.04 21.9347 -343.301 0.492291
-21.9034 343.3 318.102 21.9034 -343.3 0.493544
-21.8721 343.3 318.163 21.8721 -343.3 0.494764
-21.8408 343.3 318.225 21.8408 -343.3 0.495961
-21.8094 343.299 318.286 21.8094 -343.299 0.497144
-21.778 343.299 318.348 21.778 -343.299 0.498322
-21.7466 343.299 318.409 21.7466 -343.299 0.499485
-21.7152 343.299 318.47 21.7152 -343.299 0.500643
-21.6838 343.299 318.531 21.6838 -343.299 0.501799
-21.6524 343.299 318.592 21.6524 -343.299 0.502953
-21.6209 343.299 318.652 21.6209 -343.299 0.504105
-21.5895 343.299 318.713 21.5895 -343.299 0.505255
-21.558 343.299 318.773 21.558 -343.299 0.506405
-21.5265 343.299 318.834 21.5265 -343.299 0.507554
-21.495 343.299 318.894 21.495 -343.299 0.508703
-21.4635 343.299 318.954 21.4635 -343.299 0.509851
-21.432 343.299 319.014 21.432 -343.299 0.510998
-21.4005 343.299 319.074 21.4005 -343.299 0.512145
-21.369 343.299 319.134 21.369 -343.299 0.513292
-21.3374 343.299 319.194 21.3374 -343.299 0.514438
-21.3058 343.299 319.254 21.3058 -343.299 0.515585
-21.2743 343.299 319.313 21.2743 -343.299 0.516731
-21.2427 343.299 319.373 21.2427 -343.299 0.517876
-21.2111 343.299 319.432 21.2111 -343.299 0.519022
-21.1795 343.299 319.491 21.1795 -343.299 0.520167
-21.1479 343.299 319.55 21.1479 -343.299 0.521312
-21.1162 343.299 319.609 21.1162 -343.299 0.522458
-21.0846 343.299 319.668 21.0846 -343.299 0.523602
-21.0529 343.299 319.727 21.0529 -343.299 0.524747
-21.0213 343.299 319.786 21.0213 -343.299 0.525892
-20.9896 343.299 319.845 20.9896 -343.299 0.527037
-20.9579 343.299 319.903 20.9579 -343.299 0.528181
-20.9262 343.299 319.962 20.9262 -343.299 0.529325
-20.8945 343.299 320.02 20.8945 -343.299 0.53047
-20.8628 343.299 320.078 20.8628 -343.299 0.531614
-20.831 343.299 320.137 20.831 -343.299 0.532758
-20.7993 343.299 320.195 20.7993 -343.299 0.533902
-20.7675 343.299 320.253 20.7675 -343.299 0.535046
-20.7358 343.299 320.31 20.7358 -343.299 0.53619
-20.704 343.299 320.368 20.704 -343.299 0.537333
-20.6722 343.299 320.426 20.6722 -343.299 0.538477
-20.6404 343.299 320.483 20.6404 -343.299 0.539621
-20.6086 343.299 320.541 20.6086 -343.299 0.540764
-20.5768 343.299 320.598 20.5768 -343.299 0.541908
-20.5449 343.299 320.655 20.5449 -343.299 0.543051
-20.5131 343.299 320.713 20.5131 -343.299 0.544195
-20.4812 343.299 320.77 20.4812 -343.299 0.545338
-20.4494 343.299 320.827 20.4494 -343.299 0.546481
-20.4175 343.299 320.883 20.4175 -343.299 0.547625
-20.3856 343.299 320.94 20.3856 -343.299 0.548768
-20.3537 343.299 320.997 20.3537 -343.299 0.549911
-20.3218 343.299 321.053 20.3218 -343.299 0.551054
-20.2899 343.299 321.11 20.2899 -343.299 0.552197
-20.2579 343.299 321.166 20.2579 -343.299 0.55334
-20.226 343.299 321.222 20.226 -343.299 0.554483
-20.194 343.299 321.278 20.194 -343.299 0.555625
-20.162 343.299 321.334 20.162 -343.299 0.556768
-20.13 343.299 321.39 20.13 -343.299 0.557911
-20.098 343.299 321.446 20.098 -343.299 0.559054
-20.066 343.299 321.501 20.066 -343.299 0.560196
-20.034 343.299 321.557 20.034 -343.299 0.561339
-20.002 343.299 321.612 20.002 -343.299 0.562481
-19.9699 343.299 321.668 19.9699 -343.299 0.563624
-19.9378 343.299 321.723 19.9378 -343.299 0.564766
-19.9058 343.299 321.778 19.9058 -343.299 0.565908
-19.8737 343.299 321.833 19.8737 -343.299 0.56705
-19.8416 343.299 321.888 19.8416 -343.299 0.568193
-19.8095 343.299 321.943 19.8095 -343.299 0.569335
-19.7731 343.384 322.005 19.7731 -343.384 0.5606
-19.7403 343.36 322.04 19.7403 -343.36 0.565316
-19.7072 343.343 322.077 19.7072 -343.343 0.568823
-19.674 343.33 322.114 19.674 -343.33 0.571546
-19.6405 343.322 322.153 19.6405 -343.322 0.573732
-19.607 343.316 322.192 19.607 -343.316 0.57555
-19.5734 343.311 322.231 19.5734 -343.311 0.577119
-19.5397 343.308 322.27 19.5397 -343.308 0.578521
-19.506 343.306 322.309 19.506 -343.306 0.579813
-19.4723 343.304 322.349 19.4723 -343.304 0.581031
-19.4385 343.303 322.388 19.4385 -343.303 0.582202
-19.4048 343.302 322.428 19.4048 -343.302 0.583344
-19.371 343.301 322.467 19.371 -343.301 0.584469
-19.3372 343.301 322.507 19.3372 -343.301 0.585584
-19.3034 343.3 322.546 19.3034 -343.3 0.586694
-19.2695 343.3 322.585 19.2695 -343.3 0.587803
-19.2357 343.3 322.625 19.2357 -343.3 0.588911
-19.2019 343.3 322.664 19.2019 -343.3 0.590022
-19.168 343.299 322.703 19.168 -343.299 0.591134
-19.1342 343.299 322.742 19.1342 -343.299 0.592249
-19.1003 343.299 322.782 19.1003 -343.299 0.593366
-19.0665 343.299 322.821 19.0665 -343.299 0.594485
-19.0326 343.299 322.86 19.0326 -343.299 0.595606
-18.9987 343.299 322.899 18.9987 -343.299 0.59673
-18.9648 343.299 322.938 18.9648 -343.299 0.597855
-18.9309 343.299 322.976 18.9309 -343.299 0.598981
-18.8971 343.299 323.015 18.8971 -343.299 0.600108
-18.8632 343.297 323.053 18.8632 -343.297 0.601179
-18.8292 343.298 323.092 18.8292 -343.298 0.602287
-18.7952 343.298 323.13 18.7952 -343.298 0.603409
-18.7612 343.298 323.168 18.7612 -343.298 0.60454
-18.7272 343.298 323.206 18.7272 -343.298 0.605676
-18.6932 343.298 323.244 18.6932 -343.298 0.606815
-18.6592 343.299 323.282 18.6592 -343.299 0.607956
-18.6252 343.299 323.32 18.6252 -343.299 0.609097
-18.5912 343.299 323.357 18.5912 -343.299 0.610238
-18.5572 343.299 323.395 18.5572 -343.299 0.61138
-18.5232 343.299 323.433 18.5232 -343.299 0.61252
-18.4891 343.299 323.47 18.4891 -343.299 0.61366
-18.4551 343.299 323.508 18.4551 -343.299 0.614799
-18.4211 343.299 323.545 18.4211 -343.299 0.615938
-18.387 343.299 323.583 18.387 -343.299 0.617076
-18.353 343.299 323.62 18.353 -343.299 0.618213
-18.3189 343.299 323.658 18.3189 -343.299 0.61935
-18.2848 343.299 323.695 18.2848 -343.299 0.620487
-18.2508 343.299 323.732 18.2508 -343.299 0.621623
-18.2167 343.299 323.769 18.2167 -343.299 0.622759
-18.1826 343.299 323.806 18.1826 -343.299 0.623894
-18.1485 343.299 323.843 18.1485 -343.299 0.625029
-18.1144 343.299 323.88 18.1144 -343.299 0.626164
-18.0803 343.299 323.917 18.0803 -343.299 0.627299
-18.0462 343.299 323.954 18.0462 -343.299 0.628434
-18.012 343.299 323.991 18.012 -343.299 0.629568
-17.9779 343.299 324.028 17.9779 -343.299 0.630703
-17.9438 343.299 324.064 17.9438 -343.299 0.631837
-17.9096 343.299 324.101 17.9096 -343.299 0.632971
-17.8755 343.299 324.137 17.8755 -343.299 0.634105
-17.8413 343.299 324.174 17.8413 -343.299 0.635239
-17.8072 343.299 324.21 17.8072 -343.299 0.636373
-17.773 343.299 324.247 17.773 -343.299 0.637507
-17.7388 343.299 324.283 17.7388 -343.299 0.638641
-17.7046 343.299 324.319 17.7046 -343.299 0.639775
-17.6705 343.299 324.355 17.6705 -343.299 0.640908
-17.6363 343.299 324.392 17.6363 -343.299 0.642042
-17.6021 343.299 324.428 17.6021 -343.299 0.643176
-17.5678 343.299 324.464 17.5678 -343.299 0.644309
-17.5336 343.299 324.499 17.5336 -343.299 0.645443
-17.4994