-0.676791 -0.654929 -0.676813
-1.35291 -1.30914 -1.35293
-2.00794 -1.96268 -2.00796
-2.54632 -2.61544 -2.54635
-2.94964 -3.26726 -2.94967
-3.27369 -3.87874 -3.27373
-3.55011 -4.44096 -3.55015
-3.79091 -4.91827 -3.79095
-4.00882 -5.32621 -4.00886
-4.21015 -5.68538 -4.2102
-4.39872 -6.00325 -4.39877
-4.57506 -6.29194 -4.57512
-4.74452 -6.55572 -4.74458
-4.9068 -6.7978 -4.90686
-5.06349 -7.02473 -5.06374
-5.21701 -7.23865 -5.21712
-5.36382 -7.44236 -5.3639
-5.50987 -7.63362 -5.50996
-5.65328 -7.81946 -5.65337
-5.7925 -7.99419 -5.79259
-5.93239 -8.16486 -5.93248
-6.07074 -8.32979 -6.07084
-6.20275 -8.48945 -6.20285
-6.3356 -8.64219 -6.3357
-6.4692 -8.79442 -6.46931
-6.60071 -8.94145 -6.60082
-6.72918 -9.08413 -6.7293
-6.85917 -9.2257 -6.85929
-6.98709 -9.36397 -6.98721
-7.1155 -9.49709 -7.11563
-7.24235 -9.63049 -7.24248
-7.36695 -9.76388 -7.36709
-7.49269 -9.8938 -7.49283
-7.61655 -10.019 -7.61669
-7.74111 -10.1442 -7.74125
-7.86683 -10.2694 -7.86697
-7.98953 -10.3945 -7.98968
-8.1134 -10.516 -8.11355
-8.23443 -10.6347 -8.23458
-8.35573 -10.7535 -8.35589
-8.47772 -10.8725 -8.47788
-8.59838 -10.9915 -8.59855
-8.71918 -11.1109 -8.71935
-8.84038 -11.2262 -8.84054
-8.96087 -11.3385 -8.96104
-9.0807 -11.4514 -9.08087
-9.2006 -11.5638 -9.20078
-9.32257 -11.6765 -9.32274
-9.44066 -11.7891 -9.44084
-9.55921 -11.9019 -9.55939
-9.67905 -12.0138 -9.67924
-9.79563 -12.1228 -9.79582
-9.91235 -12.2315 -9.91254
-10.0293 -12.3403 -10.0295
-10.1483 -12.4494 -10.1485
-10.2641 -12.5575 -10.2643
-10.3805 -12.6653 -10.3807
-10.4966 -12.7731 -10.4968
-10.6149 -12.8809 -10.6151
-10.7299 -12.9888 -10.7301
-10.8452 -13.096 -10.8455
-10.9612 -13.2029 -10.9614
-11.0777 -13.3073 -11.0779
-11.1923 -13.4115 -11.1925
-11.3071 -13.5158 -11.3073
-11.422 -13.6213 -11.4222
-11.5372 -13.7243 -11.5375
-11.6535 -13.8277 -11.6537
-11.7674 -13.9314 -11.7676
-11.8813 -14.0351 -11.8816
-11.9954 -14.1394 -11.9956
-12.1095 -14.2419 -12.1098
-12.2237 -14.3447 -12.224
-12.3396 -14.4475 -12.3398
-12.4517 -14.5504 -12.452
-12.5641 -14.6534 -12.5643
-12.6766 -14.7573 -12.6768
-12.7892 -14.8588 -12.7894
-12.9018 -14.9589 -12.9021
-13.0158 -15.0593 -13.0161
-13.1276 -15.1598 -13.1278
-13.2395 -15.2602 -13.2397
-13.3514 -15.3623 -13.3517
-13.4634 -15.4613 -13.4636
-13.5753 -15.5607 -13.5756
-13.6873 -15.6604 -13.6876
-13.7993 -15.7601 -13.7996
-13.9131 -15.8599 -13.9134
-14.0242 -15.9606 -14.0245
-14.1352 -16.0597 -14.1355
-14.2463 -16.1584 -14.2466
-14.3574 -16.2573 -14.3577
-14.4686 -16.3563 -14.4689
-14.5798 -16.4554 -14.5801
-14.691 -16.5544 -14.6913
-14.8023 -16.6553 -14.8026
-14.9146 -16.7527 -14.9148
-15.0251 -16.8502 -15.0254
-15.1357 -16.9478 -15.136
-15.2463 -17.0455 -15.2466
-15.3569 -17.1433 -15.3572
-15.4675 -17.2412 -15.4678
-15.5781 -17.341 -15.5784
-15.6886 -17.4374 -15.6889
-15.7992 -17.5337 -15.7995
-15.9098 -17.6295 -15.9101
-16.0204 -17.7253 -16.0207
-16.1309 -17.8212 -16.1312
-16.2425 -17.9171 -16.2427
-16.3524 -18.0139 -16.3527
-16.4623 -18.109 -16.4626
-16.5723 -18.2042 -16.5726
-16.6822 -18.2994 -16.6825
-16.7921 -18.3948 -16.7924
-16.9021 -18.4899 -16.9024
-17.012 -18.5851 -17.0123
-17.1218 -18.6802 -17.1221
-17.2317 -18.7758 -17.232
-17.3415 -18.8702 -17.3418
-17.4513 -18.9646 -17.4516
-17.5611 -19.059 -17.5614
-17.6709 -19.1534 -17.6712
-17.7806 -19.2477 -17.7809
-17.8903 -19.3422 -17.8906
-17.9996 -19.4363 -18.0011
-18.1089 -19.5303 -18.1102
-18.2181 -19.6248 -18.2193
-18.3271 -19.718 -18.3282
-18.4361 -19.8112 -18.437
-18.5449 -19.9043 -18.5457
-18.6537 -19.9973 -18.6544
-18.7624 -20.0903 -18.763
-18.871 -20.1831 -18.8716
-18.9795 -20.2757 -18.98
-19.0879 -20.3683 -19.0884
-19.1961 -20.4605 -19.1966
-19.3043 -20.5528 -19.3047
-19.4122 -20.6439 -19.4126
-19.5199 -20.7348 -19.5203
-19.6275 -20.8254 -19.6279
-19.7348 -20.9157 -19.7352
-19.8419 -21.0056 -19.8422
-19.9487 -21.0951 -19.949
-20.0551 -21.1841 -20.0555
-20.1613 -21.2725 -20.1616
-20.267 -21.3603 -20.2673
-20.3724 -21.4474 -20.3727
-20.4769 -21.5337 -20.4772
-20.5808 -21.6197 -20.5811
-20.684 -21.7032 -20.6843
-20.7865 -21.7857 -20.7868
-20.8881 -21.8669 -20.8884
-20.9888 -21.9468 -20.9891
-21.0885 -22.0251 -21.0887
-21.1869 -22.1018 -21.1872
-21.2839 -22.1765 -21.2842
-21.3795 -22.2489 -21.3798
-21.4734 -22.3191 -21.4736
-21.5654 -22.3869 -21.5656
-21.6553 -22.4522 -21.6556
-21.7431 -22.5149 -21.7433
-21.8285 -22.575 -21.8287
-21.9113 -22.6326 -21.9115
-21.9916 -22.6877 -21.9918
-22.0691 -22.7405 -22.0694
-22.1441 -22.7893 -22.1443
-22.2165 -22.836 -22.2167
-22.2864 -22.8808 -22.2866
-22.3541 -22.9241 -22.3543
-22.4198 -22.966 -22.42
-22.4837 -23.0068 -22.4839
-22.5461 -23.0467 -22.5463
-22.6071 -23.0859 -22.6073
-22.667 -23.1243 -22.6672
-22.7257 -23.1623 -22.7259
-22.7828 -23.1998 -22.783
-22.8392 -23.237 -22.8394
-22.8951 -23.2739 -22.8953
-22.9505 -23.3105 -22.9507
-23.0055 -23.3469 -23.0057
-23.0602 -23.3831 -23.0604
-23.1144 -23.4191 -23.1146
-23.1684 -23.455 -23.1686
-23.2222 -23.4907 -23.2224
-23.2758 -23.5263 -23.276
-23.3293 -23.5617 -23.3294
-23.3825 -23.5969 -23.3826
-23.4355 -23.6319 -23.4357
-23.4884 -23.6667 -23.4885
-23.5409 -23.7012 -23.5411
-23.5933 -23.7358 -23.5934
-23.6453 -23.7695 -23.6454
-23.6969 -23.8028 -23.697
-23.7482 -23.8357 -23.7483
-23.7989 -23.8681 -23.799
-23.8491 -23.8998 -23.8491
-23.8985 -23.9308 -23.8985
-23.9471 -23.9609 -23.9471
-23.9947 -23.99 -23.9948
-24.0412 -24.018 -24.0413
-24.0865 -24.0448 -24.0866
-24.1303 -24.0701 -24.1304
-24.1725 -24.0936 -24.1726
-24.2129 -24.1136 -24.2129
-24.2513 -24.1316 -24.2514
-24.2876 -24.1473 -24.2877
-24.3217 -24.1609 -24.3217
-24.3535 -24.1723 -24.3536
-24.3831 -24.1812 -24.3831
-24.4105 -24.1878 -24.4106
-24.4359 -24.1924 -24.4359
-24.4593 -24.1953 -24.4593
-24.4811 -24.1965 -24.4811
-24.5013 -24.1963 -24.5013
-24.5203 -24.195 -24.5203
-24.5382 -24.1926 -24.5381
-24.5551 -24.1894 -24.5551
-24.5693 -24.1855 -24.5693
-24.5823 -24.1811 -24.5823
-24.5947 -24.1762 -24.5947
-24.6066 -24.1709 -24.6065
-24.618 -24.1652 -24.618
-24.6291 -24.1593 -24.6291
-24.6399 -24.1532 -24.6399
-24.6506 -24.147 -24.6505
-24.6611 -24.1405 -24.661
-24.6714 -24.134 -24.6713
-24.6816 -24.1273 -24.6815
-24.6915 -24.1205 -24.6915
-24.7012 -24.1137 -24.7011
-24.7107 -24.1068 -24.7106
-24.7202 -24.0998 -24.7201
-24.7296 -24.0928 -24.7295
-24.739 -24.0857 -24.7389
-24.7484 -24.0785 -24.7483
-24.7577 -24.0714 -24.7576
-24.7669 -24.0642 -24.7668
-24.7762 -24.0569 -24.7761
-24.7854 -24.0496 -24.7853
-24.7946 -24.0423 -24.7945
-24.8037 -24.0349 -24.8036
-24.8129 -24.027 -24.8127
-24.822 -24.0169 -24.8218
-24.8311 -24.0068 -24.8309
-24.8402 -23.9967 -24.84
-24.8492 -23.9865 -24.849
-24.8582 -23.9762 -24.858
-24.8672 -23.966 -24.867
-24.8762 -23.9557 -24.876
-24.8852 -23.9454 -24.885
-24.8941 -23.935 -24.8939
-24.903 -23.9246 -24.9028
-24.9119 -23.9142 -24.9117
-24.9208 -23.9038 -24.9206
-24.9297 -23.8933 -24.9294
-24.9385 -23.8829 -24.9382
-24.9473 -23.8722 -24.947
-24.9561 -23.8613 -24.9558
-24.9649 -23.8504 -24.9646
-24.9736 -23.8395 -24.9733
-24.9823 -23.8285 -24.982
-24.991 -23.8175 -24.9907
-24.9997 -23.8064 -24.9994
-25.0084 -23.7954 -25.0081
-25.017 -23.7843 -25.0167
-25.0256 -23.7732 -25.0253
-25.0342 -23.7621 -25.0338
-25.0427 -23.7509 -25.0424
-25.0512 -23.7398 -25.0509
-25.0581 -23.7286 -25.0578
-25.0653 -23.7173 -25.0649
-25.0723 -23.7061 -25.072
-25.0793 -23.6948 -25.0789
-25.0861 -23.6835 -25.0858
-25.0929 -23.6721 -25.0926
-25.0997 -23.6608 -25.0993
-25.1063 -23.6494 -25.106
-25.113 -23.6379 -25.1126
-25.1195 -23.6264 -25.1192
-25.1261 -23.6149 -25.1257
-25.1325 -23.6034 -25.1321
-25.1389 -23.5918 -25.1385
-25.1452 -23.5801 -25.1447
-25.1514 -23.5685 -25.1509
-25.1575 -23.5567 -25.157
-25.1635 -23.5449 -25.163
-25.1693 -23.5331 -25.1689
-25.175 -23.5211 -25.1746
-25.1806 -23.5091 -25.1801
-25.186 -23.497 -25.1855
-25.1912 -23.4849 -25.1907
-25.1961 -23.4726 -25.1956
-25.2008 -23.4602 -25.2003
-25.2052 -23.4477 -25.2047
-25.2093 -23.435 -25.2088
-25.2131 -23.4222 -25.2126
-25.2165 -23.4093 -25.216
-25.2195 -23.3961 -25.2189
-25.222 -23.3828 -25.2214
-25.224 -23.3692 -25.2235
-25.2255 -23.3554 -25.225
-25.2265 -23.3414 -25.2259
-25.2269 -23.327 -25.2263
-25.2267 -23.3123 -25.2261
-25.2259 -23.2973 -25.2253
-25.2241 -23.2819 -25.2236
-25.2218 -23.2661 -25.2212
-25.2187 -23.2499 -25.2181
-25.215 -23.2333 -25.2144
-25.2106 -23.2162 -25.21
-25.2056 -23.1986 -25.205
-25.2 -23.1804 -25.1993
-25.1938 -23.1618 -25.1931
-25.187 -23.1379 -25.1864
-25.1798 -23.117 -25.1792
-25.1721 -23.0951 -25.1715
-25.164 -23.0724 -25.1633
-25.1555 -23.049 -25.1548
-25.1466 -23.0248 -25.146
-25.1375 -23 -25.1368
-25.128 -22.9747 -25.1273
-25.1183 -22.9488 -25.1176
-25.1084 -22.9224 -25.1076
-25.0982 -22.8955 -25.0975
-25.0879 -22.8682 -25.0872
-25.0774 -22.8405 -25.0767
-25.0668 -22.8125 -25.0661
-25.0561 -22.7841 -25.0553
-25.0453 -22.7555 -25.0445
-25.0343 -22.7266 -25.0336
-25.0233 -22.6975 -25.0225
-25.0122 -22.6682 -25.0114
-25.0011 -22.6387 -25.0003
-24.9899 -22.6091 -24.9891
-24.9786 -22.5793 -24.9778
-24.9673 -22.5493 -24.9665
-24.9559 -22.5193 -24.9551
-24.9445 -22.4892 -24.9437
-24.9331 -22.4589 -24.9323
-24.9217 -22.4286 -24.9208
-24.9102 -22.3983 -24.9093
-24.8987 -22.3678 -24.8978
-24.8872 -22.3373 -24.8863
-24.8756 -22.3068 -24.8747
-24.8641 -22.2762 -24.8631
-24.8525 -22.2456 -24.8516
-24.8409 -22.2149 -24.8399
-24.8293 -22.1842 -24.8283
-24.8176 -22.1535 -24.8167
-24.806 -22.1216 -24.805
-24.7943 -22.0907 -24.7934
-24.7827 -22.0596 -24.7817
-24.771 -22.0284 -24.77
-24.7593 -21.9972 -24.7583
-24.7476 -21.966 -24.7466
-24.7359 -21.9347 -24.7349
-24.7241 -21.9034 -24.7231
-24.7124 -21.8721 -24.7114
-24.7007 -21.8408 -24.6996
-24.6889 -21.8094 -24.6878
-24.6713 -21.778 -24.6704
-24.6587 -21.7466 -24.6577
-24.6456 -21.7152 -24.6446
-24.6323 -21.6838 -24.6313
-24.6188 -21.6524 -24.6178
-24.6052 -21.6209 -24.6042
-24.5915 -21.5895 -24.5905
-24.5778 -21.558 -24.5767
-24.564 -21.5265 -24.5629
-24.5501 -21.495 -24.549
-24.5363 -21.4635 -24.5352
-24.5224 -21.432 -24.5213
-24.5085 -21.4005 -24.5074
-24.4946 -21.369 -24.4935
-24.4807 -21.3374 -24.4795
-24.4668 -21.3058 -24.4656
-24.4529 -21.2743 -24.4517
-24.4389 -21.2427 -24.4377
-24.425 -21.2111 -24.4238
-24.4111 -21.1795 -24.4099
-24.3971 -21.1479 -24.3959
-24.3832 -21.1162 -24.3819
-24.3692 -21.0846 -24.368
-24.3553 -21.0529 -24.354
-24.3413 -21.0213 -24.34
-24.3274 -20.9896 -24.3261
-24.3134 -20.9579 -24.3121
-24.2994 -20.9262 -24.2981
-24.2854 -20.8945 -24.2841
-24.2715 -20.8628 -24.2701
-24.2575 -20.831 -24.2561
-24.2435 -20.7993 -24.2421
-24.2295 -20.7675 -24.2281
-24.2155 -20.7358 -24.2141
-24.2015 -20.704 -24.2001
-24.1875 -20.6722 -24.1861
-24.1735 -20.6404 -24.1721
-24.1594 -20.6086 -24.158
-24.1454 -20.5768 -24.144
-24.1314 -20.5449 -24.13
-24.1174 -20.5131 -24.1159
-24.1033 -20.4812 -24.1019
-24.0893 -20.4494 -24.0878
-24.0753 -20.4175 -24.0738
-24.0612 -20.3856 -24.0597
-24.0472 -20.3537 -24.0456
-24.0331 -20.3218 -24.0316
-24.019 -20.2899 -24.0175
-24.005 -20.2579 -24.0034
-23.9909 -20.226 -23.9893
-23.9768 -20.194 -23.9753
-23.9627 -20.162 -23.9612
-23.9487 -20.13 -23.9471
-23.9346 -20.098 -23.933
-23.9205 -20.066 -23.9189
-23.9064 -20.034 -23.9047
-23.8923 -20.002 -23.8906
-23.8782 -19.9699 -23.8765
-23.8641 -19.9378 -23.8624
-23.8499 -19.9058 -23.8483
-23.8358 -19.8737 -23.8341
-23.8217 -19.8416 -23.82
-23.8076 -19.8095 -23.8058
-23.7934 -19.7731 -23.7917
-23.7793 -19.7403 -23.7775
-23.7651 -19.7072 -23.7634
-23.751 -19.674 -23.7492
-23.7368 -19.6405 -23.7351
-23.7227 -19.607 -23.7209
-23.7085 -19.5734 -23.7067
-23.6943 -19.5397 -23.6925
-23.6802 -19.506 -23.6783
-23.666 -19.4723 -23.6641
-23.6518 -19.4385 -23.65
-23.6376 -19.4048 -23.6357
-23.6234 -19.371 -23.6215
-23.6092 -19.3372 -23.6073
-23.5947 -19.3034 -23.5928
-23.5803 -19.2695 -23.5785
-23.566 -19.2357 -23.5641
-23.5516 -19.2019 -23.5497
-23.5372 -19.168 -23.5353
-23.5228 -19.1342 -23.5208
-23.5084 -19.1003 -23.5064
-23.494 -19.0665 -23.492
-23.4795 -19.0326 -23.4775
-23.4651 -18.9987 -23.4631
-23.4506 -18.9648 -23.4486
-23.4362 -18.9309 -23.4342
-23.4217 -18.8971 -23.4197
-23.4073 -18.8632 -23.4052
-23.3928 -18.8292 -23.3907
-23.3783 -18.7952 -23.3762
-23.3639 -18.7612 -23.3618
-23.3494 -18.7272 -23.3473
-23.3349 -18.6932 -23.3328
-23.3204 -18.6592 -23.3183
-23.3059 -18.6252 -23.3038
-23.2914 -18.5912 -23.2892
-23.2769 -18.5572 -23.2747
-23.2624 -18.5232 -23.2602
-23.2479 -18.4891 -23.2457
-23.2334 -18.4551 -23.2311
-23.2188 -18.4211 -23.2166
-23.2043 -18.387 -23.2021
-23.1898 -18.353 -23.1875
-23.1752 -18.3189 -23.173
-23.1607 -18.2848 -23.1584
-23.1462 -18.2508 -23.1439
-23.1316 -18.2167 -23.1293
-23.1171 -18.1826 -23.1147
-23.1025 -18.1485 -23.1002
-23.0879 -18.1144 -23.0856
-23.0734 -18.0803 -23.071
-23.0588 -18.0462 -23.0564
-23.0442 -18.012 -23.0418
-23.0296 -17.9779 -23.0272
-23.015 -17.9438 -23.0126
-23.0004 -17.9096 -22.998
-22.9858 -17.8755 -22.9834
-22.9712 -17.8413 -22.9688
-22.9566 -17.8072 -22.9541
-22.942 -17.773 -22.9395
-22.9274 -17.7388 -22.9249
-22.9128 -17.7046 -22.9103
-22.8981 -17.6705 -22.8956
-22.8835 -17.6363 -22.881
-22.8689 -17.6021 -22.8663
-22.8542 -17.5678 -22.8517
-22.8396 -17.5336 -22.837
-22.8249 -17.4994 -22.8223
-22.8103 -17.4652 -22.8076
-22.7956 -17.4309 -22.793
-22.7809 -17.3967 -22.7783
-22.7663 -17.3624 -22.7636
-22.7516 -17.3282 -22.7489
-22.7369 -17.2939 -22.7342
-22.7222 -17.2596 -22.7195
-22.7075 -17.2253 -22.7048
-22.6928 -17.1911 