-2730.29 -1.40871e-05
-1137.93 -5.87123e-06
664.512 3.4286e-06
3427.13 1.76825e-05
6690.17 3.45184e-05
10188.9 5.25702e-05
13799.1 7.11973e-05
17348 8.95084e-05
20885.4 0.00010776
24357.1 0.000125672
27731.9 0.000143085
31093.6 0.00016043
34356.9 0.000177267
37624.8 0.000194128
40793.5 0.000210477
43958.4 0.000226806
47050 0.000242758
50180.2 0.000258909
53233.6 0.000274663
56261.1 0.000290283
59290.2 0.000305912
62293.7 0.000321409
65288.9 0.000336863
68282 0.000352306
71275.1 0.000367749
74196.3 0.000382822
77115.5 0.000397883
80037.3 0.000412958
82946.7 0.00042797
85883 0.00044312
88801.7 0.000458179
91706.9 0.000473169
94611.6 0.000488155
97505 0.000503084
100398 0.000518009
103288 0.00053292
106163 0.000547757
109040 0.000562598
111872 0.00057721
114705 0.000591829
117540 0.000606455
120362 0.000621016
123188 0.000635599
126018 0.000650198
128844 0.000664781
131696 0.000679494
134545 0.000694194
137397 0.000708909
140227 0.000723514
143060 0.000738131
145874 0.00075265
148673 0.000767091
151470 0.000781523
154268 0.000795958
157070 0.000810416
159853 0.000824774
162638 0.000839143
165421 0.000853503
168209 0.000867889
170978 0.000882174
173748 0.000896468
176521 0.000910771
179292 0.000925072
182049 0.000939294
184806 0.00095352
187564 0.00096775
190323 0.000981984
193082 0.000996221
195824 0.00101037
198565 0.00102451
201307 0.00103866
204049 0.0010528
206783 0.00106691
209517 0.00108102
212230 0.00109501
214943 0.00110901
217657 0.00112302
220372 0.00113702
223087 0.00115103
225805 0.00116506
228506 0.00117899
231207 0.00119293
233909 0.00120687
236629 0.00122091
239351 0.00123495
242074 0.001249
244797 0.00126305
247523 0.00127712
250233 0.0012911
252942 0.00130507
255651 0.00131905
258361 0.00133303
261070 0.00134701
263780 0.001361
266490 0.00137498
269200 0.00138896
271911 0.00140295
274611 0.00141688
277310 0.00143081
280009 0.00144474
282708 0.00145866
285406 0.00147258
288104 0.00148651
290802 0.00150043
293500 0.00151435
296197 0.00152828
298895 0.0015422
301592 0.00155612
304292 0.00157006
306980 0.00158393
309668 0.00159781
312355 0.00161169
315043 0.00162557
317730 0.00163945
320417 0.00165334
323103 0.00166722
325788 0.0016811
328473 0.00169498
331158 0.00170887
333841 0.00172276
336524 0.00173665
339206 0.00175055
341887 0.00176445
344567 0.00177836
347240 0.00179225
349911 0.00180614
352580 0.00182004
355244 0.00183394
357906 0.00184784
360564 0.00186176
363220 0.0018757
365873 0.00188965
368523 0.00190364
371168 0.00191764
373809 0.00193168
376444 0.00194576
379074 0.00195988
381696 0.00197404
384310 0.00198825
386915 0.00200253
389511 0.00201688
392094 0.00203131
394666 0.00204583
397222 0.00206047
399761 0.00207522
402282 0.00209011
404781 0.00210516
407251 0.00212036
409692 0.00213576
412103 0.0021514
414477 0.0021673
416811 0.00218349
419099 0.00220002
421336 0.00221692
423514 0.00223426
425626 0.00225208
427665 0.00227044
429621 0.0022894
431487 0.00230903
433252 0.0023294
434909 0.00235057
436448 0.00237261
437862 0.00239557
439145 0.0024195
440296 0.00244442
441313 0.00247032
442200 0.00249719
442964 0.00252499
443613 0.00255364
444159 0.00258306
444614 0.00261316
444991 0.00264385
445302 0.00267503
445557 0.00270662
445769 0.00273863
445947 0.00277156
446094 0.00280472
446218 0.00283806
446322 0.00287156
446411 0.00290517
446489 0.0029389
446557 0.00297282
446618 0.0030068
446674 0.00304085
446724 0.00307496
446771 0.00310912
446816 0.00314333
446858 0.0031776
446898 0.00321194
446937 0.00324635
446976 0.00328085
447013 0.00331545
447049 0.00335018
447086 0.00338505
447122 0.0034201
447157 0.00345535
447193 0.00349084
447229 0.00352662
447265 0.00356275
447301 0.00359929
447337 0.0036363
447374 0.00367386
447411 0.00371204
447449 0.0037509
447488 0.00379053
447527 0.00383098
447568 0.0038723
447609 0.00391451
447651 0.00395761
447693 0.00400159
447737 0.00404641
447781 0.00409198
447826 0.00413825
447871 0.00418513
447917 0.00423252
447964 0.00428035
448010 0.00432854
448058 0.0043775
448107 0.0044279
448156 0.00447851
448205 0.00452928
448254 0.00458017
448304 0.00463117
448353 0.00468224
448403 0.00473337
448452 0.00478456
448502 0.00483578
448552 0.00488703
448601 0.00493834
448651 0.0049899
448701 0.00504148
448751 0.00509306
448801 0.00514465
448851 0.00519625
448901 0.00524785
448951 0.00529946
449001 0.00535107
449051 0.00540268
449101 0.0054543
449152 0.00550592
449202 0.00555753
449252 0.00560915
449302 0.00566077
449352 0.00571239
449402 0.00576401
449452 0.00581563
449502 0.00586725
449552 0.00591887
449602 0.00597048
449652 0.0060221
449702 0.00607372
449752 0.00612534
449802 0.00617695
449852 0.00622857
449902 0.00628019
449952 0.0063318
450002 0.00638342
450052 0.00643503
450102 0.00648664
450152 0.00653825
450202 0.00658987
450252 0.00664148
450302 0.00669309
450352 0.0067447
450402 0.00679631
450452 0.00684792
450502 0.00689953
450552 0.00695114
450602 0.00700275
450652 0.00705477
450704 0.00710762
450755 0.00716045
450806 0.00721328
450857 0.0072661
450908 0.00731893
450960 0.00737176
451011 0.00742459
451062 0.00747743
451113 0.00753029
451165 0.00758315
451216 0.00763604
451267 0.00768894
451318 0.00774187
451370 0.00779482
451421 0.00784781
451472 0.00790084
451524 0.00795392
451575 0.00800705
451627 0.00806024
451678 0.0081135
451730 0.00816684
451782 0.00822027
451834 0.00827381
451886 0.00832746
451938 0.00838125
451990 0.00843518
452043 0.00848928
452095 0.00854356
452148 0.00859803
452201 0.00865272
452254 0.00870764
452308 0.00876281
452361 0.00881825
452415 0.00887396
452470 0.00892995
452524 0.0089863
452579 0.00904313
452635 0.00910027
452690 0.00915772
452746 0.00921547
452803 0.00927352
452859 0.00933186
452916 0.00939046
452973 0.00944933
453030 0.00950843
453088 0.00956774
453145 0.00962726
453203 0.00968696
453261 0.00974683
453319 0.00980684
453378 0.00986698
453436 0.00992723
453495 0.00998759
453553 0.010048
453612 0.0101086
453671 0.0101692
453729 0.0102298
453788 0.0102905
453847 0.0103513
453906 0.0104121
453965 0.0104729
454024 0.0105337
454083 0.0105946
454142 0.0106555
454201 0.0107164
454260 0.0107773
454319 0.0108383
454378 0.0108992
454437 0.0109602
454496 0.0110212
454555 0.0110822
454614 0.0111432
454674 0.0112041
454733 0.0112651
454792 0.0113262
454851 0.0113872
454910 0.0114482
454969 0.0115092
455028 0.0115702
455087 0.0116312
455146 0.0116922
455206 0.0117532
455265 0.0118142
455324 0.0118753
455383 0.0119363
455442 0.0119973
455501 0.0120583
455560 0.0121193
455620 0.0121803
455679 0.0122414
455739 0.0123036
455800 0.0123666
455861 0.0124295
455922 0.0124924
455983 0.0125552
456044 0.012618
456105 0.0126809
456165 0.0127437
456226 0.0128065
456287 0.0128693
456348 0.012932
456409 0.0129948
456470 0.0130576
456531 0.0131204
456591 0.0131832
456652 0.013246
456713 0.0133087
456774 0.0133715
456835 0.0134343
456896 0.0134971
456956 0.0135598
457017 0.0136226
457078 0.0136854
457139 0.0137482
457200 0.0138109
457261 0.0138737
457321 0.0139365
457382 0.0139992
457443 0.014062
457504 0.0141248
457565 0.0141875
457625 0.0142503
457686 0.0143131
457747 0.0143758
457808 0.0144386
457869 0.0145013
457930 0.0145641
457990 0.0146268
458051 0.0146896
458112 0.0147524
458173 0.0148151
458234 0.0148779
458294 0.0149406
458355 0.0150033
458416 0.0150661
458477 0.0151288
458538 0.0151916
458598 0.0152543
458659 0.0153171
458720 0.0153798
458781 0.0154425
458842 0.0155053
458902 0.015568
458963 0.0156307
459024 0.0156935
459085 0.0157562
459146 0.0158189
459206 0.0158817
459267 0.0159444
459328 0.0160071
459389 0.0160698
459450 0.0161326
459510 0.0161953
459571 0.016258
459632 0.0163207
459693 0.0163835
459753 0.0164462
459814 0.0165089
459875 0.0165716
459936 0.0166343
459997 0.016697
460057 0.0167597
460118 0.0168224
460179 0.0168852
460240 0.0169479
460300 0.0170106
460361 0.0170733
460422 0.017136
460483 0.017199
460544 0.0172619
460605 0.0173248
460666 0.0173877
460727 0.0174506
460788 0.0175135
460849 0.0175764
460910 0.0176393
460971 0.0177022
461032 0.0177651
461093 0.017828
461153 0.0178909
461214 0.0179538
461275 0.0180167
461336 0.0180796
461397 0.0181425
461458 0.0182054
461519 0.0182683
461580 0.0183312
461641 0.018394
461702 0.0184569
461763 0.0185198
461824 0.0185827
461885 0.0186456