-1.24025 157.237 4.76639e-17 1.00652e-15 1.62932e-18 9.08047 1.24025 -157.237 -4.76639e-17 -6.28784e-16 -1.62932e-18 0.00654777
-2.40287 157.301 -1.04319e-16 8.09499e-16 -5.38182e-19 17.6253 2.40287 -157.301 1.04319e-16 -1.52452e-15 5.38182e-19 -0.0100134
-3.18877 157.646 2.43384e-16 1.2565e-15 6.87266e-18 23.4967 3.18877 -157.646 -2.43384e-16 5.43622e-16 -6.87266e-18 -0.0645956
-3.77901 157.463 -2.1323e-16 -4.07227e-17 4.3554e-18 27.8481 3.77901 -157.463 2.1323e-16 -1.44892e-15 -4.3554e-18 -0.00931834
-4.27342 157.481 -7.76276e-17 1.77395e-16 -5.87523e-20 31.5461 4.27342 -157.481 7.76276e-17 -6.81896e-16 5.87523e-20 0.00996874
-4.67492 157.858 -8.32444e-17 -1.39551e-16 1.56088e-18 34.6528 4.67492 -157.858 8.32444e-17 -3.82288e-16 -1.56088e-18 -0.0461826
-5.06821 157.477 -5.71215e-17 -3.27572e-17 9.52586e-18 37.5763 5.06821 -157.477 5.71215e-17 -2.9713e-16 -9.52586e-18 0.0171865
-5.41847 157.468 2.36798e-17 5.20032e-16 5.92762e-18 40.2574 5.41847 -157.468 -2.36798e-17 -2.6185e-16 -5.92762e-18 0.0153441
-5.77174 157.309 -4.49357e-17 4.16981e-16 9.91792e-18 42.9272 5.77174 -157.309 4.49357e-17 -6.33929e-16 -9.91792e-18 0.0451294
-6.09923 157.813 2.48172e-17 9.3693e-17 4.76074e-18 45.4383 6.09923 -157.813 -2.48172e-17 2.19948e-16 -4.76074e-18 0.0542828
-6.37595 157.496 -3.71622e-16 -7.63772e-16 1.25475e-18 47.5757 6.37595 -157.496 3.71622e-16 -1.74642e-15 -1.25475e-18 0.0635904
-6.65114 157.347 2.30261e-16 8.14099e-16 6.33539e-18 49.7003 6.65114 -157.347 -2.30261e-16 1.02167e-15 -6.33539e-18 0.076087
-6.92571 157.276 -5.54875e-17 -7.09054e-17 5.51608e-18 51.8306 6.92571 -157.276 5.54875e-17 -1.36611e-16 -5.51608e-18 0.0790991
-7.19534 157.711 -9.68827e-17 -3.69683e-17 8.58109e-18 53.9085 7.19534 -157.711 9.68827e-17 -4.58366e-16 -8.58109e-18 0.105849
-7.44193 157.456 5.50832e-17 3.59196e-16 7.94351e-18 55.847 7.44193 -157.456 -5.50832e-17 2.57264e-16 -7.94351e-18 0.0967881
-7.69328 157.334 1.44811e-16 1.35994e-15 1.20273e-17 57.8101 7.69328 -157.334 -1.44811e-16 -7.59695e-17 -1.20273e-17 0.0988996
-7.94708 157.279 2.17993e-16 8.5736e-16 4.65984e-18 59.7848 7.94708 -157.279 -2.17993e-16 9.44021e-16 -4.65984e-18 0.107899
-8.19881 157.248 3.86671e-16 1.06688e-15 2.63831e-18 61.7498 8.19881 -157.248 -3.86671e-16 1.93144e-15 -2.63831e-18 0.112127
-8.45096 157.233 6.48076e-17 3.26654e-16 1.15597e-17 63.7169 8.45096 -157.233 -6.48076e-17 3.88844e-16 -1.15597e-17 0.117454
-8.7028 157.319 6.95406e-17 4.35051e-16 -2.61208e-18 65.6825 8.7028 -157.319 -6.95406e-17 3.17262e-16 2.61208e-18 0.124047
-8.94641 157.298 -2.25325e-16 -7.5451e-16 -7.14969e-18 67.5678 8.94641 -157.298 2.25325e-16 -5.94756e-16 7.14969e-18 0.149671
-9.18298 157.262 1.19434e-16 8.17592e-16 -1.21837e-17 69.4314 9.18298 -157.262 -1.19434e-16 3.25355e-16 1.21837e-17 0.145808
-9.42008 157.272 3.12412e-17 1.84949e-17 2.64131e-19 71.298 9.42008 -157.272 -3.12412e-17 5.16168e-16 -2.64131e-19 0.143807
-9.65684 157.246 -2.40322e-16 -6.0069e-16 -5.53996e-18 73.1538 9.65684 -157.246 2.40322e-16 -8.00438e-16 5.53996e-18 0.149337
-9.89472 157.239 -2.62719e-16 -6.96789e-16 -4.4651e-18 75.013 9.89472 -157.239 2.62719e-16 -8.41483e-16 4.4651e-18 0.159947
-10.1295 157.227 -3.13732e-16 -7.71923e-16 -1.00599e-17 76.8561 10.1295 -157.227 3.13732e-16 -1.11764e-15 1.00599e-17 0.163896
-10.3644 157.22 -4.01648e-17 1.18808e-16 -6.51556e-18 78.6998 10.3644 -157.22 4.01648e-17 -9.42768e-18 6.51556e-18 0.168831
-10.5994 157.216 -1.87753e-16 -3.54865e-16 -8.94194e-19 80.5436 10.5994 -157.216 1.87753e-16 -5.64189e-16 8.94194e-19 0.174346
-10.8345 157.213 3.04119e-16 1.27819e-15 5.03303e-18 82.3872 10.8345 -157.213 -3.04119e-16 1.35106e-15 -5.03303e-18 0.180198
-11.0695 157.211 -2.09663e-16 -2.8576e-16 2.25318e-18 84.2304 11.0695 -157.211 2.09663e-16 -7.90797e-16 -2.25318e-18 0.186247
-11.3119 157.283 -6.08015e-17 7.06215e-16 -1.9485e-18 86.091 11.3119 -157.283 6.08015e-17 -6.97016e-16 1.9485e-18 0.230454
-11.5416 157.258 3.07106e-17 1.31827e-15 -4.65837e-18 87.9097 11.5416 -157.258 -3.07106e-17 -6.38183e-16 4.65837e-18 0.221917
-11.7725 157.241 -1.71088e-17 3.18464e-16 -6.22884e-19 89.7315 11.7725 -157.241 1.71088e-17 1.53197e-17 6.22884e-19 0.219316
-12.0041 157.228 -1.15042e-18 3.89164e-16 -3.39065e-18 91.5551 12.0041 -157.228 1.15042e-18 7.03174e-17 3.39065e-18 0.220249
-12.2361 157.219 -5.35837e-17 8.54835e-16 -1.14185e-17 93.3796 12.2361 -157.219 5.35837e-17 -7.80162e-16 1.14185e-17 0.223303
-12.4684 157.213 1.44524e-16 8.72985e-16 -4.0818e-18 95.2045 12.4684 -157.213 -1.44524e-16 6.39966e-16 4.0818e-18 0.227644
-12.7008 157.209 5.01744e-17 8.98814e-16 -2.43206e-18 97.0295 12.7008 -157.209 -5.01744e-17 -6.32224e-17 2.43206e-18 0.232769
-12.9397 157.474 -1.27983e-16 -4.1724e-16 2.75895e-18 98.8852 12.9397 -157.474 1.27983e-16 -4.17899e-18 -2.75895e-18 0.26464
-13.1635 157.378 -2.33631e-16 1.14057e-16 -9.3775e-18 100.649 13.1635 -157.378 2.33631e-16 -1.27379e-15 9.3775e-18 0.265569
-13.388 157.316 4.58172e-17 3.56929e-16 7.8764e-18 102.42 13.388 -157.316 -4.58172e-17 5.43527e-16 -7.8764e-18 0.266821
-13.6131 157.276 -2.18886e-16 -1.30296e-15 8.72637e-18 104.194 13.6131 -157.276 2.18886e-16 3.39904e-16 -8.72637e-18 0.268939
-13.8387 157.249 -1.25148e-16 3.02851e-17 1.57645e-17 105.971 13.8387 -157.249 1.25148e-16 -3.04402e-16 -1.57645e-17 0.272004
-14.0645 157.231 -1.08512e-16 4.1134e-16 1.22086e-17 107.749 14.0645 -157.231 1.08512e-16 -5.44087e-16 -1.22086e-17 0.275907
-14.2905 157.219 -2.05148e-16 -1.1641e-15 1.1386e-17 109.529 14.2905 -157.219 2.05148e-16 3.51213e-16 -1.1386e-17 0.280489
-14.5166 157.211 -9.11954e-17 -1.47415e-16 6.09946e-18 111.308 14.5166 -157.211 9.11954e-17 1.50413e-16 -6.09946e-18 0.285593
-14.7427 157.205 -4.0678e-17 -5.54172e-16 6.15425e-18 113.088 14.7427 -157.205 4.0678e-17 9.27186e-16 -6.15425e-18 0.291086
-14.9689 157.2 2.71142e-16 1.93865e-15 3.67018e-18 114.868 14.9689 -157.2 -2.71142e-16 7.023e-16 -3.67018e-18 0.296864
-15.1964 157.215 -3.38371e-16 -2.19705e-15 -2.60083e-18 116.652 15.1964 -157.215 3.38371e-16 4.80528e-16 2.60083e-18 0.308888
-15.4171 157.209 -6.90756e-18 7.87674e-16 -1.49138e-18 118.393 15.4171 -157.209 6.90756e-18 -9.02506e-17 1.49138e-18 0.313841
-15.6379 157.204 3.39031e-16 2.00086e-15 -6.89822e-18 120.134 15.6379 -157.204 -3.39031e-16 1.19513e-15 6.89822e-18 0.319214
-15.8586 157.2 -5.77761e-17 -3.67706e-16 -8.57915e-18 121.875 15.8586 -157.2 5.77761e-17 7.25033e-16 8.57915e-18 0.324906
-16.0794 157.197 -3.30255e-17 -1.14624e-18 -2.03591e-17 123.615 16.0794 -157.197 3.30255e-17 5.47791e-16 2.03591e-17 0.330833
-16.3002 157.194 1.38172e-16 1.04187e-15 -2.72589e-17 125.355 16.3002 -157.194 -1.38172e-16 7.19353e-16 2.72589e-17 0.336935
-16.5209 157.191 -1.61449e-16 -5.81943e-16 -3.1574e-17 127.095 16.5209 -157.191 1.61449e-16 1.88287e-16 3.1574e-17 0.34317
-16.7415 157.189 1.44428e-16 6.88287e-16 -2.01078e-17 128.835 16.7415 -157.189 -1.44428e-16 1.16908e-15 2.01078e-17 0.349505
-16.9622 157.187 -8.12109e-17 5.22482e-16 -1.62485e-17 130.574 16.9622 -157.187 8.12109e-17 -3.05299e-16 1.62485e-17 0.355917
-17.1828 157.186 1.5335e-16 1.431e-15 -1.09258e-17 132.313 17.1828 -157.186 -1.5335e-16 4.90851e-16 1.09258e-17 0.362388
-17.4033 157.184 1.51312e-16 3.14084e-16 -3.93868e-18 134.052 17.4033 -157.184 -1.51312e-16 1.58299e-15 3.93868e-18 0.368904
-17.6238 157.183 2.48607e-16 1.12546e-15 -6.76668e-18 135.789 17.6238 -157.183 -2.48607e-16 1.50012e-15 6.76668e-18 0.375455
-17.8474 157.239 -1.98204e-16 -1.15065e-15 -1.52305e-17 137.54 17.8474 -157.239 1.98204e-16 5.75395e-16 1.52305e-17 0.396112
-18.065 157.226 9.5209e-17 7.86519e-16 -2.90777e-17 139.258 18.065 -157.226 -9.5209e-17 7.5149e-16 2.90777e-17 0.400226
-18.2826 157.216 -8.17065e-17 -7.58871e-16 -2.517e-17 140.977 18.2826 -157.216 8.17065e-17 1.0504e-15 2.517e-17 0.404766
-18.5003 157.207 -3.94725e-16 -1.49007e-15 -2.26012e-17 142.697 18.5003 -157.207 3.94725e-16 -4.52347e-16 2.26012e-17 0.409689
-18.718 157.2 2.12502e-16 1.99627e-15 -1.86575e-17 144.416 18.718 -157.2 -2.12502e-16 4.30416e-16 1.86575e-17 0.414942
-18.9357 157.194 -7.80143e-16 -3.25878e-15 -3.55311e-17 146.135 18.9357 -157.194 7.80143e-16 -1.49902e-15 3.55311e-17 0.420472
-19.1535 157.19 -1.96816e-16 -8.42677e-16 -3.2121e-17 147.853 19.1535 -157.19 1.96816e-16 3.16881e-16 3.2121e-17 0.42623
-19.3712 157.186 -4.12065e-16 -1.03516e-15 -2.75324e-17 149.572 19.3712 -157.186 4.12065e-16 -1.02021e-15 2.75324e-17 0.432173
-19.5888 157.182 7.89753e-17 1.32e-15 -2.16474e-17 151.29 19.5888 -157.182 -7.89753e-17 1.66591e-16 2.16474e-17 0.438264
-19.8064 157.179 -4.94554e-17 8.46249e-16 -3.53021e-17 153.007 19.8064 -157.179 4.94554e-17 -2.93408e-16 3.53021e-17 0.444473
-20.024 157.177 -1.63341e-16 -3.19294e-16 -1.2431e-17 154.724 20.024 -157.177 1.63341e-16 5.27454e-17 1.2431e-17 0.450775
-20.2414 157.175 5.6557e-16 3.0079e-15 -2.45924e-17 156.441 20.2414 -157.175 -5.6557e-16 1.98011e-15 2.45924e-17 0.457147
-20.4588 157.173 4.03501e-18 -7.01618e-16 -7.2566e-18 158.156 20.4588 -157.173 -4.03501e-18 1.6678e-15 7.2566e-18 0.463571
-20.6761 157.171 -2.79797e-16 -1.80272e-15 -1.02517e-17 159.871 20.6761 -157.171 2.79797e-16 7.44823e-16 1.02517e-17 0.47003
-20.8932 157.169 -7.83069e-16 -3.07525e-15 -1.28273e-17 161.585 20.8932 -157.169 7.83069e-16 -1.62148e-15 1.28273e-17 0.476509
-21.1101 157.168 -3.07454e-16 -1.88056e-15 -2.31868e-17 163.297 21.1101 -157.168 3.07454e-16 6.00371e-16 2.31868e-17 0.482996
-21.3269 157.166 -1.47453e-16 3.31805e-16 -2.52427e-17 165.009 21.3269 -157.166 1.47453e-16 -4.55966e-16 2.52427e-17 0.489476
-21.5434 157.165 -3.68109e-16 -1.87608e-15 -1.27914e-17 166.718 21.5434 -157.165 3.68109e-16 1.82094e-16 1.27914e-17 0.495938
-21.7597 157.163 -3.80975e-16 -1.37613e-15 -4.40287e-17 168.426 21.7597 -157.163 3.80975e-16 -4.31739e-16 4.40287e-17 0.502364
-21.9756 157.162 8.00034e-16 3.68672e-15 -2.1648e-17 170.131 21.9756 -157.162 -8.00034e-16 3.08023e-15 2.1648e-17 0.50874
-22.1911 157.161 3.94014e-16 2.39805e-15 -2.46158e-17 171.834 22.1911 -157.161 -3.94014e-16 1.45236e-15 2.46158e-17 0.515049
-22.4104 157.27 -4.14529e-16 2.88081e-16 -5.36395e-17 173.556 22.4104 -157.27 4.14529e-16 -2.25999e-15 5.36395e-17 0.537804
-22.6229 157.243 -1.00922e-16 8.45961e-16 -5.82071e-17 175.236 22.6229 -157.243 1.00922e-16 -5.35179e-16 5.82071e-17 0.542747
-22.8346 157.223 -2.62596e-16 1.92927e-16 -6.61406e-17 176.912 22.8346 -157.223 2.62596e-16 -9.76243e-16 6.61406e-17 0.547004
-23.0456 157.208 -3.57068e-16 3.75673e-16 -6.91788e-17 178.583 23.0456 -157.208 3.57068e-16 -1.82026e-15 6.91788e-17 0.550985
-23.2556 157.196 -5.56596e-16 -2.50879e-15 -5.1184e-17 180.247 23.2556 -157.196 5.56596e-16 -3.22519e-16 5.1184e-17 0.55485
-23.4643 157.186 -1.09888e-15 -4.72405e-15 -4.59453e-17 181.903 23.4643 -157.186 1.09888e-15 -1.99029e-15 4.59453e-17 0.558635
-23.6716 157.177 1.25507e-16 4.00322e-15 -5.32309e-17 183.547 23.6716 -157.177 -1.25507e-16 -1.85855e-15 5.32309e-17 0.56231
-23.8769 157.169 2.00734e-16 1.07551e-15 -5.12337e-17 185.179 23.8769 -157.169 -2.00734e-16 1.67799e-15 5.12337e-17 0.565808
-24.0799 157.162 1.54616e-16 1.21039e-15 -6.11043e-17 186.794 24.0799 -157.162 -1.54616e-16 1.19195e-15 6.11043e-17 0.569046
-24.2801 157.155 -6.56488e-16 -2.44779e-15 -7.13249e-17 188.389 24.2801 -157.155 6.56488e-16 -9.67143e-16 7.13249e-17 0.571939
-24.4769 157.149 -3.18166e-16 7.80812e-16 -6.04422e-17 189.96 24.4769 -157.149 3.18166e-16 -1.71156e-15 6.04422e-17 0.57442
-24.6698 157.143 1.54293e-15 8.84685e-15 -3.96834e-17 191.503 24.6698 -157.143 -1.54293e-15 3.70352e-15 3.96834e-17 0.57646
-24.8579 157.136 3.40426e-17 2.92019e-15 -3.40562e-17 193.013 24.8579 -157.136 -3.40426e-17 -1.22501e-15 3.40562e-17 0.578102
-25.0408 157.129 6.9493e-16 5.69927e-15 -5.98262e-17 194.485 25.0408 -157.129 -6.9493e-16 7.07851e-16 5.98262e-17 0.579504
-25.218 157.122 -6.6452e-16 4.60727e-16 -7.83841e-17 195.915 25.218 -157.122 6.6452e-16 -3.86825e-15 7.83841e-17 0.580967
-25.389 157.115 7.01489e-17 1.55247e-15 -5.724e-17 197.301 25.389 -157.115 -7.01489e-17 3.49262e-16 5.724e-17 0.582932
-25.554 157.108 -2.21427e-16 2.33322e-16 -4.72232e-17 198.643 25.554 -157.108 2.21427e-16 -3.75675e-16 4.72232e-17 0.585902
-25.7133 157.101 -2.1664e-16 6.75815e-16 -5.93649e-17 199.941 25.7133 -157.101 2.1664e-16 -7.64047e-16 5.93649e-17 0.590292
-25.8673 157.095 -5.69153e-16 -5.83464e-16 -6.46762e-17 201.201 25.8673 -157.095 5.69153e-16 -2.0509e-15 6.46762e-17 0.596276
-26.0168 157.09 5.48643e-16 5.14002e-15 -7.93784e-17 202.426 26.0168 -157.09 -5.48643e-16 2.87773e-16 7.93784e-17 0.603709
-26.1559 157.203 1.56069e-16 2.93067e-15 -6.52211e-17 203.613 26.1559 -157.203 -1.56069e-16 -3.27192e-16 6.52211e-17 0.587638
-26.295 157.162 4.41809e-16 2.95643e-15 -4.6553e-17 204.749 26.295 -157.162 -4.41809e-16 1.7473e-15 4.6553e-17 0.605651
-26.4301 157.136 -6.41255e-16 -3.58395e-16 -3.18955e-17 205.862 26.4301 -157.136 6.41255e-16 -2.70608e-15 3.18955e-17 0.61989
-26.5616 157.122 4.57712e-16 4.72863e-15 -2.36993e-17 206.953 26.5616 -157.122 -4.57712e-16 1.16098e-16 2.36993e-17 0.631275
-26.6894 157.114 -2.09246e-16 1.64747e-15 -4.34608e-17 208.02 26.6894 -157.114 2.09246e-16 -1.59791e-15 4.34608e-17 0.64029
-26.8132 157.11 -1.47828e-16 1.9054e-15 -3.28937e-17 209.062 26.8132 -157.11 1.47828e-16 -1.37093e-15 3.28937e-17 0.647259
-26.9326 157.108 8.51269e-17 2.2372e-15 -1.80121e-17 210.073 26.9326 -157.108 -8.51269e-17 3.04732e-17 1.80121e-17 0.652534
-27.0472 157.108 -7.50842e-16 -8.13004e-16 -2.3313e-17 211.05 27.0472 -157.108 7.50842e-16 -2.93365e-15 2.3313e-17 0.656625
-27.1564 157.107 -6.3187e-16 -7.59415e-16 -8.52002e-18 211.991 27.1564 -157.107 6.3187e-16 -2.11994e-15 8.52002e-18 0.660255
-27.2604 157.105 -5.87787e-16 -6.87302e-16 -8.96893e-18 212.892 27.2604 -157.105 5.87787e-16 -1.92153e-15 8.96893e-18 0.66428
-27.3595 157.103 -3.6079e-16 1.63603e-15 -2.9508e-17 213.758 27.3595 -157.103 3.6079e-16 -2.61126e-15 2.9508e-17 0.669453
-27.4544 157.1 -4.48447e-17 2.2632e-15 -4.95857e-17 214.591 27.4544 -157.1 4.48447e-17 -9.8261e-16 4.95857e-17 0.676157
-27.5458 157.097 -1.46668e-16 1.92626e-15 -6.13268e-17 215.397 27.5458 -157.097 1.46668e-16 -1.37324e-15 6.13268e-17 0.684307
-27.6344 157.094 -1.03957e-15 -3.75101e-15 -5.26585e-17 216.183 27.6344 -157.094 1.03957e-15 -2.07477e-15 5.26585e-17 0.693477
-27.7211 157.093 -2.0331e-16 1.86552e-15 -2.46171e-17 216.954 27.7211 -157.093 2.0331e-16 -1.64768e-15 2.46171e-17 0.703126
-27.8061 157.092 2.39838e-16 3.64268e-15 -3.10815e-17 217.714 27.8061 -157.092 -2.39838e-16 -1.97e-16 3.10815e-17 0.712779
-27.8899 157.093 7.62334e-16 7.35965e-15 -4.76647e-17 218.465 27.8899 -157.093 -7.62334e-16 -1.49271e-16 4.76647e-17 0.722098
-27.9726 157.094 -8.50523e-16 -5.55068e-16 -6.62584e-17 219.209 27.9726 -157.094 8.50523e-16 -3.82062e-15 6.62584e-17 0.730873
-28.0543 157.096 -6.69606e-16 1.61458e-15 -8.25879e-17 219.947 28.0543 -157.096 6.69606e-16 -4.69381e-15 8.25879e-17 0.738986
-28.135 157.099 2.90035e-17 3.01155e-15 -5.0136e-17 220.677 28.135 -157.099 -2.90035e-17 -1.01616e-15 5.0136e-17 0.746367
-28.2144 157.101 -7.22914e-17 1.13608e-15 -1.71659e-17 221.4 28.2144 -157.101 7.22914e-17 1.3516e-16 1.71659e-17 0.752964
-28.2924 157.104 1.01515e-15 6.26875e-15 -1.01004e-17 222.113 28.2924 -157.104 -1.01515e-15 2.85726e-15 1.01004e-17 0.75873
-28.3685 157.107 -2.82354e-16 5.11367e-16 -4.88585e-18 222.814 28.3685 -157.107 2.82354e-16 -7.09796e-16 4.88585e-18 0.763627
-28.4423 157.109 1.03567e-15 7.40807e-15 -3.09238e-17 223.498 28.4423 -157.109 -1.03567e-15 1.9174e-15 3.09238e-17 0.767645
-28.5132 157.112 8.79195e-16 6.87523e-15 -2.79612e-17 224.163 28.5132 -157.112 -8.79195e-16 1.33388e-15 2.79612e-17 0.770849
-28.5807 157.114 -2.05014e-16 -1.64076e-16 -1.03363e-17 224.804 28.5807 -157.114 2.05014e-16 5.69803e-16 1.03363e-17 0.773427
-28.6445 157.115 1.33428e-15 9.29595e-15 -1.19948e-17 225.418 28.6445 -157.115 -1.33428e-15 2.17677e-15 1.19948e-17 0.775726
-28.7041 157.114 -7.77626e-17 1.80582e-15 -1.22631e-17 226.002 28.7041 -157.114 7.77626e-17 -5.25251e-16 1.22631e-17 0.778231
-28.7597 157.113 5.8839e-16 4.25947e-15 -1.73887e-18 226.556 28.7597 -157.113 -5.8839e-16 1.87914e-15 1.73887e-18 0.781461
-28.8115 157.111 6.70628e-16 3.86577e-15 -1.96302e-17 227.081 28.8115 -157.111 -6.70628e-16 2.82035e-15 1.96302e-17 0.785805
-28.86 157.107 1.72731e-16 1.10434e-15 -1.00034e-17 227.582 28.86 -157.107 -1.72731e-16 2.07178e-15 1.00034e-17 0.791399
-28.9058 157.103 2.87367e-16 5.41901e-15 -6.39843e-17 228.061 28.9058 -157.103 -2.87367e-16 -1.4395e-15 6.39843e-17 0.798113
-28.9495 157.1 1.29404e-16 4.09131e-15 -7.01083e-17 228.525 28.9495 -157.1 -1.29404e-16 -1.24747e-15 7.01083e-17 0.805637
-28.9915 157.097 -9.86765e-17 2.63507e-15 -9.4546e-17 228.976 28.9915 -157.097 9.86765e-17 -1.44436e-15 9.4546e-17 0.813616
-29.0323 157.095 1.25663e-15 9.98279e-15 -9.5616e-17 229.418 29.0323 -157.095 -1.25663e-15 9.23277e-16 9.5616e-17 0.821737
-29.0721 157.093 -1.14529e-15 -1.94947e-17 -9.49221e-17 229.854 29.0721 -157.093 1.14529e-15 -6.3788e-15 9.49221e-17 0.829776
-29.1113 157.093 -6.29894e-16 2.61418e-17 -6.71573e-17 230.285 29.1113 -157.093 6.29894e-16 -2.70575e-15 6.71573e-17 0.837595
-29.1499 157.093 7.65739e-16 5.47805e-15 -7.07077e-17 230.713 29.1499 -157.093 -7.65739e-16 1.91495e-15 7.07077e-17 0.845129
-29.188 157.093 -3.32662e-16 2.12508e-15 -5.00847e-17 231.138 29.188 -157.093 3.32662e-16 -2.56273e-15 5.00847e-17 0.852357
-29.2259 157.094 -6.02152e-16 6.10806e-16 -1.77553e-17 231.56 29.2259 -157.094 6.02152e-16 -2.93005e-15 1.77553e-17 0.859289
-29.2635 157.095 4.37732e-18 1.25445e-15 -2.4525e-17 231.982 29.2635 -157.095 -4.37732e-18 7.64501e-16 2.4525e-17 0.865948
-29.3008 157.096 1.03587e-15 6.90752e-15 -2.42594e-17 232.401 29.3008 -157.096 -1.03587e-15 2.50957e-15 2.42594e-17 0.872363
-29.338 157.097 -2.63876e-16 8.01477e-16 -3.58908e-17 232.82 29.338 -157.097 2.63876e-16 -7.4418e-16 3.58908e-17 0.878564
-29.3749 157.098 -9.42396e-16 -1.22593e-15 -6.35834e-17 233.237 29.3749 -157.098 9.42396e-16 -3.59609e-15 6.35834e-17 0.884576
-29.4117 157.098 -2.20435e-17 2.41381e-15 -5.38206e-17 233.653 29.4117 -157.098 2.20435e-17 -5.62067e-16 5.38206e-17 0.890422
-29.4483 157.099 1.37727e-15 9.88523e-15 -3.86653e-17 234.068 29.4483 -157.099 -1.37727e-15 2.00317e-15 3.86653e-17 0.89612
-29.4847 157.099 -2.27012e-16 3.45472e-15 -5.54973e-17 234.482 29.4847 -157.099 2.27012e-16 -3.13235e-15 5.54973e-17 0.901682
-29.5209 157.1 -1.08276e-15 -3.01848e-15 -4.33813e-17 234.894 29.5209 -157.1 1.08276e-15 -2.77475e-15 4.33813e-17 0.907116
-29.5568 157.1 6.6325e-16 5.45683e-15 -4.27843e-17 235.304 29.5568 -157.1 -6.6325e-16 1.33296e-15 4.27843e-17 0.912423
-29.5924 157.1 -1.34101e-15 -4.36612e-15 -3.6313e-17 235.713 29.5924 -157.1 1.34101e-15 -3.28447e-15 3.6313e-17 0.917603
-29.6277 157.101 -3.59615e-16 8.49342e-16 -3.65911e-17 236.119 29.6277 -157.101 3.59615e-16 -1.46264e-15 3.65911e-17 0.922647
-29.6625 157.101 4.92884e-16 5.63967e-15 -2.98784e-17 236.522 29.6625 -157.101 -4.92884e-16 -1.14462e-16 2.98784e-17 0.927546
-29.6968 157.101 1.12812e-17 1.57116e-15 -2.78545e-17 236.921 29.6968 -157.101 -1.12812e-17 5.16481e-16 2.78545e-17 0.932286
-29.7304 157.101 -3.88692e-16 1.53733e-15 -4.27657e-17 237.315 29.7304 -157.101 3.88692e-16 -2.33175e-15 4.27657e-17 0.936853
-29.7632 157.101 -7.86702e-16 -1.3383e-15 -7.81187e-17 237.704 29.7632 -157.101 7.86702e-16 -2.34489e-15 7.81187e-17 0.941238
-29.795 157.102 -4.96688e-16 8.18175e-16 -4.82849e-17 238.087 29.795 -157.102 4.96688e-16 -2.3819e-15 4.82849e-17 0.945438
-29.8258 157.102 5.62892e-16 5.28101e-15 -4.18196e-17 238.461 29.8258 -157.102 -5.62892e-16 8.01427e-16 4.18196e-17 0.949467
-29.8552 157.102 1.15608e-15 8.15438e-15 -4.44087e-17 238.826 29.8552 -157.102 -1.15608e-15 2.26157e-15 4.44087e-17 0.953357
-29.8832 157.102 2.90334e-16 2.91641e-15 -1.60493e-17 239.181 29.8832 -157.102 -2.90334e-16 1.24132e-15 1.60493e-17 0.957166
-29.9096 157.102 1.31788e-15 9.1199e-15 -3.33507e-17 239.524 29.9096 -157.102 -1.31788e-15 2.40605e-15 3.33507e-17 0.960973
-29.9343 157.101 1.17065e-15 7.74659e-15 -2.71984e-17 239.855 29.9343 -157.101 -1.17065e-15 2.71681e-15 2.71984e-17 0.964876
-29.9573 157.1 1.5286e-16 5.30096e-15 -2.80327e-17 240.174 29.9573 -157.1 -1.5286e-16 -2.14559e-15 2.80327e-17 0.968974
-29.9787 157.099 8.13334e-16 8.58334e-15 -4.0946e-18 240.481 29.9787 -157.099 -8.13334e-16 -6.61141e-16 4.0946e-18 0.973348
-29.9923 157.223 8.86482e-16 5.32825e-15 -3.97168e-17 240.774 29.9923 -157.223 -8.86482e-16 3.03091e-15 3.97168e-17 0.955371
-29.9998 157.172 6.97107e-16 6.90175e-15 -4.3259e-17 240.964 29.9998 -157.172 -6.97107e-16 1.1895e-16 4.3259e-17 0.967537
-30.005 157.151 -3.71213e-17 2.99868e-15 -4.16394e-17 241.147 30.005 -157.151 3.71213e-17 -1.32108e-15 4.16394e-17 0.976351
-30.0087 157.135 -1.9714e-16 1.50363e-15 -8.61293e-17 241.319 30.0087 -157.135 1.9714e-16 -9.93375e-16 8.61293e-17 0.984504
-30.011 157.122 4.49644e-16 3.82904e-15 -9.0805e-17 241.484 30.011 -157.122 -4.49644e-16 1.3088e-15 9.0805e-17 0.992217
-30.0124 157.113 1.58383e-17 2.34402e-15 -7.76191e-17 241.641 30.0124 -157.113 -1.58383e-17 -3.81806e-16 7.76191e-17 0.999597
-30.0129 157.105 -3.05385e-16 2.28029e-15 -6.41972e-17 241.794 30.0129 -157.105 3.05385e-16 -2.62221e-15 6.41972e-17 1.00668
-30.0128 157.099 -7.50731e-17 1.30238e-15 -7.71861e-17 241.943 30.0128 -157.099 7.50731e-17 -3.2886e-17 7.71861e-17 1.01348
-30.0123 157.095 4.06107e-16 5.48564e-15 -2.75678e-17 242.088 30.0123 -157.095 -4.06107e-16 -7.30575e-16 2.75678e-17 1.02003
-30.0113 157.091 9.34963e-16 5.30528e-15 -2.08723e-17 242.232 30.0113 -157.091 -9.34963e-16 3.25952e-15 2.08723e-17 1.02633
-30.0101 157.089 1.32455e-15 7.63121e-15 -2.04028e-18 242.374 30.0101 -157.089 -1.32455e-15 3.77826e-15 2.04028e-18 1.03241
-30.0086 157.087 -7.39353e-16 1.75739e-17 -4.67416e-17 242.514 30.0086 -157.087 7.39353e-16 -3.57127e-15 4.67416e-17 1.03828
-30.007 157.085 -4.23077e-16 1.0994e-15 -3.0052e-17 242.653 30.007 -157.085 4.23077e-16 -2.3631e-15 3.0052e-17 1.04399
-30.0052 157.084 8.34356e-16 7.36678e-15 -4.62666e-17 242.792 30.0052 -157.084 -8.34356e-16 3.7632e-16 4.62666e-17 1.04954
-30.0034 157.083 -4.81373e-16 1.09985e-15 -4.47126e-17 242.93 30.0034 -157.083 4.81373e-16 -2.8278e-15 4.47126e-17 1.05497
-30.0014 157.082 -5.74146e-16 -1.53014e-16 -5.2528e-17 243.067 30.0014 -157.082 5.74146e-16 -2.24199e-15 5.2528e-17 1.06028
-29.9993 157.082 -3.64821e-16 2.79285e-15 -2.39308e-17 243.204 29.9993 -157.082 3.64821e-16 -3.65138e-15 2.39308e-17 1.06551
-29.9972 157.081 -8.49662e-16 -2.28976e-15 -3.28366e-17 243.341 29.9972 -157.081 8.49662e-16 -2.08119e-15 3.28366e-17 1.07065
-29.995 157.081 -2.39027e-16 7.78177e-16 -4.66621e-17 243.477 29.995 -157.081 2.39027e-16 -7.74006e-16 4.66621e-17 1.07574
-29.9928 157.08 -1.88551e-15 -3.99885e-15 -6.41949e-17 243.613 29.9928 -157.08 1.88551e-15 -7.82402e-15 6.41949e-17 1.08076
-29.9905 157.08 -2.06336e-16 3.73795e-15 -9.06196e-17 243.749 29.9905 -157.08 2.06336e-16 -3.55535e-15 9.06196e-17 1.08575
-29.9882 157.079 3.40266e-16 5.09119e-15 -8.37763e-17 243.884 29.9882 -157.079 -3.40266e-16 -9.46507e-16 8.37763e-17 1.09069
-29.9859 157.079 -6.4037e-16 2.43639e-15 -8.72321e-17 244.019 29.9859 -157.079 6.4037e-16 -5.31418e-15 8.72321e-17 1.09561
-29.9835 157.078 9.84422e-16 8.5182e-15 -5.32732e-17 244.154 29.9835 -157.078 -9.84422e-16 3.39792e-16 5.32732e-17 1.1005
-29.9811 157.078 5.86386e-17 1.58041e-15 -3.22612e-17 244.289 29.9811 -157.078 -5.86386e-17 6.12373e-16 3.22612e-17 1.10536
-29.9786 157.077 -6.29713e-16 9.27015e-16 -2.04979e-17 244.423 29.9786 -157.077 6.29713e-16 -3.62026e-15 2.04979e-17 1.11021
-29.9761 157.077 6.38714e-16 5.42703e-15 -1.59092e-17 244.558 29.9761 -157.077 -6.38714e-16 1.01631e-15 1.59092e-17 1.11504
-29.9736 157.076 9.94704e-16 5.46165e-15 1.2892e-17 244.692 29.9736 -157.076 -9.94704e-16 3.56729e-15 -1.2892e-17 1.11986
-29.9711 157.075 -1.22126e-15 -2.73255e-15 4.01559e-17 244.826 29.9711 -157.075 1.22126e-15 -4.20506e-15 -4.01559e-17 1.12467
-29.9686 157.075 1.21787e-15 8.91081e-15 3.43902e-17 244.96 29.9686 -157.075 -1.21787e-15 1.72192e-15 -3.43902e-17 1.12947
-29.966 157.074 -2.93869e-17 3.16918e-15 4.012e-17 245.093 29.966 -157.074 2.93869e-17 -1.52049e-15 -4.012e-17 1.13426
-29.9634 157.074 9.05749e-16 6.82505e-15 1.38529e-17 245.227 29.9634 -157.074 -9.05749e-16 1.50582e-15 -1.38529e-17 1.13905
-29.9607 157.073 6.13877e-16 4.37208e-15 2.50345e-17 245.36 29.9607 -157.073 -6.13877e-16 1.83794e-15 -2.50345e-17 1.14383
-29.9581 157.072 -6.09014e-16 -9.2779e-16 2.87723e-17 245.493 29.9581 -157.072 6.09014e-16 -1.64071e-15 -2.87723e-17 1.1486
-29.9554 157.072 6.04259e-16 3.27938e-15 2.15594e-17 245.625 29.9554 -157.072 -6.04259e-16 2.9348e-15 -2.15594e-17 1.15337
-29.9526 157.071 -1.29737e-15 -4.6618e-15 -1.08402e-17 245.758 29.9526 -157.071 1.29737e-15 -2.84473e-15 1.08402e-17 1.15814
-29.9499 157.071 5.42281e-16 4.48534e-15 -3.28291e-17 245.89 29.9499 -157.071 -5.42281e-16 1.26935e-15 3.28291e-17 1.1629
-29.9471 157.07 1.3265e-16 2.9125e-15 -1.40141e-17 246.023 29.9471 -157.07 -1.3265e-16 -1.1024e-16 1.40141e-17 1.16767
-29.9443 157.069 -6.24749e-16 1.23529e-15 8.48887e-18 246.155 29.9443 -157.069 6.24749e-16 -3.8676e-15 -8.48887e-18 1.17242
-29.9415 157.069 -1.14555e-16 1.49872e-15 1.63132e-17 246.287 29.9415 -157.069 1.14555e-16 -3.95741e-16 -1.63132e-17 1.17718
-29.9387 157.068 -1.87416e-16 3.74737e-15 -9.22791e-18 246.418 29.9387 -157.068 1.87416e-16 -3.18441e-15 9.22791e-18 1.18194
-29.9358 157.067 1.18244e-15 6.81761e-15 -1.17069e-17 246.55 29.9358 -157.067 -1.18244e-15 3.58589e-15 1.17069e-17 1.18669
-29.9329 157.067 1.15499e-15 5.51571e-15 1.16251e-17 246.681 29.9329 -157.067 -1.15499e-15 4.71146e-15 -1.16251e-17 1.19145
-29.9299 157.066 7.86742e-16 6.00243e-15 8.96947e-18 246.812 29.9299 -157.066 -7.86742e-16 1.49866e-15 -8.96947e-18 1.1962
-29.927 157.065 1.46005e-16 1.80777e-15 8.58503e-18 246.943 29.927 -157.065 -1.46005e-16 1.0724e-15 -8.58503e-18 1.20095
-29.924 157.064 -1.64064e-16 7.10619e-16 2.38322e-17 247.074 29.924 -157.064 1.64064e-16 -5.11013e-17 -2.38322e-17 1.2057
-29.921 157.064 -1.76357e-15 -3.92907e-15 1.68653e-20 247.204 29.921 -157.064 1.76357e-15 -6.95823e-15 -1.68653e-20 1.21045
-29.9179 157.063 4.60549e-16 4.91045e-15 -5.53928e-18 247.334 29.9179 -157.063 -4.60549e-16 2.35895e-16 5.53928e-18 1.2152
-29.9149 157.062 -5.04139e-16 8.72873e-16 1.36691e-18 247.464 29.9149 -157.062 5.04139e-16 -2.68276e-15 -1.36691e-18 1.21994
-29.9118 157.062 1.47099e-15 9.82248e-15 1.31007e-17 247.594 29.9118 -157.062 -1.47099e-15 2.57542e-15 -1.31007e-17 1.22469
-29.9087 157.061 -4.58282e-16 -1.8652e-16 3.87958e-18 247.724 29.9087 -157.061 4.58282e-16 -1.32837e-15 -3.87958e-18 1.22944
-29.9055 157.06 -1.71112e-16 2.73666e-15 -4.96434e-17 247.853 29.9055 -157.06 1.71112e-16 -2.22535e-15 4.96434e-17 1.23418
-29.9023 157.06 8.53368e-16 6.89705e-15 -6.44815e-17 247.983 29.9023 -157.06 -8.53368e-16 1.01005e-15 6.44815e-17 1.23892
-29.8991 157.059 -8.22854e-16 -1.22378e-16 -3.63061e-17 248.112 29.8991 -157.059 8.22854e-16 -3.99863e-15 3.63061e-17 1.24367
-29.8959 157.058 -9.60335e-17 1.91915e-15 -2.19373e-17 248.241 29.8959 -157.058 9.60335e-17 -8.37834e-16 2.19373e-17 1.24841
-29.8926 157.058 -3.44901e-16 -3.77693e-16 -2.5779e-17 248.369 29.8926 -157.058 3.44901e-16 -3.49093e-16 2.5779e-17 1.25315
-29.8893 157.057 -2.94264e-16 1.4371e-15 -3.15218e-17 248.497 29.8893 -157.057 2.94264e-16 -1.84504e-15 3.15218e-17 1.25789
-29.8859 157.056 -3.82731e-16 5.92848e-17 -2.97576e-17 248.626 29.8859 -157.056 3.82731e-16 -1.11881e-15 2.97576e-17 1.26263
-29.8826 157.056 -4.12185e-16 4.10531e-17 -3.52263e-17 248.753 29.8826 -157.056 4.12185e-16 -1.29814e-15 3.52263e-17 1.26736
-29.8791 157.055 8.41047e-16 7.22522e-15 -4.52146e-17 248.881 29.8791 -157.055 -8.41047e-16 5.48454e-16 4.52146e-17 1.2721
-29.8757 157.054 -6.31358e-17 1.45593e-15 -5.04514e-17 249.008 29.8757 -157.054 6.31358e-17 -1.79397e-16 5.04514e-17 1.27683
-29.8722 157.054 -9.27272e-16 -1.18514e-15 -4.45276e-17 249.135 29.8722 -157.054 9.27272e-16 -3.72616e-15 4.45276e-17 1.28156
-29.8686 157.053 -2.19124e-17 2.9729e-15 -5.77743e-17 249.262 29.8686 -157.053 2.19124e-17 -1.38618e-15 5.77743e-17 1.28628
-29.8651 157.053 2.26915e-16 3.41235e-15 -4.33827e-17 249.388 29.8651 -157.053 -2.26915e-16 -8.69199e-19 4.33827e-17 1.291
-29.8614 157.052 -2.43078e-16 1.54693e-15 -3.2503e-17 249.514 29.8614 -157.052 2.43078e-16 -1.49442e-15 3.2503e-17 1.29572
-29.8577 157.051 -4.88819e-17 1.70444e-15 -3.54873e-17 249.64 29.8577 -157.051 4.88819e-17 -2.45448e-16 3.54873e-17 1.30043
-29.854 157.051 -7.87284e-16 -7.17427e-16 -7.58208e-18 249.765 29.854 -157.051 7.87284e-16 -3.15121e-15 7.58208e-18 1.30514
-29.8501 157.05 -2.9187e-16 1.62019e-15 -5.45023e-18 249.89 29.8501 -157.05 2.9187e-16 -1.9227e-15 5.45023e-18 1.30984
-29.8462 157.05 1.2739e-16 2.72743e-15 -1.62294e-17 250.014 29.8462 -157.05 -1.2739e-16 -1.78841e-18 1.62294e-17 1.31453
-29.8423 157.049 6.18148e-16 4.26122e-15 -1.81127e-17 250.138 29.8423 -157.049 -6.18148e-16 1.9743e-15 1.81127e-17 1.31921
-29.8382 157.049 -2.51309e-16 2.46162e-15 -2.65732e-18 250.26 29.8382 -157.049 2.51309e-16 -2.45899e-15 2.65732e-18 1.32389
-29.834 157.048 -6.2039e-16 6.6668e-16 1.41074e-17 250.383 29.834 -157.048 6.2039e-16 -3.31084e-15 -1.41074e-17 1.32855
-29.8297 157.048 5.39104e-16 3.85971e-15 2.35593e-18 250.504 29.8297 -157.048 -5.39104e-16 1.85444e-15 -2.35593e-18 1.3332
-29.8253 157.047 5.50018e-16 4.54015e-15 -1.55344e-17 250.625 29.8253 -157.047 -5.50018e-16 1.18714e-15 1.55344e-17 1.33784
-29.8208 157.047 -7.23801e-16 -3.2544e-16 -5.45311e-17 250.744 29.8208 -157.047 7.23801e-16 -3.20371e-15 5.45311e-17 1.34247
-29.8161 157.047 1.08807e-15 6.94929e-15 -1.78478e-17 250.863 29.8161 -157.047 -1.08807e-15 2.65278e-15 1.78478e-17 1.34708
-29.8112 157.046 -8.18655e-16 -2.81111e-15 1.90949e-18 250.98 29.8112 -157.046 8.18655e-16 -1.29877e-15 -1.90949e-18 1.35168
-29.8061 157.046 -2.25191e-15 -8.09462e-15 4.85618e-18 251.096 29.8061 -157.046 2.25191e-15 -6.28635e-15 -4.85618e-18 1.35626
-29.8008 157.046 2.37428e-16 7.29388e-16 -1.87937e-17 251.21 29.8008 -157.046 -2.37428e-16 2.88183e-15 1.87937e-17 1.36084
-29.7953 157.045 1.65508e-16 4.06214e-15 -4.30768e-17 251.323 29.7953 -157.045 -1.65508e-16 -9.8832e-16 4.30768e-17 1.36539
-29.7896 157.045 -2.0703e-16 1.14859e-15 -2.74481e-17 251.434 29.7896 -157.045 2.0703e-16 -7.51849e-16 2.74481e-17 1.36994
-29.7835 157.045 1.0683e-16 2.67805e-15 -3.99309e-17 251.543 29.7835 -157.045 -1.0683e-16 -7.2338e-17 3.99309e-17 1.37448
-29.7772 157.045 -1.26091e-15 -3.3129e-15 -4.66145e-17 251.65 29.7772 -157.045 1.26091e-15 -3.92639e-15 4.66145e-17 1.37902
-29.7706 157.045 5.99869e-16 3.71958e-15 -1.81932e-17 251.755 29.7706 -157.045 -5.99869e-16 2.44239e-15 1.81932e-17 1.38356
-29.7637 157.044 -6.10566e-17 -1.11095e-15 -2.22414e-17 251.857 29.7637 -157.044 6.10566e-17 2.52577e-15 2.22414e-17 1.3881
-29.7564 157.044 2.46861e-17 2.74581e-15 -1.94074e-17 251.957 29.7564 -157.044 -2.46861e-17 -7.0291e-16 1.94074e-17 1.39265
-29.7488 157.044 -7.48447e-16 -3.90724e-16 -3.56499e-18 252.055 29.7488 -157.044 7.48447e-16 -3.09864e-15 3.56499e-18 1.39722
-29.7408 157.043 6.64476e-16 7.01898e-15 -1.99455e-17 252.15 29.7408 -157.043 -6.64476e-16 -3.68117e-16 1.99455e-17 1.4018
-29.7325 157.043 1.32837e-15 7.8536e-15 -5.85238e-17 252.243 29.7325 -157.043 -1.32837e-15 3.57201e-15 5.85238e-17 1.40642
-29.7239 157.042 4.08688e-16 4.38348e-15 -5.2226e-17 252.333 29.7239 -157.042 -4.08688e-16 4.73029e-16 5.2226e-17 1.41105
-29.7149 157.042 1.37059e-17 3.30177e-15 -5.03718e-17 252.42 29.7149 -157.042 -1.37059e-17 -1.28129e-15 5.03718e-17 1.41572
-29.7056 157.041 5.211e-17 3.13856e-15 -4.4112e-17 252.506 29.7056 -157.041 -5.211e-17 -8.49985e-16 4.4112e-17 1.42042
-29.696 157.04 3.16028e-16 3.61195e-15 -4.1953e-17 252.589 29.696 -157.04 -3.16028e-16 5.76707e-16 4.1953e-17 1.42515
-29.6862 157.039 -8.8928e-16 -1.29372e-15 -6.1145e-17 252.669 29.6862 -157.039 8.8928e-16 -3.24064e-15 6.1145e-17 1.4299
-29.676 157.038 -9.16508e-17 2.09402e-15 -3.68315e-17 252.748 29.676 -157.038 9.16508e-17 -8.69616e-16 3.68315e-17 1.43468
-29.6656 157.037 -4.97586e-16 1.4878e-15 -1.9279e-17 252.825 29.6656 -157.037 4.97586e-16 -3.18463e-15 1.9279e-17 1.43947
-29.6549 157.036 9.80172e-16 7.57586e-15 -8.56631e-17 252.901 29.6549 -157.036 -9.80172e-16 1.36459e-15 8.56631e-17 1.44428
-29.6441 157.035 -3.98079e-15 -1.22679e-14 -1.25496e-16 252.974 29.6441 -157.035 3.98079e-15 -1.46211e-14 1.25496e-16 1.4491
-29.633 157.033 -7.07906e-16 1.37144e-15 -1.73816e-16 253.047 29.633 -157.033 7.07906e-16 -4.74901e-15 1.73816e-16 1.45393
-29.6218 157.032 2.62628e-15 1.49958e-14 -1.08339e-16 253.118 29.6218 -157.032 -2.62628e-15 5.81182e-15 1.08339e-16 1.45876
-29.6104 157.031 -3.44623e-15 -1.2223e-14 -1.39877e-16 253.187 29.6104 -157.031 3.44623e-15 -1.07928e-14 1.39877e-16 1.46359
-29.5988 157.03 -8.60303e-16 -2.00556e-16 -9.53122e-17 253.256 29.5988 -157.03 8.60303e-16 -4.04247e-15 9.53122e-17 1.46841
-29.5872 157.029 -4.39422e-16 -5.70501e-16 -1.09691e-16 253.324 29.5872 -157.029 4.39422e-16 -5.80228e-16 1.09691e-16 1.47323
-29.5754 157.028 -1.57107e-15 -2.84501e-15 -1.18411e-16 253.391 29.5754 -157.028 1.57107e-15 -6.47954e-15 1.18411e-16 1.47803
-29.5635 157.027 -6.87166e-16 -3.97017e-16 -1.33151e-16 253.457 29.5635 -157.027 6.87166e-16 -2.57615e-15 1.33151e-16 1.48283
-29.5515 157.026 -1.4501e-15 -3.10472e-15 -1.68351e-16 253.523 29.5515 -157.026 1.4501e-15 -5.47848e-15 1.68351e-16 1.48762
-29.5394 157.025 -1.59147e-15 -2.96922e-15 -1.32721e-16 253.588 29.5394 -157.025 1.59147e-15 -6.59785e-15 1.32721e-16 1.4924
-29.5272 157.024 2.51024e-15 1.16152e-14 -7.18448e-17 253.652 29.5272 -157.024 -2.51024e-15 8.48188e-15 7.18448e-17 1.49717
-29.515 157.023 5.71367e-16 6.02174e-15 -4.0524e-17 253.716 29.515 -157.023 -5.71367e-16 1.39935e-16 4.0524e-17 1.50192
-29.5026 157.022 2.86547e-15 1.52118e-14 -3.58902e-17 253.779 29.5026 -157.022 -2.86547e-15 7.48766e-15 3.58902e-17 1.50667
-29.4903 157.021 -4.3398e-16 2.6825e-15 -7.01574e-17 253.842 29.4903 -157.021 4.3398e-16 -3.71592e-15 7.01574e-17 1.51141
-29.4779 157.021 5.19626e-16 4.39687e-15 -5.1804e-17 253.905 29.4779 -157.021 -5.19626e-16 1.44491e-15 5.1804e-17 1.51614
-29.4654 157.02 2.74787e-16 2.76409e-15 -1.72572e-17 253.967 29.4654 -157.02 -2.74787e-16 1.2784e-15 1.72572e-17 1.52086
-29.4529 157.019 -1.56035e-16 1.42685e-15 -3.17273e-17 254.029 29.4529 -157.019 1.56035e-16 -4.66861e-16 3.17273e-17 1.52557
-29.4403 157.018 -3.25738e-16 2.53664e-15 -6.69105e-17 254.091 29.4403 -157.018 3.25738e-16 -2.84273e-15 6.69105e-17 1.53027
-29.4277 157.017 -3.08875e-15 -9.6848e-15 -5.03349e-17 254.152 29.4277 -157.017 3.08875e-15 -1.04702e-14 5.03349e-17 1.53497
-29.415 157.017 1.50585e-16 3.86703e-15 -5.39276e-17 254.213 29.415 -157.017 -1.50585e-16 -7.98408e-16 5.39276e-17 1.53967
-29.4024 157.016 3.05296e-16 1.96632e-15 -7.55419e-17 254.274 29.4024 -157.016 -3.05296e-16 2.28243e-15 7.55419e-17 1.54436
-29.3896 157.015 -1.52205e-15 -3.25349e-15 -4.18001e-17 254.335 29.3896 -157.015 1.52205e-15 -5.63727e-15 4.18001e-17 1.54904
-29.3769 157.015 1.19725e-15 8.84159e-15 -3.99817e-17 254.395 29.3769 -157.015 -1.19725e-15 1.8318e-15 3.99817e-17 1.55372
-29.3641 157.014 -2.37809e-15 -7.53563e-15 -8.67255e-17 254.455 29.3641 -157.014 2.37809e-15 -7.57883e-15 8.67255e-17 1.5584
-29.3513 157.013 -2.80425e-15 -9.23074e-15 -6.02631e-17 254.515 29.3513 -157.013 2.80425e-15 -8.97938e-15 6.02631e-17 1.56307
-29.3384 157.012 1.19793e-16 1.77056e-15 -5.52518e-19 254.575 29.3384 -157.012 -1.19793e-16 1.18961e-15 5.52518e-19 1.56774
-29.3256 157.012 8.14554e-16 7.71162e-15 -3.20743e-17 254.634 29.3256 -157.012 -8.14554e-16 1.95561e-16 3.20743e-17 1.57241
-29.3127 157.011 -1.04936e-15 -3.15501e-15 -4.56371e-17 254.693 29.3127 -157.011 1.04936e-15 -2.37352e-15 4.56371e-17 1.57707
-29.2997 157.01 1.18407e-15 6.18417e-15 -5.87295e-17 254.752 29.2997 -157.01 -1.18407e-15 4.35607e-15 5.87295e-17 1.58174
-29.2868 157.01 2.18718e-15 1.21149e-14 1.0569e-17 254.811 29.2868 -157.01 -2.18718e-15 5.77868e-15 -1.0569e-17 1.5864
-29.2738 157.009 -9.59516e-16 -2.17949e-15 -6.99536e-18 254.87 29.2738 -157.009 9.59516e-16 -2.60898e-15 6.99536e-18 1.59106
-29.2607 157.008 -4.99005e-16 6.20989e-16 -4.71249e-17 254.928 29.2607 -157.008 4.99005e-16 -2.1334e-15 4.71249e-17 1.59572
-29.2477 157.008 1.04326e-15 4.91464e-15 -6.0297e-17 254.986 29.2477 -157.008 -1.04326e-15 4.72064e-15 6.0297e-17 1.60037
-29.2346 157.007 9.23098e-16 7.80885e-15 -1.40509e-17 255.044 29.2346 -157.007 -9.23098e-16 9.81872e-16 1.40509e-17 1.60503
-29.2215 157.006 1.62536e-15 1.08878e-14 3.15628e-17 255.102 29.2215 -157.006 -1.62536e-15 2.96029e-15 -3.15628e-17 1.60968
-29.2084 157.006 -1.88574e-15 -7.79047e-15 2.03158e-17 255.16 29.2084 -157.006 1.88574e-15 -3.6881e-15 -2.03158e-17 1.61434
-29.1952 157.005 3.82754e-16 5.65423e-15 -1.75522e-17 255.217 29.1952 -157.005 -3.82754e-16 -8.09615e-16 1.75522e-17 1.61899
-29.1821 157.004 2.72362e-16 1.99749e-15 -2.75181e-17 255.274 29.1821 -157.004 -2.72362e-16 2.01319e-15 2.75181e-17 1.62364
-29.1689 157.003 3.48878e-16 3.74765e-15 -5.95636e-17 255.331 29.1689 -157.003 -3.48878e-16 8.27178e-16 5.95636e-17 1.62829
-29.1556 157.003 -2.16365e-15 -7.84115e-15 -1.6887e-18 255.388 29.1556 -157.003 2.16365e-15 -5.58461e-15 1.6887e-18 1.63294
