0.3735
0.3236
0.4108
0.4309
0.466
0.4036
0.4152
0.4241
0.4011
0.3588
0.3403
0.3949
0.3467
0.3293
0.4345
0.4141
0.3998
0.449
0.4079
0.3416
0.364
0.4232
0.4271
0.4304
0.3484
0.3806
0.403
0.3183
0.429
0.4154
0.4446
0.417
0.4179
0.4316
0.5
0.5366
0.4808
0.4344
0.3701
0.3966
0.4308
0.3882
0.3169
0.4067
0.4252
0.3852
0.4427
0.4092
0.4195
0.3805
0.4184
0.4424
0.3924
0.3412
0.4291
0.446
0.3936
0.3752
0.3768
0.3785
0.4201
0.4424
0.3905
0.3602
0.4026
0.4204
0.387
0.3627
0.3811
0.3651
0.4408
0.3659
0.3853
0.3761
0.3725
0.388
0.403
0.3814
0.4114
0.4163
0.404
0.3804
0.4624
0.4977
0.3813
0.3982
0.415
0.4363
0.3866
0.3641
0.3443
0.4233
0.4094
0.374
0.3874
0.409
0.366
0.3831
0.447
0.3398
0.4005
0.3858
0.3804
0.4365
0.4049
0.3459
0.363
0.4014
0.3915
0.4506
0.4276
0.397
0.398
0.3676
0.3775
0.404
0.4295
0.372
0.463
0.3637
0.3773
0.3411
0.3511
0.3676
0.393
0.4151
0.3756
0.3784
0.4074
0.3977
0.3999
0.3794
0.4462
0.3247
0.3478
0.4354
0.341
0.4263
0.4361
0.4209
0.4154
0.3636
0.4987
0.404
0.3581
0.3798
0.3988
0.4303
0.3852
0.4165
0.2884
0.3527
0.3939
0.3594
0.3464
0.376
0.3565
0.3194
0.3828
0.4107
0.382
0.3567
0.3576
0.39
0.4229
0.3177
0.452
0.3926
0.4277
0.4016
0.4476
0.4152
0.4591
0.4921
0.3833
0.406
0.3941
0.4644
0.4192
0.3712
0.4677
0.3572
0.3458
0.4618
0.4374
0.4458
0.4647
0.445
0.4422
0.3675
0.4035
0.3825
0.3816
0.3662
0.405
0.4435
0.4344
0.3619
0.4692
0.4137
0.4003
0.4179
0.3589
0.2976
0.435
0.4186
0.4215
0.3493
0.3841
0.4018
0.383
0.454
0.4231
0.3975
0.4285
0.3898
0.3705
0.3573
0.4521
0.4463
0.4808
0.4392
0.4199
0.451
0.4477
0.4367
0.4294
0.4071
0.3928
0.4031
0.3968
0.3389
0.4002
0.3786
0.4356
0.4378
0.3969
0.4648
0.3863
0.3916
0.3961
0.3591
0.3316
0.4262
0.4758
0.3562
0.3357
0.4824
0.4614
0.3934
0.4521
0.444
0.3961
0.4138
0.3813
0.3381
0.3754
0.4256
0.3836
0.4062
0.4295
0.3325
0.4344
0.4148
0.3868
0.33
0.4037
0.3386
0.3762
0.4196
0.3519
0.4294
0.4096
0.3662
0.4389
0.371
0.3647
0.4055
0.3409
0.4076
0.3401
0.4232
0.393
0.478
0.4379
0.44
0.4768
0.3639
0.4055
0.4191
0.4905
0.4877
0.3191
0.4608
0.4052
0.4092
0.416
0.3801
0.3217
0.437
0.3917
0.4112
0.4497
0.397
0.4364
0.4187
0.3763
0.4674
0.4325
0.4031
0.375
0.4056
0.3762
0.3499
0.4054
0.3517
0.3735
0.3893
0.378
0.3804
0.4029
0.4232
0.376
0.3955
0.4816
0.4057
0.424
0.4244
0.4539
0.4726
0.3824
0.3573
0.3998
0.3997
0.4584
0.4873
0.4369
0.4309
0.4054
0.3826
0.4368
0.4517
0.4133
0.4176
0.3918
0.37
0.3951
0.397
0.3575
0.408
0.4186
0.4318
0.3507
0.4023
0.4234
0.4013
0.3462
0.4207
0.4138
0.4334
0.356
0.3823
0.4082
0.4682
0.4052
0.4302
0.403
0.3508
0.317
0.3701
0.3605
0.4323
0.3699
0.4234
0.3641
0.4155
0.3785
0.4616
0.391
0.3595
0.4099
0.4206
0.4178
0.4046
0.3416
0.3812
0.3538
0.3594
0.39
0.415
0.4059
0.4465
0.3799
0.4799
0.356
0.3635
0.4177
0.4645
0.3853
0.3401
0.3864
0.3798
0.4384
0.3761
0.3548
0.3682
0.4183
0.4477
0.3847
0.4054
0.4406
0.3223
0.4253
0.388
0.4074
0.3435
0.4192
0.394
0.4249
0.3339
0.4588
0.4016
0.4158
0.3473
0.3801
0.3566
0.3809
0.394
0.4041
0.4404
0.4314
0.4806
0.4002
0.3864
0.4588
0.3748
0.3273
0.3742
0.403
0.4049
0.388
0.3824
0.4196
0.3502
0.4161
0.3306
0.3328
0.4613
0.3996
0.3598
0.4045
0.3362
0.414
0.3858
0.3416
0.4561
0.4004
0.398
0.3791
0.3717
0.3766
0.3955
0.42
0.3222
0.3813
0.4401
0.379
0.4896
0.3834
0.3553
0.4442
0.3875
0.383
0.3691
0.4891
0.4544
0.358
0.4359
0.3991
0.341
0.3991
0.4196
0.3871
0.404
0.4339
0.3905
0.3953
0.3574
0.3741
0.3828
0.3919
0.308
0.3878
0.3736
0.4258
0.3795
0.3838
0.4202
0.4809
0.3994
0.4497
0.3685
0.385
0.3871
0.3728
0.3686
0.4403
0.4151
0.4214
0.4197
0.4722
0.4241
0.4346
0.3352
0.4237
0.4756
0.4049
0.4008
0.4881
0.3644
0.4586
0.3394
0.3793
0.3373
0.3643
0.316
0.3702
0.442
0.354
0.371
0.4433
0.4134
0.3897
0.3979
0.4263
0.4183
0.4066
0.3983
0.469
0.3907
0.385
0.4064
0.4586
0.383
0.4767
0.4778
0.4096
0.3471
0.3972
0.4774
0.4047
0.3232
0.4398
0.4676
0.3168
0.3462
0.4042
0.3669
0.3712
0.435
0.3945
0.4484
0.3785
0.3885
0.3638
0.3407
0.449
0.413
0.3657
0.4043
0.3746
0.3546
0.428
0.4546
0.3491
0.4319
0.4092
0.3844
0.3443
0.3746
0.4326
0.3845
0.4446
0.3672
0.4442
0.336
0.4139
0.4083
0.4028
0.3981
0.3748
0.3888
0.4016
0.4316
0.3646
0.4142
0.4341
0.4048
0.3646
0.4045
0.4262
0.3526
0.3832
0.3929
0.3899
0.4513
0.3951
0.3458
0.3849
0.3819
0.3887
0.4394
0.3874
0.417
0.4397
0.3402
0.4491
0.4296
0.4745
0.405
0.4171
0.4277
0.3766
0.3487
0.4164
0.3607
0.5007
0.4124
0.3566
0.3466
0.4017
0.3973
0.3922
0.4077
0.3871
0.3532
0.3938
0.428
0.478
0.4018
0.3875
0.3688
0.3267
0.3439
0.3758
0.387
0.411
0.395
0.3952
0.4457
0.351
0.4601
0.4717
0.4037
0.4031
0.3739
0.4061
0.4383
0.4053
0.3881
0.3383
0.3872
0.3963
0.3369
0.4169
0.3752
0.4884
0.4255
0.4387
0.3616
0.3858
0.4053
0.4075
0.3989
0.4003
0.4651
0.4441
0.4966
0.3687
0.3262
0.3265
0.3759
0.2813
0.4117
0.3808
0.46
0.326
0.3772
0.4582
0.4137
0.4088
0.4068
0.3768
0.388
0.4593
0.411
0.4403
0.3166
0.4396
0.4132
0.5001
0.4162
0.3609
0.3275
0.4682
0.3787
0.402
0.364
0.3388
0.4183
0.4131
0.3896
0.3743
0.4008
0.4446
0.4284
0.441
0.325
0.4304
0.4534
0.3774
0.3819
0.3395
0.4232
0.4546
0.4832
0.402
0.3381
0.3201
0.4252
0.4285
0.3829
0.4551
0.4452
0.4448
0.3984
0.3839
0.3914
0.4346
0.3912
0.3774
0.4402
0.3726
0.3552
0.3926
0.4165
0.389
0.445
0.3881
0.4189
0.3629
0.3944
0.3796
0.4493
0.3698
0.3915
0.4282
0.4416
0.333
0.3824
0.4361
0.4132
0.3229
0.4829
0.439
0.4647
0.446
0.3596
0.3997
0.4275
0.4417
0.3269
0.431
0.3276
0.4013
0.4035
0.3523
0.3567
0.3393
0.3684
0.3832
0.3987
0.3948
0.3719
0.3734
0.3967
0.4338
0.3792
0.3598
0.3403
0.3807
0.3635
0.3687
0.369
0.3062
0.3559
0.4315
0.3905
0.4029
0.3795
0.4182
0.3915
0.4425
0.4743
0.4236
0.4636
0.3576
0.4047
0.3497
0.4656
0.3547
0.4062
0.368
0.426
0.3904
0.4108
0.3954
0.4278
0.4197
0.4454
0.3201
0.4234
0.4155
0.4315
0.462
0.3747
0.3593
0.4153
0.4011
0.4252
0.4209
0.4237
0.4316
0.3363
0.4578
0.4508
0.4609
0.3795
0.34
0.4451
0.3983
0.4669
0.4454
0.4343
0.4319
0.3923
0.4312
0.3711
0.3919
0.4104
0.4171
0.374
0.4183
0.4355
0.3729
0.4526
0.3561
0.4396
0.3666
0.3915
0.3923
0.3642
0.3251
0.4082
0.4277
0.421
0.3341
0.4414
0.4303
0.4229
0.3992
0.4593
0.4017
0.3921
0.4215
0.3444
0.4
0.3954
0.4083
0.4627
0.3984
0.3096
0.3593
0.4354
0.3971
0.419
0.4293
0.4936
0.3329
0.4427
0.4414
0.4517
0.415
0.3821
0.445
0.3891
0.4031
0.4228
0.4093
0.4623
0.3904
0.3893
0.4004
0.3891
0.4204
0.4291
0.351
0.4177
0.3355
0.3343
0.4148
0.4351
0.4309
0.43
0.3951
0.3582
0.3342
0.368
0.3666
0.3678
0.3416
0.4258
0.4213
0.4073
0.301
0.3717
0.4178
0.3602
0.3809
0.4294
0.408
0.3844
0.439
0.4239
0.4265
0.4523
0.3321
0.4004
0.3938
0.3347
0.3344
0.3289
0.3899
0.3522
0.4687
0.4549
0.3305
0.3367
0.4499
0.4513
0.4464
0.3891
0.349
0.423
0.3732
0.4428
0.3933
0.3792
0.3783
0.4628
0.4389
0.3619
0.5058
0.3904
0.357
0.4002
0.3934
0.4025
0.364
0.3894
0.4046
0.4322
0.3785
0.4266
0.4655
0.4021
0.4342
0.3739
0.4139
0.3896
0.362
0.3994
0.438
0.3379
0.394
0.4701
0.3919
0.4125
0.4346
0.3561
0.3832
0.4275
0.3484
0.3856
0.4305
0.4548
0.3825
0.4151
0.4121
0.3966