0.00100003
0.00199998
0.00299948
0.00399883
0.00499835
0.00599803
0.00699775
0.00799753
0.00899735
0.00999721
0.010997
0.0119969
0.0129968
0.0139967
0.0149966
0.0159965
0.0169964
0.0179963
0.0189962
0.0199961
0.0209961
0.0219961
0.0229961
0.0239961
0.024996
0.025996
0.026996
0.027996
0.028996
0.029996
0.030996
0.031996
0.032996
0.033996
0.0349961
0.0359961
0.0369961
0.0379961
0.0389961
0.0399961
0.0409961
0.0419961
0.0429961
0.0439961
0.0449961
0.0459961
0.0469962
0.0479962
0.0489962
0.0499962
0.0509962
0.0519962
0.0529962
0.0539962
0.0549962
0.0559963
0.0569963
0.0579963
0.0589963
0.0599963
0.0609963
0.0619963
0.0629963
0.0639964
0.0649964
0.0659964
0.0669964
0.0679964
0.0689964
0.0699964
0.0709964
0.0719965
0.0729965
0.0739965
0.0749965
0.0759965
0.0769965
0.0779965
0.0789966
0.0799966
0.0809966
0.0819966
0.0829966
0.0839967
0.0849967
0.0859967
0.0869967
0.0879968
0.0889968
0.0899968
0.0909968
0.0919969
0.0929969
0.093997
0.094997
0.095997
0.0969971
0.0979971
0.0989971
0.0999972
0.100997
0.101997
0.102997
0.103997
0.104997
0.105997
0.106997
0.107997
0.108997
0.109997
0.110997
0.111997
0.112998
0.113998
0.114998
0.115998
0.116998
0.117998
0.118998
0.119998
0.120998
0.121998
0.122998
0.123998
0.124998
0.125998
0.126998
0.127998
0.128998
0.129998
0.130998
0.131998
0.132998
0.133998
0.134998
0.135998
0.136998
0.137998
0.138998
0.139998
0.140998
0.141998
0.142998
0.143998
0.144998
0.145998
0.146998
0.147998
0.148998
0.149998
0.150998
0.151998
0.152998
0.153998
0.154998
0.155999
0.156999
0.157999
0.158999
0.159999
0.160999
0.161999
0.162999
0.163999
0.164999
0.165999
0.166999
0.167999
0.168999
0.169999
0.170999
0.171999
0.172999
0.173999
0.174999
0.175999
0.176999
0.177999
0.178999
0.179999
0.180999
0.181999
0.182999
0.183999
0.184999
0.185999
0.186999
0.187999
0.188999
0.189999
0.190999
0.191999
0.192999
0.193999
0.194999
0.195999
0.196999
0.197999
0.198999
0.2
0.201
0.202
0.203
0.204
0.205
0.206
0.207
0.208
0.209
0.21
0.211
0.212
0.213
0.214
0.215
0.216
0.217
0.218
0.219
0.22
0.221
0.222
0.223
0.224
0.225
0.226
0.227
0.228
0.229
0.23
0.231
0.232
0.233
0.234
0.235001
0.236001
0.237001
0.238001
0.239001
0.240001
0.241001
0.242001
0.243001
0.244001
0.245001
0.246001
0.247001
0.248001
0.249001
0.250001
0.251001
0.252001
0.253001
0.254001
0.255001
0.256001
0.257001
0.258001
0.259001
0.260001
0.261001
0.262001
0.263001
0.264001
0.265001
0.266001
0.267001
0.268001
0.269001
0.270001
0.271001
0.272001
0.273001
0.274002
0.275002
0.276002
0.277002
0.278002
0.279002
0.280002
0.281002
0.282002
0.283002
0.284002
0.285002
0.286002
0.287002
0.288002
0.289002
0.290002
0.291002
0.292002
0.293002
0.294002
0.295002
0.296002
0.297002
0.298002
0.299002
0.300002
