-6.44965e-06
-3.43833e-05
-8.89245e-05
-0.00016641
-0.000261329
-0.000365799
-0.000469166
-0.000561822
-0.000638517
-0.000697143
-0.000737162
-0.000759286
-0.000765059
-0.000756566
-0.000735799
-0.000703538
-0.000659038
-0.000601277
-0.000531063
-0.000452659
-0.00037439
-0.00030662
-0.000254911
-0.000213579
-0.000170319
-0.000117718
-5.52689e-05
1.63471e-05
9.66938e-05
0.000183601
0.000272666
0.000358626
0.000438258
0.000513916
0.000593427
0.000684111
0.000787768
0.00090144
0.00101963
0.00113559
0.00124128
0.00132526
0.00137429
0.00137957
0.00133786
0.00124859
0.00111489
0.000945254
0.000750281
0.000537937
0.000313682
8.31687e-05
-0.000147859
-0.000375974
-0.000601306
-0.000826584
-0.00105559
-0.00129153
-0.00153336
-0.00177197
-0.00199419
-0.00219071
-0.0023556
-0.00248245
-0.00256495
-0.00259759
-0.00257515
-0.00249429
-0.00235623
-0.0021709
-0.00195894
-0.00174548
-0.00154999
-0.00137909
-0.00122261
-0.00106011
-0.000877363
-0.000672602
-0.000446288
-0.000194123
8.71991e-05
0.00039398
0.000715913
0.00103482
0.00132714
0.00157949
0.00179756
0.00199416
0.00217635
0.00234645
0.00250576
0.00265309
0.00278374
0.00289036
0.00296448
0.00299754
0.00298039
0.00290412
0.00276311
0.00255551
0.00228128
0.0019427
0.00154681
0.00110713
0.000642523
0.000171861
-0.000291137
-0.000737758
-0.00116198
-0.00155894
-0.00192419
-0.00225397
-0.00254457
-0.00279185
-0.00299448
-0.00315637
-0.003282
-0.0033698
-0.00341257
-0.00340232
-0.00333268
-0.00320019
-0.00300867
-0.00277451
-0.0025194
-0.00225565
-0.00198558
-0.0017082
-0.00141771
-0.00110247
-0.00075389
-0.000371987
4.06984e-05
0.000483589
0.00095589
0.00145295
0.00196135
0.00245627
0.00290775
0.00329255
0.00360127
0.00383566
0.00399956
0.00408932
0.00409217
0.0039995
0.00382344
0.00359312
0.00333288
0.00305001
0.00274041
0.00239747
0.00201827
0.00160751
0.0011736
0.000720877
0.000249919
-0.000237261
-0.000736446
-0.00124037
-0.0017352
-0.00220468
-0.00263815
-0.0030299
-0.00337469
-0.00366652
-0.00389791
-0.0040621
-0.00415874
-0.00419656
-0.00418852
-0.00414305
-0.00406022
-0.00393755
-0.00377843
-0.00359204
-0.00338552
-0.00315949
-0.00290737
-0.00261805
-0.00228476
-0.00190929
-0.00149665
-0.00105035
-0.000572309
-6.48553e-05
0.000467508
0.00101715
0.00157347
0.00212445
0.00265673
0.00315246
0.00359049
0.00395489
0.00423817
0.00443894
0.00456042
0.00460547
0.00457366
0.00446681
0.00429076
0.00404759
0.0037338
0.00334854
0.00289735
0.00238985
0.00184221
0.00128174
0.000742564
0.000252643
-0.000178529
-0.000559985
-0.000904217
-0.00121446
-0.00148668
-0.00171614
-0.00190042
-0.00204143
-0.00214402
-0.0022093
-0.00222892
-0.0021863
-0.00206305
-0.00184581
-0.00152958
-0.00111771
-0.000620244
-5.10861e-05
0.000575318
0.00124634
0.00195281
0.00268914
0.00345094
0.00423158
0.0050204
0.00580472
0.00657735
0.00734314
0.00811386
0.00889739
0.00969599
0.0105105
0.011341
0.0121859
0.0130448
0.0139188
0.0148072
0.0157005
0.0165776
0.0174101
0.0181692
0.0188298
0.0193712
0.019771
0.0199994
0.020025
