-1.24025 -1.21588 -1.24039
-2.40287 -2.42972 -2.40301
-3.18877 -3.6329 -3.18895
-3.77901 -4.70448 -3.77922
-4.27342 -5.5539 -4.27367
-4.67492 -6.24601 -4.67523
-5.06821 -6.83827 -5.06856
-5.41847 -7.36089 -5.41885
-5.77174 -7.8382 -5.77216
-6.09923 -8.29556 -6.09973
-6.37595 -8.69294 -6.3765
-6.65114 -9.06502 -6.65173
-6.92571 -9.43465 -6.92634
-7.19534 -9.7952 -7.19601
-7.44193 -10.1223 -7.44267
-7.69328 -10.4503 -7.69407
-7.94708 -10.777 -7.94787
-8.19881 -11.1031 -8.19967
-8.45096 -11.4289 -8.45187
-8.7028 -11.7163 -8.70376
-8.94641 -11.9663 -8.94737
-9.18298 -12.2217 -9.18402
-9.42008 -12.4744 -9.42118
-9.65684 -12.7291 -9.65799
-9.89472 -12.9798 -9.89583
-10.1295 -13.2316 -10.1307
-10.3644 -13.4784 -10.3657
-10.5994 -13.7102 -10.6007
-10.8345 -13.9381 -10.8358
-11.0695 -14.1678 -11.0709
-11.3119 -14.3981 -11.3132
-11.5416 -14.6285 -11.543
-11.7725 -14.8589 -11.7739
-12.0041 -15.0892 -12.0056
-12.2361 -15.3244 -12.2377
-12.4684 -15.5494 -12.47
-12.7008 -15.7763 -12.7024
-12.9397 -16.0039 -12.9412
-13.1635 -16.2318 -13.1651
-13.388 -16.4597 -13.3897
-13.6131 -16.686 -13.6149
-13.8387 -16.9033 -13.8405
-14.0645 -17.1163 -14.0663
-14.2905 -17.3302 -14.2924
-14.5166 -17.5445 -14.5185
-14.7427 -17.7591 -14.7447
-14.9689 -17.9738 -14.9709
-15.1964 -18.1878 -15.1978
-15.4171 -18.4011 -15.4188
-15.6379 -18.6143 -15.6397
-15.8586 -18.8312 -15.8606
-16.0794 -19.0404 -16.0814
-16.3002 -19.2504 -16.3023
-16.5209 -19.4608 -16.5231
-16.7415 -19.6713 -16.7438
-16.9622 -19.882 -16.9645
-17.1828 -20.0927 -17.1851
-17.4033 -20.3033 -17.4057
-17.6238 -20.5138 -17.6262
-17.8474 -20.7243 -17.8496
-18.065 -20.9347 -18.0672
-18.2826 -21.1503 -18.285
-18.5003 -21.3563 -18.5027
-18.718 -21.5632 -18.7205
-18.9357 -21.7705 -18.9383
-19.1535 -21.9781 -19.1561
-19.3712 -22.1858 -19.3738
-19.5888 -22.3934 -19.5915
-19.8064 -22.6011 -19.8092
-20.024 -22.8087 -20.0268
-20.2414 -23.0161 -20.2443
-20.4588 -23.2234 -20.4617
-20.6761 -23.4305 -20.6789
-20.8932 -23.6374 -20.8961
-21.1101 -23.844 -21.113
-21.3269 -24.0515 -21.3298
-21.5434 -24.2554 -21.5464
-21.7597 -24.4591 -21.7627
-21.9756 -24.6615 -21.9786
-22.1911 -24.8608 -22.1941
-22.4104 -25.0591 -22.413
-22.6229 -25.2565 -22.6256
-22.8346 -25.4527 -22.8375
-23.0456 -25.6476 -23.0485
-23.2556 -25.8407 -23.2585
-23.4643 -26.0319 -23.4673
-23.6716 -26.2205 -23.6746
-23.8769 -26.406 -23.8799
-24.0799 -26.5878 -24.083
-24.2801 -26.7651 -24.2832
-24.4769 -26.9374 -24.48
-24.6698 -27.1039 -24.6729
-24.8579 -27.2641 -24.861
-25.0408 -27.4177 -25.0439
-25.218 -27.5648 -25.2211
-25.389 -27.7059 -25.3921
-25.554 -27.8415 -25.5571
-25.7133 -27.9725 -25.7163
-25.8673 -28.0994 -25.8704
-26.0168 -28.223 -26.0198
-26.1559 -28.3435 -26.1591
-26.295 -28.4696 -26.2981
-26.4301 -28.58 -26.4332
-26.5616 -28.6877 -26.5647
-26.6894 -28.7925 -26.6925
-26.8132 -28.8937 -26.8163
-26.9326 -28.991 -26.9357
-27.0472 -29.0841 -27.0502
-27.1564 -29.1732 -27.1594
-27.2604 -29.2585 -27.2634
-27.3595 -29.3406 -27.3625
-27.4544 -29.42 -27.4573
-27.5458 -29.4972 -27.5487
-27.6344 -29.5728 -27.6374
-27.7211 -29.6471 -27.724
-27.8061 -29.7135 -27.809
-27.8899 -29.777 -27.8928
-27.9726 -29.8393 -27.9755
-28.0543 -29.9006 -28.0572
-28.135 -29.9609 -28.1378
-28.2144 -30.0201 -28.2173
-28.2924 -30.0779 -28.2952
-28.3685 -30.1341 -28.3713
-28.4423 -30.1883 -28.4451
-28.5132 -30.24 -28.516
-28.5807 -30.2888 -28.5835
-28.6445 -30.3341 -28.6472
-28.7041 -30.3758 -28.7068
-28.7597 -30.4137 -28.7624
-28.8115 -30.448 -28.8141
-28.86 -30.479 -28.8626
-28.9058 -30.5073 -28.9084
-28.9495 -30.5333 -28.9521
-28.9915 -30.5575 -28.9941
-29.0323 -30.5803 -29.0348
-29.0721 -30.602 -29.0747
-29.1113 -30.6228 -29.1138
-29.1499 -30.643 -29.1524
-29.188 -30.6627 -29.1905
-29.2259 -30.682 -29.2284
-29.2635 -30.7009 -29.2659
-29.3008 -30.7196 -29.3033
-29.338 -30.738 -29.3404
-29.3749 -30.7562 -29.3773
-29.4117 -30.7741 -29.4141
-29.4483 -30.7919 -29.4506
-29.4847 -30.8095 -29.487
-29.5209 -30.8269 -29.5232
-29.5568 -30.8441 -29.559
-29.5924 -30.8611 -29.5946
-29.6277 -30.8779 -29.6299
-29.6625 -30.8944 -29.6646
-29.6968 -30.9106 -29.6989
-29.7304 -30.9266 -29.7325
-29.7632 -30.9421 -29.7653
-29.795 -30.9572 -29.7971
-29.8258 -30.9718 -29.8278
-29.8552 -30.9857 -29.8572
-29.8832 -30.9989 -29.8852
-29.9096 -31.0113 -29.9115
-29.9343 -31.0227 -29.9362
-29.9573 -31.0329 -29.9592
-29.9787 -31.042 -29.9806
-29.9923 -31.0497 -29.9949
-29.9998 -31.0559 -30.0022
-30.005 -31.0608 -30.0073
-30.0087 -31.0642 -30.0109
-30.011 -31.0627 -30.0132
-30.0124 -31.0486 -30.0145
-30.0129 -31.0324 -30.015
-30.0128 -31.0146 -30.0149
-30.0123 -30.9954 -30.0143
-30.0113 -30.9751 -30.0133
-30.0101 -30.9539 -30.0121
-30.0086 -30.932 -30.0106
-30.007 -30.9095 -30.0089
-30.0052 -30.8867 -30.0071
-30.0034 -30.8635 -30.0052
-30.0014 -30.84 -30.0032
-29.9993 -30.8163 -30.0011
-29.9972 -30.7925 -29.9989
-29.995 -30.7685 -29.9967
-29.9928 -30.7444 -29.9944
-29.9905 -30.7203 -29.9921
-29.9882 -30.696 -29.9898
-29.9859 -30.6717 -29.9874
-29.9835 -30.6473 -29.985
-29.9811 -30.6229 -29.9825
-29.9786 -30.5984 -29.98
-29.9761 -30.5739 -29.9775
-29.9736 -30.5494 -29.975
-29.9711 -30.5248 -29.9724
-29.9686 -30.5002 -29.9698
-29.966 -30.4758 -29.9672
-29.9634 -30.451 -29.9645
-29.9607 -30.4263 -29.9618
-29.9581 -30.4015 -29.9591
-29.9554 -30.3767 -29.9564
-29.9526 -30.3518 -29.9536
-29.9499 -30.3269 -29.9508
-29.9471 -30.302 -29.948
-29.9443 -30.2771 -29.9452
-29.9415 -30.2522 -29.9423
-29.9387 -30.2272 -29.9394
-29.9358 -30.2022 -29.9365
-29.9329 -30.1771 -29.9335
-29.9299 -30.152 -29.9305
-29.927 -30.1269 -29.9275
-29.924 -30.1018 -29.9245
-29.921 -30.0766 -29.9214
-29.9179 -30.0514 -29.9183
-29.9149 -30.0262 -29.9152
-29.9118 -30.001 -29.9121
-29.9087 -29.9757 -29.9089
-29.9055 -29.9504 -29.9057
-29.9023 -29.925 -29.9025
-29.8991 -29.8996 -29.8992
-29.8959 -29.8742 -29.8959
-29.8926 -29.8488 -29.8926
-29.8893 -29.8233 -29.8892
-29.8859 -29.7978 -29.8858
-29.8826 -29.7722 -29.8824
-29.8791 -29.7467 -29.8789
-29.8757 -29.721 -29.8754
-29.8722 -29.6954 -29.8718
-29.8686 -29.6697 -29.8683
-29.8651 -29.644 -29.8646
-29.8614 -29.6183 -29.8609
-29.8577 -29.5925 -29.8572
-29.854 -29.5666 -29.8533
-29.8501 -29.5408 -29.8495
-29.8462 -29.5149 -29.8455
-29.8423 -29.4889 -29.8415
-29.8382 -29.463 -29.8373
-29.834 -29.4369 -29.8331
-29.8297 -29.4109 -29.8288
-29.8253 -29.3847 -29.8243
-29.8208 -29.3586 -29.8197
-29.8161 -29.3324 -29.8149
-29.8112 -29.3061 -29.81
-29.8061 -29.2797 -29.8049
-29.8008 -29.2533 -29.7995
-29.7953 -29.2269 -29.794
-29.7896 -29.2003 -29.7881
-29.7835 -29.1737 -29.7821
-29.7772 -29.147 -29.7757
-29.7706 -29.1202 -29.769
-29.7637 -29.0932 -29.762
-29.7564 -29.0662 -29.7547
-29.7488 -29.039 -29.747
-29.7408 -29.0117 -29.739
-29.7325 -28.9842 -29.7307
-29.7239 -28.9566 -29.722
-29.7149 -28.9287 -29.7129
-29.7056 -28.9007 -29.7036
-29.696 -28.8724 -29.6939
-29.6862 -28.8439 -29.684
-29.676 -28.8151 -29.6738
-29.6656 -28.7861 -29.6633
-29.6549 -28.7568 -29.6526
-29.6441 -28.7271 -29.6417
-29.633 -28.6972 -29.6306
-29.6218 -28.6669 -29.6192
-29.6104 -28.6363 -29.6078
-29.5988 -28.6054 -29.5962
-29.5872 -28.5742 -29.5844
-29.5754 -28.5427 -29.5726
-29.5635 -28.5108 -29.5606
-29.5515 -28.4787 -29.5485
-29.5394 -28.4463 -29.5364
-29.5272 -28.4136 -29.5241
-29.515 -28.3807 -29.5118
-29.5026 -28.3475 -29.4994
-29.4903 -28.3141 -29.487
-29.4779 -28.2805 -29.4745
-29.4654 -28.2468 -29.4619
-29.4529 -28.2128 -29.4493
-29.4403 -28.1788 -29.4367
-29.4277 -28.1445 -29.424
-29.415 -28.1102 -29.4113
-29.4024 -28.0757 -29.3985
-29.3896 -28.0411 -29.3857
-29.3769 -28.0065 -29.3729
-29.3641 -27.9717 -29.3601
-29.3513 -27.9369 -29.3472
-29.3384 -27.9019 -29.3342
-29.3256 -27.8664 -29.3213
-29.3127 -27.8303 -29.3083
-29.2997 -27.7942 -29.2953
-29.2868 -27.7581 -29.2822
-29.2738 -27.7219 -29.2692
-29.2607 -27.6858 -29.2561
-29.2477 -27.6496 -29.2429
-29.2346 -27.6134 -29.2298
-29.2215 -27.5772 -29.2166
-29.2084 -27.541 -29.2034
-29.1952 -27.5048 -29.1901
-29.1821 -27.4685 -29.1769
-29.1689 -27.4323 -29.1636
-29.1556 -27.396 -29.1503
