0.144116 180.824 0.0293129 361.273 -0.0985393 180.813
0.234868 180.848 0.145854 361.268 -0.00779085 180.787
0.412037 180.904 0.373402 361.269 0.169362 180.733
0.663741 180.985 0.696789 361.273 0.421045 180.654
0.972031 181.081 1.09288 361.274 0.72932 180.557
1.31129 181.188 1.52874 361.274 1.06857 180.45
1.6469 181.295 1.9599 361.275 1.40419 180.344
1.9477 181.39 2.34632 361.277 1.70499 180.249
2.19665 181.469 2.66612 361.278 1.95394 180.172
2.38692 181.528 2.91052 361.278 2.14422 180.113
2.51679 181.569 3.07733 361.278 2.2741 180.073
2.58859 181.591 3.16954 361.278 2.34591 180.051
2.60732 181.597 3.1936 361.278 2.36464 180.045
2.57959 181.586 3.15781 361.273 2.33692 180.052
2.51189 181.563 3.07052 361.268 2.26922 180.072
2.40674 181.532 2.935 361.272 2.16407 180.107
2.26167 181.488 2.74798 361.277 2.019 180.153
2.07336 181.429 2.50522 361.277 1.83069 180.211
1.84444 181.358 2.21011 361.275 1.60179 180.282
1.58883 181.277 1.88055 361.275 1.34618 180.363
1.33365 181.196 1.55155 361.276 1.09102 180.444
1.11269 181.126 1.26666 361.276 0.87008 180.515
0.944104 181.073 1.04931 361.276 0.701507 180.568
0.809348 181.032 0.875621 361.276 0.566765 180.608
0.668311 180.991 0.693871 361.276 0.425742 180.649
0.496813 180.939 0.472827 361.276 0.254264 180.701
0.293206 180.875 0.210342 361.276 0.0506819 180.765
0.0595696 180.803 -0.0921842 361.293 -0.182945 180.84
-0.201478 180.716 -0.42731 361.27 -0.443908 180.915
-0.483901 180.63 -0.790052 361.267 -0.726265 181.006
-0.773238 180.542 -1.16179 361.275 -1.01554 181.099
-1.05245 180.453 -1.52053 361.279 -1.29469 181.186
-1.31109 180.372 -1.8528 361.277 -1.55325 181.266
-1.55678 180.297 -2.1684 361.276 -1.79888 181.342
-1.81496 180.218 -2.5 361.274 -2.05698 181.42
-2.10938 180.127 -2.87814 361.273 -2.3513 181.51
-2.44587 180.022 -3.31032 361.273 -2.68767 181.615
-2.81481 179.906 -3.78419 361.274 -3.05647 181.73
-3.19836 179.786 -4.27679 361.275 -3.43987 181.851
-3.5669 179.706 -4.75996 361.276 -3.80367 182.031
-3.89488 179.634 -5.19895 361.278 -4.12784 182.19
-4.14552 179.534 -5.54596 361.281 -4.37999 182.234
-4.29262 179.411 -5.74818 361.285 -4.52802 182.191
-4.30841 179.397 -5.76998 361.287 -4.54391 182.189
-4.18359 179.442 -5.59536 361.261 -4.41883 182.156
-3.91678 179.523 -5.22262 361.239 -4.15155 182.06
-3.49291 179.805 -4.66473 361.261 -3.73281 182.044
-2.94017 180.101 -3.95325 361.286 -3.1804 182.03
-2.31071 180.154 -3.13184 361.283 -2.54969 181.741
-1.62115 180.242 -2.23773 361.273 -1.86271 181.351
-0.890067 180.494 -1.29474 361.273 -1.13198 181.109
-0.138413 180.747 -0.325655 361.276 -0.380502 180.91
0.614937 180.974 0.645615 361.277 0.372711 180.669
1.35877 181.205 1.60472 361.276 1.1165 180.432
2.09352 181.435 2.55214 361.275 1.85125 180.206
2.82898 181.671 3.50594 361.341 2.5866 179.986
3.56862 181.892 4.45929 361.26 3.32887 179.734
4.28393 182.363 5.44092 361.242 4.05012 179.701
4.97371 182.868 6.4412 361.264 4.74231 179.723
5.60798 183.218 7.4207 361.277 5.37799 179.628
6.15696 183.47 8.29566 361.393 5.93035 179.48
6.6329 183.451 9.02448 361.573 6.40905 179.092
7.01385 183.318 9.61023 361.619 6.78112 178.74
7.28815 183.236 10.0457 361.517 7.05704 178.462
7.4649 183.276 10.3179 361.383 7.22969 178.356
7.53679 183.239 10.4277 361.203 7.29921 178.263
7.48786 183.139 10.3526 361.101 7.25112 178.232
7.31451 183.075 10.0839 361.119 7.07957 178.302
7.01496 183.017 9.60227 361.312 6.77776 178.511
6.58706 183.073 8.92807 361.556 6.3638 178.787
6.06994 183.167 8.11558 361.648 5.84116 179.341
5.53088 182.915 7.25779 361.658 5.28961 179.774
5.00444 182.685 6.45492 361.506 4.76308 179.808
4.52082 182.453 5.74563 361.25 4.28307 179.661
4.05563 182.162 5.09046 361.192 3.82205 179.677
3.54423 182.046 4.40926 361.266 3.30939 179.839
2.94773 181.977 3.64127 361.299 2.71189 180.055
2.2875 181.613 2.77823 361.281 2.04643 180.218
1.55267 181.231 1.82473 361.268 1.31127 180.374
0.730274 181.002 0.763391 361.271 0.488829 180.612
-0.187454 180.738 -0.420353 361.276 -0.428729 180.915
-1.18826 180.416 -1.7112 361.277 -1.42925 181.226
-2.23854 180.085 -3.06593 361.276 -2.4792 181.552
-3.27636 179.773 -4.40798 361.276 -3.51441 181.904
-4.16301 179.782 -5.63709 361.287 -4.39557 182.541
-4.88017 179.827 -6.70307 361.393 -5.10738 183.111
-5.45065 179.686 -7.58506 361.339 -5.68354 183.189
-5.93724 179.504 -8.34948 361.432 -6.17551 183.132
-6.38452 179.095 -9.01342 361.653 -6.61375 183.237
-6.76761 178.763 -9.62315 361.651 -6.99995 183.37
-7.11092 178.542 -10.1538 361.632 -7.34189 183.381
-7.41988 178.415 -10.6374 361.552 -7.65551 183.435
-7.68552 178.267 -11.0611 361.397 -7.92314 183.573
-7.88587 178.181 -11.3753 361.386 -8.13434 183.64
-8.02589 178.065 -11.5969 361.327 -8.2777 183.555
-8.08946 177.943 -11.6971 361.176 -8.33881 183.438
-8.05603 177.904 -11.6446 361.077 -8.30535 183.425
-7.90994 177.951 -11.414 361.065 -8.15739 183.364
-7.63711 178.084 -10.9838 361.119 -7.87922 183.351
-7.20654 178.489 -10.2964 361.509 -7.43808 183.52
-6.60771 178.856 -9.34906 361.834 -6.83759 183.483
-5.79769 179.588 -8.0734 362.111 -6.03087 183.483
-4.74712 180.434 -6.4752 362.095 -4.98646 183.445
-3.44156 180.772 -4.656 361.545 -3.6766 183.036
-1.94323 180.785 -2.70352 361.113 -2.17983 182.152
-0.425144 180.751 -0.716641 361.152 -0.664828 181.104
1.07865 181.063 1.23495 361.307 0.838373 180.451
2.53529 181.57 3.11515 361.323 2.29498 180.062
3.89378 182.113 4.89975 361.274 3.6573 179.73
5.0369 182.94 6.56095 361.26 4.80282 179.825
5.96596 183.839 8.04112 361.462 5.7365 180.085
6.75875 184.254 9.25636 362.04 6.52889 179.855
7.4143 184.053 10.2467 362.476 7.18083 179.04
7.94243 183.833 11.1013 362.419 7.70101 178.439
8.33916 183.9 11.7037 361.708 8.08362 178.39
8.65038 183.761 12.1822 361.044 8.39014 178.054
8.88463 183.709 12.5328 361.137 8.62913 177.734
9.04806 183.804 12.7722 361.434 8.78998 177.7
9.12765 183.78 12.8893 361.279 8.86733 177.707
9.10727 183.703 12.8586 360.991 8.84778 177.64
8.97657 183.65 12.6665 360.935 8.72048 177.666
8.72676 183.584 12.2983 361.053 8.47097 177.848
8.35667 183.533 11.7172 361.517 8.10474 178.016
7.89952 183.45 11.0106 361.64 7.65629 178.144
7.35675 183.698 10.169 361.802 7.12544 178.72
6.77491 183.703 9.25239 361.911 6.54619 179.105
6.1345 183.432 8.25117 361.955 5.90053 179.544
5.42549 183.126 7.15516 361.772 5.18935 179.951
4.61958 182.918 5.95788 361.489 4.37831 180.174
3.66671 182.744 4.64425 361.329 3.4247 180.535
2.54321 182.399 3.18078 361.272 2.30141 180.898
1.31658 181.494 1.56704 361.254 1.07647 180.741
-0.0187296 180.705 -0.174595 361.271 -0.258306 180.775
-1.46339 180.298 -2.04021 361.28 -1.70259 181.271
-3.00479 179.876 -4.02912 361.277 -3.24189 181.816
-4.49419 179.888 -6.11652 361.275 -4.72703 182.812
-5.82239 180.225 -8.17976 361.466 -6.0492 184.101
-6.97196 179.907 -9.9423 362.372 -7.20218 184.639
-7.8991 179.283 -11.3914 362.811 -8.14556 184.704
-8.645 178.547 -12.577 362.422 -8.901 184.634
-9.19007 178.051 -13.3963 361.301 -9.4665 184.126
-9.57153 177.877 -14.0193 360.762 -9.85491 184.295
-9.82493 177.317 -14.4243 361.126 -10.1174 184.189
-9.95963 176.968 -14.6473 361.15 -10.2564 184.027
-9.96599 176.992 -14.6507 360.85 -10.2613 183.988
-9.81767 177.01 -14.4156 360.675 -10.1099 183.88
-9.53329 177.24 -13.9745 360.803 -9.82112 183.901
-9.16275 177.613 -13.3443 361.488 -9.44393 183.972
-8.71417 178.327 -12.6335 361.707 -8.97235 184.674
-8.17539 178.964 -11.8071 361.753 -8.42793 184.763
-7.57048 178.646 -10.8627 361.808 -7.81458 183.838
-6.84627 178.885 -9.72504 362.069 -7.07011 183.675
-5.97242 179.59 -8.34324 362.358 -6.18826 183.956
-4.9146 179.994 -6.70142 362.46 -5.13988 183.397
-3.63973 180.57 -4.91251 361.853 -3.87228 182.873
-2.18774 181 -3.01956 361.156 -2.4162 182.566
-0.673828 180.749 -1.02817 361.051 -0.904204 181.468
0.909467 180.932 1.02874 361.271 0.672141 180.476
2.5384 181.571 3.133 361.349 2.30056 180.019
4.1177 182.362 5.2542 361.289 3.88614 179.816
5.48087 183.579 7.30066 361.333 5.25538 180.041
6.63002 184.357 9.07035 361.909 6.40612 179.95
7.59296 184.441 10.5318 362.459 7.35782 179.401
8.38613 184.308 11.7376 362.448 8.13662 178.77
9.04482 184.233 12.7411 362.251 8.79492 178.041
9.58693 184.617 13.6025 362.294 9.30103 178.572
9.96873 184.729 14.1968 361.622 9.67746 178.467
10.2211 184.245 14.5894 361.197 9.92607 177.386
10.3704 184.047 14.827 360.933 10.0685 176.823
10.4352 184.202 14.9193 360.896 10.1351 177.067
10.4235 184.253 14.901 361.05 10.1245 177.178
10.35 184.225 14.7877 361.133 10.0516 177.173
10.2158 184.162 14.5796 361.102 9.91958 177.204
10.0171 184.076 14.2712 361.057 9.72458 177.28
9.75272 184.1 13.8647 361.152 9.46622 177.456
9.44448 184.05 13.3539 361.475 9.16269 177.586
9.06984 184.492 12.7886 361.372 8.80829 178.044
8.64158 184.504 12.1528 361.225 8.38843 178.725
8.14732 183.711 11.3867 361.527 7.90336 178.578
7.5577 183.423 10.478 361.605 7.31844 178.492
6.83451 183.703 9.35597 361.764 6.59642 179.156
5.93396 183.696 7.97405 361.98 5.701 179.9
4.83456 183.522 6.31429 361.976 4.59681 180.576
3.50286 183.018 4.45802 361.595 3.26956 180.853
1.96448 182.07 2.44938 361.188 1.73044 180.832
0.328136 181.011 0.305152 361.146 0.0914961 180.853
-1.40237 180.287 -1.94147 361.279 -1.63905 181.234
-3.18641 179.823 -4.2582 361.319 -3.41919 181.889
-4.81074 179.975 -6.5886 361.298 -5.03442 183.191
-6.18904 180.391 -8.71957 361.854 -6.41468 184.483
-7.36413 180.197 -10.532 362.74 -7.60864 184.849
-8.34782 179.449 -12.0448 362.971 -8.60276 184.927
-9.14933 178.425 -13.2615 362.515 -9.42444 184.648
-9.74407 177.93 -14.2292 361.775 -10.0386 185.21
-10.2017 177.442 -15.0467 362.331 -10.5149 185.506
-10.5043 177.076 -15.5272 361.518 -10.8207 184.699
-10.6902 176.815 -15.8029 360.838 -11.0034 184.2
-10.7565 176.653 -15.9065 360.771 -11.0744 184.28
-10.7081 176.724 -15.8324 360.87 -11.0261 184.358
-10.5439 176.817 -15.5691 360.949 -10.8576 184.271
-10.2719 176.946 -15.1286 361.096 -10.5782 184.263
-9.89251 177.239 -14.5195 361.048 -10.1858 184.189
-9.38452 177.629 -13.7111 361.099 -9.66517 184.001
-8.72787 178.12 -12.6534 361.585 -8.98382 184.299
-7.87302 178.901 -11.3237 361.919 -8.11957 184.313
-6.82 179.332 -9.67599 362.349 -7.05219 183.963
-5.52756 180.26 -7.65189 363.027 -5.7485 184.014
-3.95066 181.242 -5.37254 362.939 -4.17979 183.953
-2.24748 181.392 -3.13477 361.665 -2.48399 182.93
-0.682993 180.912 -1.06548 360.869 -0.918553 181.379
0.709529 180.889 0.758065 361.068 0.473297 180.501
1.95417 181.368 2.36752 361.376 1.71766 180.214
3.07366 181.799 3.81912 361.366 2.83917 179.937
4.02201 182.37 5.1259 361.259 3.79217 179.855
4.80289 182.918 6.26384 361.253 4.57805 179.839
5.42079 183.159 7.18725 361.395 5.19749 179.643
5.89579 183.13 7.90853 361.445 5.66921 179.333
6.24644 182.975 8.42479 361.458 6.01939 179
6.49251 182.879 8.80051 361.306 6.26737 178.71
6.64707 182.947 9.039 361.19 6.41697 178.702
6.69216 182.963 9.10991 361.196 6.46356 178.676
6.59506 182.846 8.95529 361.213 6.36818 178.568
6.29981 182.845 8.50871 361.189 6.07573 178.778
5.76649 182.829 7.69587 361.284 5.5465 179.101
4.91838 183.035 6.43041 361.697 4.69005 179.848
3.70812 183.137 4.72881 361.818 3.47085 180.844
2.12537 182.33 2.64936 361.436 1.89197 181.029
0.291321 180.973 0.256292 361.153 0.0554655 180.804
-1.74249 180.163 -2.37697 361.195 -1.97824 181.307
-3.86753 179.814 -5.19265 361.302 -4.09649 182.341
-5.75194 180.611 -8.05871 361.595 -5.97001 184.556
-7.41038 181.118 -10.5977 363.162 -7.64084 186.258
-8.90035 180.523 -12.8366 364.653 -9.15495 186.676
-10.1996 180.138 -14.8927 364.566 -10.497 187.289
-11.4194 178.836 -16.8901 363.995 -11.7589 187.126
-12.4594 178.187 -18.5734 362.225 -12.8351 187.048
-13.4568 177.293 -20.1284 361.983 -13.8622 186.901
-14.4009 176.586 -21.5395 362.846 -14.8451 186.856
-15.3105 175.863 -22.817 363.791 -15.7957 187.327
-16.211 175.313 -24.0508 363.219 -16.7269 187.386
-17.1179 175.346 -25.2424 362.425 -17.6588 187.563
-18.0127 175.009 -26.4014 362.149 -18.5949 188.284
-18.9051 174.06 -27.5728 361.828 -19.5192 188.36
-19.8193 174.327 -28.7308 362.067 -20.4511 188.256
-20.7135 174.648 -29.888 361.839 -21.4028 188.988
-21.5599 173.575 -31.0522 361.52 -22.345 190.156
-22.4212 172.803 -32.2081 362.318 -23.2376 189.797
-23.2977 172.345 -33.3273 362.481 -24.1264 189.561
-24.1538 172.257 -34.3843 361.428 -25.0071 189.65
-24.9373 171.708 -35.3732 360.481 -25.8415 189.815
-25.6377 171.626 -36.2755 359.942 -26.5972 190.149
-26.2103 170.725 -37.0534 359.762 -27.2346 190.003
-26.6665 169.707 -37.6761 359.274 -27.7562 190.301
-27.0167 169.247 -38.1289 358.712 -28.1246 190.225
-27.2242 169.142 -38.3811 358.215 -28.3089 189.59
-27.2417 169.008 -38.3952 357.783 -28.3016 188.909
