-1380.53 -6.80859e-06 -5371.82 -2.64932e-05 -1380.48 -6.80837e-06
1842.69 9.0879e-06 -2800.7 -1.38127e-05 1842.68 9.08788e-06
6528.91 3.21998e-05 -158.2 -7.8022e-07 6528.86 3.21995e-05
11450.1 5.64706e-05 3629.58 1.79006e-05 11450 5.647e-05
16095.5 7.9381e-05 8209.86 4.049e-05 16095.4 7.93807e-05
21534.2 0.000106204 13063.1 6.44256e-05 21533.8 0.000106202
27157 0.000133935 18042.2 8.89818e-05 27156.7 0.000133934
32962.6 0.000162567 22834.2 0.000112616 32961.9 0.000162564
38808 0.000191396 27556.6 0.000135906 38807.2 0.000191392
44084.4 0.000217419 32125.5 0.000158439 44084.7 0.00021742
48900.8 0.000241173 37325.1 0.000184083 48900.6 0.000241172
54012.6 0.000266383 42992.6 0.000212034 54012.3 0.000266382
59107.7 0.000291512 48625.8 0.000239816 59107.4 0.00029151
63875.1 0.000315024 54125.1 0.000266938 63875.4 0.000315026
68591.1 0.000338282 59794.5 0.000294899 68591.5 0.000338285
73313.4 0.000361573 65609.5 0.000323578 73313.8 0.000361575
78037.5 0.000384871 71409.6 0.000352183 78037.9 0.000384873
82730.1 0.000408014 77203.8 0.00038076 82730.6 0.000408017
87422.8 0.000431158 82995 0.000409321 87423.3 0.000431161
92072.2 0.000454088 87935.4 0.000433686 92073.6 0.000454095
96574.6 0.000476294 92694 0.000457155 96575.9 0.0004763
101033 0.000498281 97442.4 0.000480574 101034 0.000498289
105569 0.000520652 102466 0.000505349 105569 0.000520655
110209 0.000543536 107563 0.000530486 110210 0.00054354
114850 0.000566425 112638 0.000555514 114850 0.000566428
119453 0.000589129 117713 0.000580547 119454 0.000589133
124057 0.000611835 122611 0.000604702 124058 0.000611839
128661 0.00063454 127349 0.000628069 128662 0.000634545
133265 0.000657244 132055 0.000651281 133266 0.000657249
137868 0.000679946 136766 0.000674512 137869 0.000679951
142481 0.000702699 141477 0.000697746 142482 0.000702703
147035 0.000725158 146188 0.000720979 147036 0.000725163
151594 0.000747644 150898 0.000744209 151595 0.00074765
156156 0.000770144 155607 0.000767435 156158 0.00077015
160720 0.000792651 160320 0.000790678 160721 0.000792658
165284 0.000815162 164986 0.00081369 165286 0.000815169
169849 0.000837674 169659 0.000836739 169850 0.000837681
174369 0.000859965 174336 0.000859803 174371 0.000859977
178825 0.00088194 179013 0.00088287 178827 0.000881954
183281 0.000903919 183690 0.000905937 183284 0.000903934
187739 0.000925903 188266 0.000928504 187742 0.000925919
192197 0.000947892 192759 0.000950663 192200 0.000947908
196656 0.000969884 197213 0.000972632 196660 0.000969901
201116 0.000991879 201671 0.000994614 201119 0.000991896
205576 0.00101387 206129 0.0010166 205580 0.00101389
210036 0.00103587 210588 0.00103859 210040 0.00103589
214496 0.00105787 215047 0.00106059 214500 0.00105789
218958 0.00107987 219583 0.00108296 218961 0.00107989
223323 0.0011014 224205 0.00110575 223327 0.00110142
227689 0.00112293 228826 0.00112854 227693 0.00112296
232054 0.00114446 233450 0.00115135 232059 0.00114449
236420 0.00116599 238027 0.00117392 236425 0.00116602
240785 0.00118752 242607 0.00119651 240791 0.00118755
245150 0.00120905 247189 0.0012191 245157 0.00120908
249515 0.00123058 251770 0.0012417 249522 0.00123061
253880 0.00125211 256352 0.0012643 253887 0.00125214
258244 0.00127363 260934 0.0012869 258251 0.00127367
262608 0.00129516 265515 0.0013095 262615 0.00129519
266972 0.00131668 270096 0.00133209 266979 0.00131672
271341 0.00133823 274675 0.00135468 271348 0.00133826
275663 0.00135955 279254 0.00137727 275670 0.00135959
279985 0.00138087 283841 0.0013999 279993 0.00138091
284307 0.0014022 288374 0.00142227 284316 0.00140224
288630 0.00142353 292911 0.00144467 288639 0.00142357
292952 0.00144486 297450 0.00146707 292961 0.00144491
297273 0.0014662 301988 0.00148949 297283 0.00146624
301594 0.00148753 306526 0.00151191 301604 0.00148758
305914 0.00150888 311062 0.00153434 305924 0.00150893
310232 0.00153022 315596 0.00155678 310242 0.00153027
314549 0.00155158 320127 0.00157923 314559 0.00155163
318863 0.00157294 324654 0.0016017 318874 0.001573
323175 0.00159432 329177 0.00162418 323186 0.00159437
327483 0.00161571 333694 0.00164669 327494 0.00161577
331787 0.00163713 338203 0.00166923 331798 0.00163719
336085 0.00165857 342702 0.00169182 336096 0.00165863
340375 0.00168005 347192 0.00171448 340387 0.00168011
344657 0.00170158 351634 0.00173705 344669 0.00170164
348928 0.00172316 356058 0.00175971 348939 0.00172322
353184 0.00174482 360413 0.00178226 353196 0.00174488
357422 0.00176657 364729 0.00180491 357434 0.00176664
361645 0.00178848 369006 0.00182773 361656 0.00178854
365807 0.00181037 373238 0.00185078 365818 0.00181043
369934 0.00183244 377414 0.00187413 369946 0.00183251
374019 0.00185475 381520 0.00189785 374032 0.00185482
378051 0.00187734 385540 0.00192203 378064 0.00187741
382018 0.00190029 389455 0.00194678 382031 0.00190037
385905 0.00192369 393241 0.00197222 385917 0.00192377
389692 0.00194763 396868 0.00199852 389705 0.00194772
393358 0.00197224 400304 0.00202585 393371 0.00197233
396877 0.00199766 403513 0.00205442 396889 0.00199775
400219 0.00202405 406457 0.00208442 400231 0.00202415
403350 0.00205161 409099 0.00211607 403361 0.00205171
406235 0.00208053 411409 0.00214955 406245 0.00208064
408839 0.00211101 413368 0.00218495 408848 0.00211113
411132 0.00214323 414978 0.0022223 411140 0.00214335
413095 0.0021773 416259 0.0022615 413102 0.00217743
414725 0.00221326 417249 0.00230237 414731 0.0022134
416037 0.00225105 417997 0.00234467 416041 0.0022512
417062 0.00229052 418553 0.00238816 417066 0.00229067
417844 0.00233145 418963 0.00243263 417847 0.00233162
418451 0.00237534 419268 0.00247796 418452 0.00237547
418901 0.00242095 419497 0.00252424 418902 0.00242108
419231 0.00246759 419669 0.00257039 419232 0.00246773
419476 0.00251522 419805 0.00261741 419476 0.00251535
419661 0.00256386 419915 0.0026654 419661 0.002564
419805 0.00261362 420009 0.00271449 419805 0.00261376
419921 0.00266466 420091 0.00276482 419921 0.0026648
420019 0.00271718 420164 0.00281645 420019 0.00271733
420104 0.00277133 420233 0.0028694 420104 0.00277148
420181 0.00282717 420299 0.00292356 420182 0.00282733
420254 0.00288465 420362 0.00297879 420254 0.00288481
420323 0.00294359 420424 0.0030349 420323 0.00294375
420390 0.00300372 420485 0.00309169 420391 0.00300389
420457 0.00306478 420545 0.00314901 420457 0.00306495
420522 0.00312652 420605 0.00320671 420522 0.00312669
420587 0.00318875 420667 0.00326608 420587 0.00318893
420652 0.00325135 420731 0.00332839 420652 0.00325153
420716 0.00331424 420795 0.0033909 420716 0.00331442
420781 0.0033774 420858 0.00345359 420781 0.00337758
420846 0.00344082 420923 0.0035165 420846 0.003441
420910 0.00350456 420987 0.00357967 420911 0.00350474
420976 0.0035687 421051 0.00364317 420976 0.00356889
421041 0.00363337 421116 0.0037071 421042 0.00363356
421108 0.00369872 421182 0.0037716 421108 0.0036989
421175 0.00376492 421248 0.0038368 421175 0.00376511
421243 0.00383218 421315 0.00390287 421243 0.00383238
421313 0.00390067 421383 0.00396997 421313 0.00390086
421383 0.0039705 421452 0.0040382 421384 0.00397069
421456 0.0040417 421522 0.00410763 421456 0.0040419
421529 0.00411422 421594 0.00417822 421529 0.00411442
421604 0.0041879 421667 0.00424989 421604 0.0041881
421679 0.00426254 421740 0.00432249 421680 0.00426275
421756 0.00433793 421815 0.00439585 421756 0.00433814
421833 0.00441389 421890 0.00446979 421833 0.0044141
421910 0.00449026 421965 0.00454417 421911 0.00449047
421988 0.00456691 422041 0.00461889 421988 0.00456712
422066 0.00464377 422117 0.00469384 422066 0.00464398
422144 0.00472076 422193 0.00476896 422144 0.00472097
422222 0.00479785 422269 0.00484421 422222 0.00479806
422300 0.004875 422346 0.00491956 422301 0.00487522
422379 0.00495221 422422 0.00499497 422379 0.00495242
422457 0.00502944 422499 0.00507044 422457 0.00502966
422535 0.00510671 422575 0.00514595 422536 0.00510693
422614 0.005184 422652 0.0052215 422614 0.00518422
422692 0.00526131 422728 0.00529709 422692 0.00526153
422770 0.00533865 422805 0.0053727 422771 0.00533887
422849 0.00541602 422882 0.00544835 422849 0.00541624
422927 0.00549343 422958 0.00552403 422928 0.00549366
423006 0.00557089 423035 0.00559974 423006 0.00557112
423085 0.00564842 423112 0.0056755 423085 0.00564865
423163 0.00572604 423189 0.0057513 423163 0.00572627
423242 0.00580377 423266 0.00582715 423242 0.005804
423321 0.00588165 423343 0.00590306 423321 0.00588188
423400 0.00595972 423420 0.00597905 423400 0.00595996
423480 0.00603803 423497 0.00605513 423480 0.00603827
423559 0.00611664 423574 0.00613133 423559 0.00611687
423639 0.0061956 423651 0.00620767 423639 0.00619584
423720 0.00627499 423729 0.00628418 423720 0.00627522
423801 0.00635485 423807 0.0063609 423801 0.00635509
423882 0.00643526 423885 0.00643786 423882 0.00643549
423964 0.00651623 423963 0.00651512 423965 0.00651647
424047 0.0065978 424042 0.00659271 424047 0.00659804
424130 0.00667995 424121 0.00667068 424131 0.00668019
424216 0.00676421 424200 0.00674907 424216 0.00676428
424307 0.00685444 424280 0.00682791 424307 0.00685448
424399 0.00694526 424361 0.0069072 424399 0.00694528
424492 0.00703664 424442 0.00698695 424492 0.00703665
424585 0.00712848 424524 0.00706813 424585 0.00712848
424678 0.00722068 424615 0.00715817 424678 0.00722067
424772 0.00731315 424707 0.00724889 424772 0.00731314
424866 0.00740583 424800 0.00734022 424866 0.00740582
424960 0.00749867 424893 0.00743208 424960 0.00749865
425055 0.00759161 424986 0.00752434 425055 0.00759159
425149 0.00768464 425080 0.00761692 425149 0.00768462
425243 0.00777773 425174 0.00770975 425243 0.00777771
425338 0.00787086 425269 0.00780277 425338 0.00787084
425432 0.00796402 425363 0.00789592 425432 0.007964
425527 0.00805721 425458 0.00798917 425527 0.00805718
425621 0.00815041 425552 0.00808249 425621 0.00815038
425716 0.00824362 425647 0.00817587 425716 0.00824359
425810 0.00833683 425742 0.00826929 425810 0.00833681
425905 0.00843006 425836 0.00836274 425905 0.00843003
425999 0.00852328 425931 0.00845621 425999 0.00852326
426094 0.00861651 426026 0.00854969 426094 0.00861648
426188 0.00870973 426121 0.00864319 426188 0.00870971
426283 0.00880296 426215 0.00873669 426283 0.00880293
426377 0.00889618 426310 0.0088302 426377 0.00889616
426472 0.0089894 426405 0.00892371 426472 0.00898938
426566 0.00908262 426500 0.00901722 426566 0.0090826
426661 0.00917584 426595 0.00911074 426661 0.00917582
426755 0.00926906 426689 0.00920425 426755 0.00926904
426850 0.00936227 426784 0.00929777 426850 0.00936225
426944 0.00945548 426879 0.00939128 426944 0.00945546
427039 0.00954869 426974 0.0094848 427039 0.00954867
427133 0.00964189 427069 0.00957826 427133 0.00964187
427228 0.00973509 427163 0.00967173 427228 0.00973507
427322 0.00982829 427258 0.00976519 427322 0.00982827
427417 0.00992149 427353 0.00985865 427417 0.00992147
427511 0.0100147 427448 0.00995211 427511 0.0100147
427606 0.0101079 427542 0.0100456 427606 0.0101078
427700 0.0102011 427637 0.010139 427700 0.010201
427795 0.0102942 427732 0.0102325 427794 0.0102942
427889 0.0103874 427827 0.0103259 427889 0.0103874
427983 0.0104806 427921 0.0104194 427983 0.0104806
428078 0.0105738 428016 0.0105129 428078 0.0105738
428172 0.0106669 428111 0.0106063 428172 0.0106669
428267 0.0107601 428206 0.0106998 428267 0.0107601
428361 0.0108533 428300 0.0107932 428361 0.0108533
428456 0.0109464 428395 0.0108867 428456 0.0109464
428550 0.0110396 428490 0.0109801 428550 0.0110396
428645 0.0111327 428585 0.0110736 428645 0.0111327
428739 0.0112259 428679 0.011167 428739 0.0112259
428833 0.011319 428774 0.0112605 428833 0.011319
428928 0.0114122 428869 0.0113539 428928 0.0114122
429022 0.0115053 428964 0.0114473 429022 0.0115053
429117 0.0115985 429058 0.0115408 429117 0.0115985
429211 0.0116916 429153 0.0116342 429211 0.0116916
429306 0.0117847 429248 0.0117277 429306 0.0117847
429400 0.0118779 429342 0.0118211 429400 0.0118779
429494 0.011971 429437 0.0119145 429494 0.011971
429589 0.0120641 429532 0.012008 429589 0.0120641
429683 0.0121573 429627 0.0121014 429683 0.0121572
429778 0.0122504 429721 0.0121948 429778 0.0122504
429872 0.0123435 429816 0.0122883 429872 0.0123435
429967 0.0124367 429911 0.0123817 429967 0.0124366
430061 0.0125298 430006 0.0124751 430061 0.0125298
430155 0.0126229 430100 0.0125686 430155 0.0126229
430250 0.0127161 430195 0.012662 430250 0.0127161
430344 0.0128092 430290 0.0127554 430344 0.0128092
430439 0.0129024 430384 0.0128488 430439 0.0129024
430533 0.0129956 430479 0.0129423 430533 0.0129956
430628 0.0130888 430574 0.0130357 430628 0.0130888
430722 0.013182 430669 0.0131291 430722 0.013182
430817 0.0132752 430763 0.0132226 430817 0.0132752
430911 0.0133685 430858 0.013316 430911 0.0133685
431006 0.0134618 430953 0.0134094 431006 0.0134618
431100 0.0135552 431047 0.0135029 431100 0.0135551
431195 0.0136485 431142 0.0135963 431195 0.0136485
431290 0.013742 431237 0.0136898 431290 0.013742
431385 0.0138355 431332 0.0137832 431385 0.0138355
431480 0.0139291 431426 0.0138767 431480 0.0139291
431575 0.0140227 431521 0.0139702 431574 0.0140227
431670 0.0141165 431616 0.0140637 431670 0.0141165
431765 0.0142103 431711 0.0141572 431765 0.0142103
431860 0.0143043 431806 0.0142507 431860 0.0143043
431955 0.0143984 431900 0.0143443 431955 0.0143984
432051 0.0144926 431995 0.0144378 432051 0.0144926
432147 0.0145869 432090 0.0145314 432146 0.0145869
432242 0.0146814 432185 0.0146251 432242 0.0146814
432338 0.0147761 432280 0.0147188 432338 0.014776
432434 0.0148709 432375 0.0148125 432434 0.0148708
432531 0.0149658 432470 0.0149063 432531 0.0149657
432627 0.0150609 432565 0.0150002 432627 0.0150608
432724 0.0151561 432661 0.0150941 432723 0.0151561
432820 0.0152515 432756 0.0151881 432820 0.0152514
432917 0.015347 432851 0.0152822 432917 0.015347
433014 0.0154427 432947 0.0153764 433014 0.0154426
433111 0.0155384 433042 0.0154707 433111 0.0155384
433208 0.0156343 433138 0.0155651 433208 0.0156342
433306 0.0157303 433234 0.0156596 433306 0.0157302
433403 0.0158264 433330 0.0157542 433403 0.0158263
433501 0.0159225 433426 0.015849 433500 0.0159224
433598 0.0160187 433522 0.0159439 433598 0.0160187
433696 0.016115 433619 0.016039 433696 0.0161149
433793 0.0162114 433715 0.0161342 433793 0.0162113
433891 0.0163078 433812 0.0162295 433891 0.0163077
433989 0.0164042 433909 0.0163249 433989 0.0164041
434087 0.0165007 434005 0.0164205 434087 0.0165006
434185 0.0165972 434102 0.0165163 434184 0.0165971
434282 0.0166938 434200 0.0166121 434282 0.0166937
434380 0.0167903 434297 0.0167081 434380 0.0167902
434478 0.0168869 434394 0.0168041 434478 0.0168868
434576 0.0169835 434492 0.0169003 434576 0.0169834
434674 0.0170802 434589 0.0169965 434674 0.0170801
434772 0.0171768 434687 0.0170929 434772 0.0171767
434870 0.0172734 434785 0.0171893 434870 0.0172733
434968 0.0173701 434883 0.0172857 434968 0.01737
435066 0.0174667 434980 0.0173823 435066 0.0174666
435164 0.0175634 435078 0.0174788 435164 0.0175633
435262 0.0176601 435176 0.0175755 435262 0.01766
435360 0.0177568 435274 0.0176721 435360 0.0177567
435458 0.0178534 435372 0.0177688 435458 0.0178533
435556 0.0179501 435470 0.0178656 435556 0.01795
435654 0.0180468 435568 0.0179623 435654 0.0180467
435752 0.0181435 435667 0.0180591 435752 0.0181434
435850 0.0182402 435765 0.0181559 435850 0.0182401
435948 0.0183369 435863 0.0182527 435948 0.0183368
436046 0.0184336 435961 0.0183495 436046 0.0184335
436144 0.0185303 436059 0.0184464 436144 0.0185302
436242 0.0186269 436157 0.0185432 436242 0.0186268
436340 0.0187236 436256 0.0186401 436340 0.0187235
436438 0.0188203 436354 0.018737 436438 0.0188202
436536 0.018917 436452 0.0188338 436536 0.0189169
436634 0.0190137 436550 0.0189307 436634 0.0190136
436732 0.0191104 436649 0.0190276 436732 0.0191103
436830 0.0192071 436747 0.0191245 436830 0.019207
436928 0.0193037 436845 0.0192214 436928 0.0193036
437026 0.0194004 436943 0.0193183 437026 0.0194003
437124 0.0194971 437041 0.0194152 437124 0.019497
437223 0.0195938 437140 0.0195121 437222 0.0195937
