-3.17669 312.398 19.976 3.17669 -312.398 0.000126555
-6.14019 312.415 38.6379 6.14019 -312.415 -0.00574148
-7.96502 313.731 50.5438 7.96502 -313.731 -0.29996
-9.24138 313.435 58.6445 9.24138 -313.435 -0.187612
-10.2273 313.324 64.9818 10.2273 -313.324 -0.109139
-11.0485 313.055 70.3252 11.0485 -313.055 -0.0580711
-11.7661 312.884 75.0608 11.7661 -312.884 -0.0398181
-12.4229 312.925 79.424 12.4229 -312.925 -0.024417
-13.0275 312.975 83.4667 13.0275 -312.975 -0.0109528
-13.594 313.035 87.287 13.594 -313.035 -0.0112853
-14.1294 312.943 90.9095 14.1294 -312.943 -0.00781892
-14.645 312.692 94.412 14.645 -312.692 -0.0084139
-15.1418 312.576 97.7971 15.1418 -312.576 -0.00709289
-15.6327 312.57 101.142 15.6327 -312.57 -0.00132888
-16.109 312.503 104.381 16.109 -312.503 0.0194773
-16.5753 312.446 107.592 16.5753 -312.446 0.0062883
-17.0419 312.693 110.796 17.0419 -312.693 0.00813041
-17.4951 312.57 113.899 17.4951 -312.57 0.0206057
-17.9412 312.596 116.992 17.9412 -312.596 0.00147255
-18.3864 312.583 120.059 18.3864 -312.583 0.00330279
-18.8204 312.5 123.053 18.8204 -312.5 0.00598951
-19.2531 312.452 126.047 19.2531 -312.452 0.00279035
-19.6878 312.432 129.045 19.6878 -312.432 0.0072713
-20.1199 312.45 132.036 20.1199 -312.45 0.00387132
-20.553 312.497 135.022 20.553 -312.497 0.0124067
-20.9724 312.454 137.935 20.9724 -312.454 0.00630284
-21.3937 312.434 140.854 21.3937 -312.434 0.0077238
-21.8128 312.418 143.763 21.8128 -312.418 0.00408529
-22.2312 312.47 146.675 22.2312 -312.47 -0.00445204
-22.6582 312.49 149.59 22.6582 -312.49 0.0379204
-23.0706 312.454 152.47 23.0706 -312.454 0.0210838
-23.4915 312.488 155.369 23.4915 -312.488 0.041006
-23.9016 312.506 158.238 23.9016 -312.506 0.0240486
-24.3101 312.484 161.075 24.3101 -312.484 0.028209
-24.7153 312.462 163.9 24.7153 -312.462 0.0230904
-25.1196 312.44 166.722 25.1196 -312.44 0.0145457
-25.5337 312.486 169.565 25.5337 -312.486 0.0485744
-25.9356 312.471 172.376 25.9356 -312.471 0.0379849
-26.3396 312.471 175.189 26.3396 -312.471 0.0375768
-26.739 312.451 177.986 26.739 -312.451 0.0253414
-27.1409 312.447 180.787 27.1409 -312.447 0.0240388
-27.5473 312.481 183.597 27.5473 -312.481 0.0430535
-27.944 312.46 186.377 27.944 -312.46 0.0301701
-28.3427 312.453 189.162 28.3427 -312.453 0.0262526
-28.7474 312.498 191.959 28.7474 -312.498 0.0489781
-29.1412 312.474 194.721 29.1412 -312.474 0.0355968
-29.536 312.457 197.485 29.536 -312.457 0.0268411
-29.9361 312.594 200.272 29.9361 -312.594 0.0356927
-30.3243 312.537 202.991 30.3243 -312.537 0.0297878
-30.7129 312.497 205.712 30.7129 -312.497 0.0240093
-31.1018 312.472 208.435 31.1018 -312.472 0.0199175
-31.5006 312.548 211.182 31.5006 -312.548 0.057965
-31.8838 312.522 213.879 31.8838 -312.522 0.04367
-32.2668 312.494 216.572 32.2668 -312.494 0.0329918
-32.6494 312.472 219.26 32.6494 -312.472 0.0240044
-33.0425 312.568 221.974 33.0425 -312.568 0.0615458
-33.418 312.533 224.625 33.418 -312.533 0.0456364
-33.7919 312.504 227.264 33.7919 -312.504 0.0316199
-34.1631 312.479 229.886 34.1631 -312.479 0.0186105
-34.5341 312.501 232.495 34.5341 -312.501 0.0194363
-34.8941 312.481 235.048 34.8941 -312.481 0.00617833
-35.2459 312.457 237.554 35.2459 -312.457 -0.0108946
-35.5878 312.434 240.001 35.5878 -312.434 -0.0301594
-35.9169 312.412 242.371 35.9169 -312.412 -0.0523051
-36.2296 312.389 244.643 36.2296 -312.389 -0.0773993
-36.5277 312.425 246.811 36.5277 -312.425 -0.0859642
-36.7985 312.387 248.824 36.7985 -312.387 -0.112539
-37.05 312.352 250.71 37.05 -312.352 -0.131786
-37.285 312.319 252.484 37.285 -312.319 -0.140497
-37.5083 312.292 254.174 37.5083 -312.292 -0.13833
-37.7236 312.273 255.808 37.7236 -312.273 -0.128419
-37.9337 312.263 257.406 37.9337 -312.263 -0.11469
-38.1402 312.261 258.982 38.1402 -312.261 -0.10015
-38.3443 312.265 260.544 38.3443 -312.265 -0.0865464
-38.5463 312.273 262.096 38.5463 -312.273 -0.0747096
-38.7496 312.33 263.649 38.7496 -312.33 -0.0532476
-38.9467 312.33 265.176 38.9467 -312.33 -0.0471075
-39.138 312.391 266.686 39.138 -312.391 -0.0568783
-39.3245 312.375 268.147 39.3245 -312.375 -0.0519605
-39.5058 312.368 269.581 39.5058 -312.368 -0.0521997
-39.6797 312.365 270.975 39.6797 -312.365 -0.0576642
-39.8435 312.369 272.312 39.8435 -312.369 -0.0678909
-39.9935 312.369 273.569 39.9935 -312.369 -0.0836492
-40.126 312.389 274.727 40.126 -312.389 -0.107475
-40.2409 312.376 275.766 40.2409 -312.376 -0.124095
-40.3393 312.36 276.698 40.3393 -312.36 -0.135242
-40.4244 312.341 277.538 40.4244 -312.341 -0.137893
-40.4999 312.32 278.31 40.4999 -312.32 -0.132549
-40.569 312.304 279.038 40.569 -312.304 -0.121965
-40.6341 312.292 279.74 40.6341 -312.292 -0.109067
-40.6965 312.287 280.425 40.6965 -312.287 -0.0959202
-40.7572 312.286 281.1 40.7572 -312.286 -0.0836266
-40.8167 312.29 281.77 40.8167 -312.29 -0.0726352
-40.8754 312.296 282.436 40.8754 -312.296 -0.0630335
-40.9334 312.303 283.1 40.9334 -312.303 -0.0547397
-40.9908 312.311 283.762 40.9908 -312.311 -0.0476083
-41.0399 312.475 284.417 41.0399 -312.475 -0.0709552
-41.087 312.429 285.002 41.087 -312.429 -0.0558517
-41.1337 312.401 285.589 41.1337 -312.401 -0.0448334
-41.1799 312.384 286.178 41.1799 -312.384 -0.0366409
-41.2258 312.375 286.767 41.2258 -312.375 -0.0304278
-41.2715 312.37 287.357 41.2715 -312.37 -0.0256207
-41.3169 312.368 287.946 41.3169 -312.368 -0.021829
-41.3621 312.369 288.535 41.3621 -312.369 -0.018785
-41.4071 312.37 289.124 41.4071 -312.37 -0.0163047
-41.4519 312.371 289.712 41.4519 -312.371 -0.014257
-41.4964 312.377 290.299 41.4964 -312.377 -0.0132938
-41.5396 312.378 290.878 41.5396 -312.378 -0.011628
-41.5826 312.379 291.455 41.5826 -312.379 -0.0102839
-41.6255 312.38 292.032 41.6255 -312.38 -0.00920987
-41.668 312.382 292.607 41.668 -312.382 -0.00837646
-41.7103 312.383 293.181 41.7103 -312.383 -0.00777316
-41.7522 312.385 293.752 41.7522 -312.385 -0.00740662
-41.7937 312.387 294.321 41.7937 -312.387 -0.00730039
-41.8345 312.393 294.888 41.8345 -312.393 -0.00780573
-41.8745 312.394 295.448 41.8745 -312.394 -0.00815542
-41.9134 312.395 296.002 41.9134 -312.395 -0.00902017
-41.9509 312.397 296.548 41.9509 -312.397 -0.0104582
-41.9865 312.399 297.084 41.9865 -312.399 -0.0125367
-42.0198 312.402 297.605 42.0198 -312.402 -0.015308
-42.0501 312.406 298.109 42.0501 -312.406 -0.0187745
-42.077 312.409 298.593 42.077 -312.409 -0.0228475
-42.0998 312.412 299.051 42.0998 -312.412 -0.0273101
-42.1182 312.415 299.482 42.1182 -312.415 -0.0318072
-42.1318 312.416 299.883 42.1318 -312.416 -0.0358859
-42.1409 312.416 300.255 42.1409 -312.416 -0.0389363
-42.1456 312.413 300.598 42.1456 -312.413 -0.0409318
-42.1464 312.409 300.915 42.1464 -312.409 -0.0415711
-42.1347 312.596 301.216 42.1347 -312.596 -0.0774948
-42.1202 312.532 301.418 42.1202 -312.532 -0.0658575
-42.1029 312.489 301.609 42.1029 -312.489 -0.0566691
-42.0835 312.457 301.79 42.0835 -312.457 -0.0487921
-42.0627 312.433 301.963 42.0627 -312.433 -0.0420046
-42.0406 312.416 302.131 42.0406 -312.416 -0.0361632
-42.0178 312.404 302.295 42.0178 -312.404 -0.0311537
-41.9943 312.395 302.456 41.9943 -312.395 -0.0268724
-41.9703 312.39 302.616 41.9703 -312.39 -0.0232237
-41.9459 312.386 302.774 41.9459 -312.386 -0.0201136
-41.9213 312.384 302.931 41.9213 -312.384 -0.0174652
-41.8964 312.383 303.087 41.8964 -312.383 -0.0152071
-41.8714 312.382 303.242 41.8714 -312.382 -0.0132777
-41.8462 312.382 303.397 41.8462 -312.382 -0.011625
-41.8209 312.383 303.552 41.8209 -312.383 -0.0102051
-41.7955 312.384 303.706 41.7955 -312.384 -0.00898158
-41.77 312.385 303.86 41.77 -312.385 -0.00792409
-41.7445 312.385 304.013 41.7445 -312.385 -0.00700745
-41.7189 312.386 304.166 41.7189 -312.386 -0.00621076
-41.6932 312.387 304.319 41.6932 -312.387 -0.00551662
-41.6674 312.388 304.472 41.6674 -312.388 -0.00491047
-41.6416 312.389 304.624 41.6416 -312.389 -0.00438014
-41.6158 312.39 304.776 41.6158 -312.39 -0.00391534
-41.5899 312.39 304.928 41.5899 -312.39 -0.00350737
-41.5623 312.433 305.082 41.5623 -312.433 -0.0101599
-41.5353 312.422 305.224 41.5353 -312.422 -0.00768724
-41.5083 312.414 305.366 41.5083 -312.414 -0.00589436
-41.4811 312.408 305.508 41.4811 -312.408 -0.00458724
-41.4539 312.404 305.65 41.4539 -312.404 -0.00362813
-41.4266 312.401 305.793 41.4266 -312.401 -0.00291913
-41.3993 312.4 305.935 41.3993 -312.4 -0.00239057
-41.372 312.398 306.078 41.372 -312.398 -0.00199277
-41.3446 312.397 306.22 41.3446 -312.397 -0.00169197
-41.3171 312.397 306.362 41.3171 -312.397 -0.00145748
-41.2896 312.397 306.504 41.2896 -312.397 -0.00127551
-41.2621 312.396 306.646 41.2621 -312.396 -0.00113254
-41.2346 312.396 306.788 41.2346 -312.396 -0.00101879
-41.207 312.396 306.93 41.207 -312.396 -0.000927168
-41.1794 312.396 307.071 41.1794 -312.396 -0.000852505
-41.1517 312.396 307.212 41.1517 -312.396 -0.000790997
-41.1241 312.396 307.353 41.1241 -312.396 -0.000739824
-41.0964 312.396 307.494 41.0964 -312.396 -0.00069688
-41.0686 312.396 307.635 41.0686 -312.396 -0.00066057
-41.0408 312.396 307.775 41.0408 -312.396 -0.000629675
-41.013 312.396 307.915 41.013 -312.396 -0.000603252
-40.9852 312.396 308.055 40.9852 -312.396 -0.000580562
-40.9573 312.396 308.195 40.9573 -312.396 -0.000561019
-40.9294 312.396 308.335 40.9294 -312.396 -0.000544148
-40.9015 312.396 308.474 40.9015 -312.396 -0.000529567
-40.8735 312.396 308.614 40.8735 -312.396 -0.000516958
-40.8455 312.396 308.753 40.8455 -312.396 -0.000506058
-40.8175 312.396 308.892 40.8175 -312.396 -0.000496644
-40.7894 312.396 309.03 40.7894 -312.396 -0.000488529
-40.7613 312.396 309.169 40.7613 -312.396 -0.000481551
-40.7332 312.396 309.307 40.7332 -312.396 -0.000475573
-40.7048 312.403 309.446 40.7048 -312.403 -0.00135231
-40.6713 312.489 309.579 40.6713 -312.489 -0.0133263
-40.6381 312.465 309.677 40.6381 -312.465 -0.00933321
-40.6047 312.448 309.777 40.6047 -312.448 -0.00646164
-40.5712 312.436 309.877 40.5712 -312.436 -0.00440542
-40.5375 312.426 309.979 40.5375 -312.426 -0.00294104
-40.5039 312.419 310.08 40.5039 -312.419 -0.00190544
-40.4701 312.414 310.182 40.4701 -312.414 -0.00117974
-40.4364 312.41 310.284 40.4364 -312.41 -0.000677338
-40.4026 312.407 310.387 40.4026 -312.407 -0.000335233
-40.3688 312.405 310.489 40.3688 -312.405 -0.000107649
-40.3349 312.403 310.591 40.3349 -312.403 3.86197e-05
-40.301 312.402 310.694 40.301 -312.402 0.000127604
-40.2671 312.401 310.796 40.2671 -312.401 0.000176657
-40.2332 312.4 310.899 40.2332 -312.4 0.000198246
-40.1993 312.4 311.001 40.1993 -312.4 0.000201314
-40.1654 312.399 311.103 40.1654 -312.399 0.000192236
-40.1315 312.399 311.206 40.1315 -312.399 0.00017552
-40.0975 312.399 311.308 40.0975 -312.399 0.000154327
-40.0635 312.399 311.41 40.0635 -312.399 0.000130846
-40.0296 312.398 311.512 40.0296 -312.398 0.000106572
-39.9956 312.398 311.614 39.9956 -312.398 8.24966e-05
-39.9616 312.398 311.716 39.9616 -312.398 5.92609e-05
-39.9275 312.398 311.818 39.9275 -312.398 3.72552e-05
-39.8935 312.398 311.919 39.8935 -312.398 1.66964e-05
-39.8595 312.398 312.021 39.8595 -312.398 -2.31872e-06
-39.8254 312.398 312.123 39.8254 -312.398 -1.97737e-05
-39.7913 312.398 312.224 39.7913 -312.398 -3.56967e-05
-39.7573 312.398 312.326 39.7573 -312.398 -5.0172e-05
-39.7232 312.398 312.427 39.7232 -312.398 -4.42588e-05
-39.6891 312.399 312.529 39.6891 -312.399 0.000271409
-39.655 312.399 312.63 39.655 -312.399 0.000243952
-39.6209 312.399 312.731 39.6209 -312.399 0.000213835
-39.5867 312.398 312.832 39.5867 -312.398 0.000182813
-39.5525 312.398 312.933 39.5525 -312.398 0.000152063
-39.5184 312.398 313.034 39.5184 -312.398 0.000122351
-39.4842 312.398 313.134 39.4842 -312.398 9.41491e-05
-39.45 312.398 313.235 39.45 -312.398 6.77228e-05
-39.4158 312.398 313.336 39.4158 -312.398 4.31963e-05
-39.3815 312.398 313.436 39.3815 -312.398 2.06069e-05
-39.3473 312.398 313.537 39.3473 -312.398 -9.95448e-08
-39.313 312.397 313.637 39.313 -312.397 -1.9e-05
-39.2787 312.397 313.737 39.2787 -312.397 -3.61965e-05
-39.2445 312.397 313.838 39.2445 -312.397 -5.18051e-05
-39.2102 312.397 313.938 39.2102 -312.397 -6.59473e-05
-39.1759 312.397 314.038 39.1759 -312.397 -7.87448e-05
-39.1415 312.397 314.138 39.1415 -312.397 -9.03162e-05
-39.1072 312.397 314.237 39.1072 -312.397 -0.000100829
-39.0728 312.397 314.337 39.0728 -312.397 -0.000110203
-39.0385 312.397 314.437 39.0385 -312.397 -0.000118672
-39.0041 312.397 314.536 39.0041 -312.397 -0.000126369
-38.9697 312.397 314.636 38.9697 -312.397 -0.000133358
-38.9353 312.397 314.735 38.9353 -312.397 -0.000139704
-38.9008 312.397 314.835 38.9008 -312.397 -0.000145467
-38.8664 312.397 314.934 38.8664 -312.397 -0.000150704
-38.8319 312.397 315.033 38.8319 -312.397 -0.00015547
-38.7975 312.397 315.132 38.7975 -312.397 -0.000159813
-38.763 312.397 315.231 38.763 -312.397 -0.000163778
-38.7285 312.397 315.33 38.7285 -312.397 -0.000167405
-38.694 312.397 315.428 38.694 -312.397 -0.000170731
-38.6594 312.397 315.527 38.6594 -312.397 -0.00017379
-38.6249 312.397 315.626 38.6249 -312.397 -0.00017661
-38.5903 312.397 315.724 38.5903 -312.397 -0.000179219
-38.5557 312.397 315.822 38.5557 -312.397 -0.00018164
-38.5212 312.397 315.921 38.5212 -312.397 -0.000183895
-38.4865 312.397 316.019 38.4865 -312.397 -0.000186002
-38.4519 312.397 316.117 38.4519 -312.397 -0.000187978
-38.4173 312.397 316.215 38.4173 -312.397 -0.000189839
-38.3826 312.397 316.313 38.3826 -312.397 -0.000191599
-38.348 312.397 316.411 38.348 -312.397 -0.000193269
-38.3133 312.397 316.508 38.3133 -312.397 -0.000194861
-38.2786 312.397 316.606 38.2786 -312.397 -0.000196384
-38.2438 312.397 316.703 38.2438 -312.397 -0.000197846
-38.2091 312.397 316.801 38.2091 -312.397 -0.000199256
-38.1744 312.397 316.898 38.1744 -312.397 -0.000200621
-38.1396 312.397 316.995 38.1396 -312.397 -0.000201946
-38.1048 312.397 317.092 38.1048 -312.397 -0.000203237
-38.07 312.397 317.189 38.07 -312.397 -0.0002045
-38.0352 312.396 317.286 38.0352 -312.396 -0.000205739
-38.0003 312.396 317.383 38.0003 -312.396 -0.000206957
-37.9655 312.396 317.48 37.9655 -312.396 -0.000208159
-37.9306 312.396 317.576 37.9306 -312.396 -0.000209347
-37.8957 312.396 317.673 37.8957 -312.396 -0.000210525
-37.8608 312.396 317.769 37.8608 -312.396 -0.000211695
-37.8259 312.396 317.865 37.8259 -312.396 -0.00021286
-37.791 312.396 317.961 37.791 -312.396 -0.000214021
-37.756 312.396 318.057 37.756 -312.396 -0.000215181
-37.7211 312.396 318.153 37.7211 -312.396 -0.000216342
-37.6861 312.396 318.249 37.6861 -312.396 -0.000217504
-37.6511 312.396 318.345 37.6511 -312.396 -0.00021867
-37.616 312.396 318.44 37.616 -312.396 -0.000219841
-37.581 312.396 318.536 37.581 -312.396 -0.000221018
-37.5459 312.396 318.631 37.5459 -312.396 -0.000222202
-37.5108 312.396 318.727 37.5108 -312.396 -0.000223394
-37.4758 312.396 318.822 37.4758 -312.396 -0.000224595
-37.4406 312.396 318.917 37.4406 -312.396 -0.000225806
-37.4055 312.396 319.012 37.4055 -312.396 -0.000227029
-37.3703 312.396 319.106 37.3703 -312.396 -0.000228262
-37.3352 312.396 319.201 37.3352 -312.396 -0.000229509
-37.3 312.396 319.296 37.3 -312.396 -0.000230768
-37.2642 312.411 319.393 37.2642 -312.411 -0.00186973
-37.229 312.407 319.486 37.229 -312.407 -0.00130623
-37.1937 312.405 319.579 37.1937 -312.405 -0.000901774
-37.1579 312.419 319.674 37.1579 -312.419 -0.00233291
-37.1225 312.414 319.766 37.1225 -312.414 -0.00155384
-37.0871 312.41 319.857 37.0871 -312.41 -0.00100571
-37.0516 312.407 319.949 37.0516 -312.407 -0.000597432
-37.0161 312.405 320.04 37.0161 -312.405 -0.000313708
-36.9806 312.403 320.132 36.9806 -312.403 -0.000121002
-36.945 312.402 320.224 36.945 -312.402 5.56513e-06
-36.9094 312.4 320.315 36.9094 -312.4 8.44217e-05
-36.8737 312.4 320.407 36.8737 -312.4 0.000129148
-36.8381 312.399 320.498 36.8381 -312.399 0.000149772
-36.8024 312.398 320.59 36.8024 -312.398 0.000153648
-36.7667 312.398 320.681 36.7667 -312.398 0.000146151
-36.731 312.397 320.772 36.731 -312.397 0.000131181
-36.6952 312.397 320.863 36.6952 -312.397 0.000111569
