6.40964e-006
3.21018e-005
8.34674e-005
0.000159023
0.000253601
0.000358262
0.000463048
0.000559835
0.000643322
0.000710788
0.000761774
0.000797651
0.00082034
0.000830522
0.000827028
0.000807739
0.000770134
0.00071091
0.000626416
0.000514569
0.000376203
0.00021449
3.39113e-005
-0.000159761
-0.000359691
-0.000559839
-0.000756536
-0.000947087
-0.00112572
-0.00128087
-0.0013974
-0.00146132
-0.00146273
-0.00139691
-0.00126553
-0.00107693
-0.00084403
-0.000581168
-0.000303133
-2.6555e-005
0.000229785
0.000448066
0.000617357
0.000736859
0.000812335
0.000850077
0.000854745
0.000831669
0.000789765
0.000742213
0.000704176
0.000688548
0.000702041
0.000744073
0.000809107
0.000890087
0.000980575
0.0010759
0.00117413
0.00127575
0.00138104
0.00148687
0.00158574
0.00166774
0.00172362
0.00174593
0.00172766
0.00165997
0.00153205
0.00133371
0.0010597
0.000712815
0.000304385
-0.000148213
-0.000626549
-0.00111514
-0.00160253
-0.00208049
-0.00254146
-0.00297715
-0.00337918
-0.00374229
-0.00406766
-0.00436048
-0.0046235
-0.00485247
-0.00503649
-0.00516226
-0.00521868
-0.00519841
-0.00509683
-0.00491106
-0.00464024
-0.0042866
-0.00385669
-0.00336206
-0.00281777
-0.00223867
-0.00163527
-0.00101285
-0.000376023
0.00026476
0.000893
0.00149138
0.00204508
0.0025438
0.00298367
0.00336549
0.00369279
0.00397102
0.00420556
0.00440019
0.0045571
0.00467635
0.00475488
0.00478669
0.0047646
0.00468292
0.00454071
0.004343
0.00409836
0.0038151
0.00350011
0.00316018
0.002803
0.00243719
0.00207137
0.00171264
0.00136515
0.00102956
0.000703363
0.000381995
6.17678e-005
-0.000256784
-0.000566558
-0.00085446
-0.0011064
-0.00131032
-0.00145486
-0.00152877
-0.00152182
-0.00142723
-0.00124426
-0.000978387
-0.000639924
-0.000244346
0.000185942
0.000622887
0.0010378
0.0014066
0.00171219
0.00194224
0.00208458
0.00212522
0.00205279
0.00186565
0.0015732
0.00119025
0.000731707
0.000213889
-0.000340181
-0.00090141
-0.00144008
-0.00192847
-0.00234341
-0.00266731
-0.00288514
-0.0029829
-0.00294809
-0.00276927
-0.00243579
-0.00193823
-0.00126942
-0.000428375
0.000573438
0.00171712
0.00299023
0.004388
0.0059091
0.00755358
0.00931788
0.0111941
0.0131738
0.0152489
0.0174108
0.0196491
0.0219496
0.0242947
0.0266634
0.0290315
0.0313702
0.0336418
0.0357907
0.0377355
0.0393717
0.0405917
0.0413091
0.0414699
0.041054
0.0400719
0.0385588
0.0365629
0.0341312
0.0312988
0.0280889
0.0245166
0.0205937
0.0163302
0.011736
0.00682552
0.0016282
-0.00378138
-0.00929901
-0.0148422
-0.0203371
-0.025712
-0.0309115
-0.03589
-0.0406136
-0.0450632
-0.0492328
-0.0531273
-0.0567617
-0.0601561
-0.0633299
-0.0662982
-0.0690709
-0.0716548
-0.0740582
-0.0762929
-0.078375
-0.0803259
-0.0821728
-0.0839469
-0.0856802
-0.0874013
-0.0891311
-0.0908788
-0.0926415
-0.0944056
-0.0961493
-0.0978456
-0.0994652
-0.100981
-0.102369
-0.103612
-0.104701
-0.105627
-0.106381
-0.106952
-0.10733
-0.107501
-0.107443
-0.107133
-0.106535
-0.105618
-0.104348
-0.1027
-0.100657
-0.098216
-0.0953832
-0.0921746
-0.0886127
-0.084724
-0.0805369
-0.0760775
-0.0713661
-0.0664144
-0.061225
-0.0557941
-0.0501176
-0.0441951
-0.0380327
-0.0316462
-0.0250631
-0.0183151
-0.0114299
-0.00443024
0.002664
0.00983771
0.0170765
0.0243647
0.0316897
0.0390417
0.0464105
0.0537833
0.0611425
0.0684634
0.0757141
0.0828588
0.0898618
0.0966886
0.103306
0.109679
0.115776
0.121569
0.127036
0.132168
0.136968
0.141444
0.145616
0.149506
0.15314
0.156547
0.159752
0.162776
0.16564
0.168361
0.170955
0.173439
0.175827
0.178131
0.18036
0.182519
0.184607
0.186619
0.188543
0.190362
0.192053
0.193588
0.194937
0.196065
0.196932
0.197498
0.197721
0.197566
0.197001
0.196001
0.194553
0.192654
0.19031
0.187537
0.184354
0.180784
0.176856
0.172602
0.168055
0.163247
0.158205
0.15296
0.147538
0.141972
0.136286
0.130506
0.124647
0.118728
0.112772
0.106807
0.10086
0.094959
0.0891269
0.0833807
0.0777358
0.0722068
0.0668079
0.061554
0.056461
0.0515438
0.0468149
0.0422805
0.0379375
0.0337744
0.0297749
0.0259205
0.022192
0.0185705
0.0150377
0.0115765
0.00817031
0.00480454
0.00146635
-0.00185707
-0.00518007
-0.00851825
-0.0118862
-0.0152941
-0.018745
-0.0222315
-0.0257332
-0.0292185
-0.0326489
-0.0359851
-0.0391898
-0.0422301
-0.04508
-0.0477274
-0.0501771
-0.0524465
-0.0545567
-0.0565263
-0.0583691
-0.0600938
-0.0617048
-0.0632001
-0.0645671
-0.065782
-0.0668118
-0.0676202
-0.0681721
-0.0684372
-0.0683913
-0.0680165
-0.0672996
-0.0662311
-0.0648066
-0.0630286
-0.060907
-0.058459
-0.0557105
-0.0526983
-0.0494719
-0.0460944
-0.0426386
-0.0391799
-0.0357875
-0.0325172
-0.0294082
-0.0264824
-0.0237467
-0.0211985
-0.0188293
-0.0166241
-0.0145612
-0.0126152
-0.0107603
-0.00897289
-0.00723504
-0.00553711
-0.00387899
-0.00226895
-0.000720674
0.000750954
0.00213369
0.00341995
0.00460614
0.00568995
0.00666836
0.00753782
0.00829541
0.00893952
0.00946945
0.00988453
0.0101833
0.0103643
0.0104287
0.0103854
0.0102515
0.0100515
0.00981318
0.00956508
0.00933346
0.00913919
0.00899604
0.00891108
0.00888536
0.00891368
0.00898493
0.00908414
0.00919637
0.00931115
0.00942531
0.00954294
0.00967227
0.00982025
0.0099877
0.0101675
0.010345
0.0104983
0.0106013
0.0106286
0.0105595
0.0103814
0.010089
0.0096822
0.00916375
0.00853657
0.00780318
0.00696674
0.00603196
0.00500515
0.00389346
0.0027034
0.00144014
0.000108505
-0.00128497
-0.00272944
-0.00420809
-0.00569886
-0.00717681
-0.00861643
-0.00999326
-0.0112845
-0.0124705
-0.0135368
-0.0144769
-0.0152907
-0.015982
-0.0165539
-0.0170064
-0.017335
-0.0175306
-0.017579
-0.0174636
-0.0171692
-0.0166841
-0.016002
-0.0151217
-0.0140462
-0.0127802
-0.0113298
-0.00970182
-0.00790324
-0.00594319
-0.00383484
-0.00159496
0.000757097
0.00319831
0.00570027
0.00823142
0.0107597
0.0132497
0.0156592
0.0179398
0.0200402
0.0219082
0.0234933
0.0247475
0.0256274
0.0260973
0.0261334
0.0257255
0.0248738
0.0235855
0.021876
0.0197679
0.0172899
0.0144743
0.0113551
0.00796431
0.0043288
0.000470134
-0.00359328
-0.00784386
-0.0122632
-0.0168306
-0.0215207
-0.0263015
-0.0311335
-0.0359687
-0.0407522
-0.0454241
-0.0499235
-0.0541936
-0.0581833
-0.0618459
-0.0651363
-0.0680126
-0.0704388
-0.0723887
-0.0738468
-0.0748091
-0.0752829
-0.0752851
-0.0748407
-0.0739829
-0.072754
-0.0712034
-0.0693828
-0.0673404
-0.0651168
-0.0627456
-0.060256
-0.0576762
-0.0550324
-0.0523455
-0.0496277
-0.0468815
-0.0441
-0.0412684
-0.0383683
-0.035382
-0.0322988
-0.0291201
-0.0258631
-0.0225601
-0.0192542
-0.0159932
-0.0128223
-0.00978051
-0.00689848
-0.00419696
-0.00168485
0.000639734
0.00278629
0.00476913
0.00660607
0.00831841
0.00993112
0.0114724
0.0129726
0.0144608
0.0159617
0.0174932
0.0190683
0.0206969
0.022388
0.024152
0.026001
0.027948
0.0300042
0.0321769
0.0344688
0.0368757
0.0393862
0.0419829
0.0446454
0.0473544
0.0500907
0.052833
0.0555569
0.0582353
0.0608397
0.0633399
0.0657035
0.0678973
0.0698887
0.0716453
0.0731355
0.0743305
0.0752079
0.0757519
0.0759527
0.0758072
0.0753224
0.074516
0.0734139
0.0720466
0.0704485
0.068657
0.0667111
0.0646494
0.0625062
0.0603098
0.0580835
0.0558499
0.0536317
0.0514495
0.04932
0.047256
0.0452671
0.0433587
0.0415307
0.0397759
0.0380796
0.0364199
0.0347689
0.0330957
0.0313696
0.0295635
0.027656
0.0256328
0.0234868
0.0212171
0.0188263
0.0163195
0.0137023
0.0109814
0.00816428
0.00525965
0.00227778
-0.000770934
-0.00387712
-0.00703122
-0.0102209
-0.0134298
-0.0166382
-0.0198239
-0.0229642
-0.0260376
-0.0290281
-0.031929
-0.034743
-0.0374803
-0.0401532
-0.0427731
-0.0453493
-0.0478886
-0.0503935
-0.0528616
-0.0552843
-0.0576447
-0.0599162
-0.0620624
-0.0640412
-0.0658098
-0.0673283
-0.0685614
-0.069479
-0.0700573
-0.0702798
-0.0701371
-0.0696259
-0.0687487
-0.0675142
-0.0659364
-0.0640342
-0.0618306
-0.0593514
-0.056625
-0.0536819
-0.0505543
-0.0472753
-0.0438759
-0.0403839
-0.0368218
-0.0332071
-0.0295534
-0.0258712
-0.0221696
-0.0184579
-0.0147458
-0.0110437
-0.00736228
-0.00371148
-9.99278e-005
0.0034642
0.00697085
0.0104074
0.0137634
0.0170326
0.0202073
0.0232724
0.0262104
0.0290076
0.0316521
0.0341316
0.0364358
0.0385594
0.040503
0.0422707
0.0438674
0.045297
0.0465619
0.0476639
0.0486019
0.04937
0.0499562
0.050345
0.0505217
0.0504741
0.0501959
0.0496881
0.0489602
0.0480278
0.0469105
0.0456293
0.0442047
0.0426543
0.0409908
0.0392224
0.0373541
0.0353897
0.0333356
0.0312029
0.0290073
0.0267674
0.0245029
0.0222325
0.0199712
0.0177299
0.0155142
0.0133242
0.0111559
0.00900292
0.00685813
0.0047143
0.00256474
0.000404077
-0.00177104
-0.00396208
-0.00617004
-0.00839676
-0.0106442
-0.0129126
-0.0151995
-0.0174988
-0.0198004
-0.022089
-0.0243458
-0.026551
-0.0286851
-0.0307298
-0.0326688
-0.0344886
-0.0361788
-0.037731
-0.0391392
-0.0403996
-0.0415095
-0.0424673
-0.0432713
-0.0439195
-0.0444101
-0.0447419
-0.0449135
-0.044923
-0.0447681
-0.0444465
-0.0439551
-0.0432902
-0.0424479
-0.0414256
-0.0402213
-0.0388343
-0.0372656
-0.0355187
-0.0335989
-0.0315108
-0.0292587
-0.0268469
-0.0242811
-0.0215692
-0.0187223
-0.0157552
-0.0126878
-0.00954422
-0.00635063
-0.00313472
7.49472e-005
0.00325075
0.00636868
0.00940968
0.0123589
0.0152041
0.0179349
0.0205424
0.0230184
0.0253562
0.0275514
0.0296013
0.0315034
0.033255
0.0348536
0.0362981
0.0375891
0.0387301
0.039728
0.0405936
0.0413408
0.0419867
0.0425494
0.0430472
0.0434982
0.0439189
0.0443235
0.0447253
0.0451358
0.0455652
0.0460225
0.0465151
0.0470471
0.0476181
0.0482235
0.0488556
0.0495044
0.0501585
0.0508072
0.0514408
0.0520517
0.0526342
0.0531836
0.0536949
0.0541628
0.0545807
0.0549407
0.0552327
0.0554462
0.0555705
0.0555961
0.055514
0.0553148
0.0549895
0.054529
0.0539257
0.0531732
0.0522665
0.0512018
0.0499766
0.0485903
0.0470443
0.0453427
0.0434936
0.0415099
0.0394077
0.0372056
0.0349237
0.0325827
0.0302021
0.0277996
0.0253939
0.0230063
0.0206591
0.0183725
0.0161639
0.0140475
0.0120344
0.0101319
0.00834254
0.00666359
0.00508835
0.00360623
0.00220285
0.000860602
-0.000439842
-0.00171784
-0.00299172
-0.00427782
-0.00558923
-0.00693461
-0.00831829
-0.00974109
-0.0112008
-0.0126926
-0.01421
-0.0157453
-0.0172902
-0.0188364
-0.0203762
-0.0219009
-0.0234
-0.0248603
-0.0262663
-0.0276002
-0.0288415
-0.0299692
-0.0309634
-0.0318081
-0.0324901
-0.0329999
-0.0333317
-0.0334847
-0.033463
-0.0332746
-0.032929
-0.0324362
-0.0318085
-0.031061
-0.0302095
-0.0292681
-0.028248
-0.0271564
-0.0259956
-0.0247661
-0.0234691
-0.0221069
-0.0206822
-0.0191983
-0.0176591
-0.0160678
-0.014426
-0.0127338
-0.010994
-0.00921445
-0.00740655
-0.00558089
-0.0037471
-0.0019154
-9.58876e-005
0.00170263
0.00347212
0.00520503
0.00689433
0.00853364
0.0101183
0.0116455
0.0131129
0.0145165
0.0158507
0.017111
0.0182939
0.019396
0.0204136
0.0213417
0.0221761
0.0229127
0.0235478
0.0240783
0.0245033
0.0248248
0.0250486
0.0251836
0.0252417
0.0252364
0.0251821
0.0250935
0.0249848
0.0248684
0.0247547
0.0246525
0.0245706
0.0245176
0.0244998
0.0245203
0.0245788
0.0246717
0.0247942
0.0249398
0.0251018
0.0252729
0.0254459
0.0256135
0.025768
0.0259018
0.0260074
0.0260777
0.0261056
0.0260846
0.026009
0.0258744
0.0256769
0.025412
0.0250743
0.0246587
0.024162
0.0235827
0.0229208
0.0221765
0.0213506
0.0204452
0.0194631
0.0184083
0.0172856
0.0161013
0.0148635
0.0135831
0.0122719
0.0109411
0.00960118
0.00826087
0.00692768
0.00560751
0.00430503
0.00302415
0.00176784
0.000537382
-0.000668061
-0.00185125
-0.00301625
-0.00416741
-0.00530831
-0.0064415
-0.00756856
-0.00869006
-0.00980546
-0.0109131
-0.0120105
-0.0130944
-0.0141612
-0.0152073
-0.0162291
-0.0172234
-0.018188
-0.0191204
-0.0200178
-0.0208764
-0.0216922
-0.0224607
-0.0231775
-0.0238378
-0.0244368
-0.0249701
-0.0254344
-0.0258276
-0.0261474
-0.0263907
-0.0265545
-0.0266388
-0.0266437
-0.0265674
-0.0264068
-0.0261604
-0.0258276
-0.0254084
-0.024903
-0.0243124
-0.0236386
-0.0228837
-0.0220507
-0.0211428
-0.0201642
-0.0191192
-0.0180119
-0.0168449
-0.0156192
-0.0143352
-0.012993
-0.0115923
-0.0101335
-0.00861731
-0.00704486
-0.00541745
-0.00373709
-0.00200687
-0.000230097
0.00159034
0.0034518
0.00535134
0.00728531
0.00924923
0.011238
0.0132463
0.0152686
0.0172998
0.0193345
0.0213674
0.0233939
0.0254105
0.0274151
0.0294073
0.0313875
0.0333558
0.0353105
0.0372484
0.0391663
0.0410607
0.0429273
0.0447615
0.0465582
0.0483116
0.0500154
0.0516622
0.0532445
0.0547547
0.0561863
0.0575349
0.0587973
0.0599709
0.0610533
0.0620427
0.0629381
0.0637394
0.0644473
0.0650633
0.0655895
0.0660289
0.0663851
0.0666624
0.0668656
0.0669998
0.0670701
0.0670818
0.0670404
0.0669518
0.0668211
0.0666523
0.0664473
0.066207
0.0659315
0.0656204
0.0652729
0.0648881
0.0644648
0.0640016
0.0634962
0.0629451
0.0623435
0.0616854
0.0609644
0.0601741
0.0593078
0.0583584
0.0573178
0.0561779
0.0549307
0.0535693
0.0520874
0.0504787
0.0487376
0.0468589
0.0448389
0.0426756
0.0403687
0.0379208
0.0353371
0.0326259
0.0297972
0.0268619
0.0238324
0.0207219
0.0175436
0.0143108
0.0110369
0.00773537
0.00441906
0.00109998
-0.002211
-0.00550446
-0.00877232
-0.0120076
-0.0152043
-0.0183579
-0.0214646
-0.0245213
-0.0275247
-0.0304715
-0.0333579
-0.0361788
-0.0389276
-0.0415972
-0.0441808
-0.0466714
-0.0490621
-0.0513464
-0.0535178
-0.0555699
-0.0574975
-0.0592958
-0.0609612
-0.0624897
-0.0638771
-0.0651198
-0.0662141
-0.0671568
-0.0679438
-0.0685707
-0.0690336
-0.0693289
-0.069457
-0.0694236
-0.0692343
-0.0688915
-0.068399
-0.0677641
-0.0669947
-0.0660975
-0.0650794
-0.0639479
-0.0627105
-0.0613732
-0.0599404
-0.0584158
-0.0568042
-0.0551115
-0.0533426
-0.0515003
-0.0495854
-0.0475987
-0.0455402
-0.0434099
-0.0412085
-0.0389384
-0.0366024
-0.0342038
-0.0317457
-0.0292316
-0.0266662
-0.0240555
-0.0214066
-0.0187281
-0.0160287
-0.0133169
-0.0106002
-0.00788617
-0.00518195
-0.00249463
0.000169374
0.00280387
0.00540254
0.00795925
0.0104682
0.0129233
0.0153179
0.0176458
0.0199024
0.0220848
0.0241915
0.0262216
0.0281743
0.0300489
0.0318444
0.03356
0.0351947
0.0367483
0.0382217
0.0396174
0.0409376
0.0421835
0.0433552
0.0444522
0.0454736
0.0464189
0.0472875
0.0480793
0.0487941
0.049432
0.0499927
0.0504756
0.0508791
0.051201
0.0514382
0.0515869
0.0516431
0.0516031
0.051464
0.0512235
0.0508803
0.0504337
0.0498836
0.04923
0.0484734
0.0476137
0.0466508
0.045584
0.0444128
0.0431368
0.0417563
0.0402727
0.0386886
0.0370088
0.0352393
0.0333874
0.0314602
0.0294645
0.0274078
0.0252982
0.0231448
0.0209563
0.018742
0.016512
0.0142763
0.0120443
0.00982415
0.00762217
0.00544429
0.00329634
0.00118368
-0.000889355
-0.0029192
-0.0049022
-0.00683388
-0.00870899
-0.0105219
-0.0122671
-0.0139392
-0.0155331
-0.0170431
-0.0184636
-0.0197889
-0.0210137
-0.0221329
-0.0231422
-0.0240377
-0.0248166
-0.0254774
-0.0260206
-0.0264478
-0.0267622
-0.0269675
-0.0270679
-0.0270672
-0.0269696
-0.0267803
-0.0265036
-0.026142
-0.025697
-0.0251708
-0.0245658
-0.0238857
-0.0231348
-0.0223175
-0.021439
-0.0205073
-0.0195321
-0.0185222
-0.017485
-0.0164273
-0.0153558
-0.0142768
-0.0131967
-0.0121202
-0.0110502
-0.0099885
-0.00893623
-0.00789404
-0.0068619
-0.00583968
-0.00482723
-0.00382431
-0.00283066
-0.00184603
-0.000870684
9.42419e-005
0.00104697
0.0019856
0.002908
0.00381175
0.00469454
0.00555474
0.00639135
0.00720371
0.00799114
0.0087531
0.00948956
0.0102013
0.01089
0.0115578
0.0122069
0.0128401
0.01346
0.0140694
0.014671
0.0152668
0.0158585
0.0164475
0.0170338
0.0176166
0.0181939
0.018763
0.0193209
0.019865
0.0203922
0.0208994
0.0213839
0.0218448
0.0222826
0.0226992
0.0230968
0.0234779
0.0238452
0.0242014
0.0245486
0.0248879
0.0252192
0.0255424
0.0258573
0.0261631
0.0264578
0.0267384
0.0270016
0.0272433
0.0274591
0.0276443
0.0277946
0.0279072
0.02798
0.028012
0.0280029
0.0279531
0.0278635
0.0277344
0.0275661
0.0273592
0.0271142
0.0268322
0.0265141
0.0261607
0.025772
0.0253474
0.0248858
0.0243859
0.0238465
0.0232671
0.0226483
0.0219911
0.021297
0.0205679
0.0198058
0.0190135
0.0181946
0.0173533
0.0164946
0.0156228
0.0147425
0.0138586
0.0129759
0.0120984
0.0112288
0.0103686
0.00951862
0.00867878
0.00784792
0.00702363
0.00620314
0.00538441
0.0045663
0.00374795
0.00292872
0.00210862
0.00128864
0.000470682
-0.000342617
-0.00114827
-0.00194333
-0.00272514
-0.0034911
-0.00423854
-0.00496472
-0.00566689
-0.00634261
-0.00698992
-0.00760716
-0.0081927
-0.00874497
-0.00926264
-0.00974455
-0.0101896
-0.0105965
-0.010964
-0.0112905
-0.0115738
-0.0118113
-0.0120002
-0.0121384
-0.0122246
-0.0122585
-0.0122405
-0.0121713
-0.0120519
-0.0118825
-0.0116632
-0.0113947
-0.0110782
-0.0107148
-0.0103046
-0.00984658
-0.00933952
-0.00878205
-0.00817286
-0.00751067
-0.00679428
-0.00602282
-0.00519613
-0.00431459
-0.00337854
-0.00238836
-0.00134534
-0.000252316
0.000886446
0.00206575
0.00327998
0.00452327
0.00578953
0.00707262
0.00836663
0.00966606
0.010966
0.0122617
0.0135487
0.0148219
0.0160762
0.0173065
0.0185081
0.0196771
0.0208104
0.0219063
0.0229639
0.0239831
0.0249643
0.0259079
0.0268138
0.0276813
0.0285087
0.0292932
0.0300308
0.0307176
0.0313507
0.0319277
0.0324465
0.0329052
0.0333018
0.0336336
0.0338976
0.0340918
0.0342159
0.0342706
0.0342563
0.0341742
0.0340256
0.033813
0.0335389
0.0332057
0.0328151
0.0323682
0.0318667
0.0313121
0.0307055
0.0300467
0.0293348
0.0285689
0.0277481
0.0268728
0.0259443
0.0249648
0.0239371
0.0228643
0.0217499
0.0205982
0.019414
0.0182024
0.0169685
0.0157181
0.0144581
0.0131957
0.0119385
0.010694
0.00946932
0.00827139
0.00710604
0.00597787
0.00489018
0.00384498
0.00284326
0.00188521
0.000970543
9.86833e-005
-0.000730828
-0.00151813
-0.00226308
-0.0029652
-0.00362378
-0.0042385
-0.00480984
-0.0053387
-0.00582578
-0.00627166
-0.00667738
-0.00704466
-0.00737539
-0.00767086
-0.00793164
-0.0081583
-0.00835191
-0.0085135
-0.00864311
-0.00873979
-0.00880249
-0.00883056
-0.00882354
-0.00878073
-0.00870116
-0.00858381
-0.00842785
-0.00823268
-0.00799776
-0.00772266
-0.00740708
-0.00705086
-0.00665375
-0.00621524
-0.00573454
-0.00521076
-0.00464316
-0.00403121
-0.0033746
-0.00267335
-0.00192763
-0.00113749
-0.000302686
0.000577349
0.0015035
0.00247697
0.00349903
0.00457056
0.00569156
0.00686079
0.00807576
0.00933289
0.0106275
0.0119539
0.0133052
0.0146732
0.016048
0.0174194
0.0187777
0.0201152
0.0214252
0.0227024
0.0239423
0.0251419
0.0262995
0.0274143
0.028486
0.0295142
0.0304988
0.0314392
0.0323341
0.0331815
0.0339793
0.0347259
0.03542
0.0360604
0.0366461
0.0371751
0.0376452
0.0380543
0.0383996
0.0386782
0.0388873
0.0390242
0.0390868
0.0390732
0.0389821
0.038813
0.0385662
0.038243
0.0378455
0.0373763
0.0368381
0.0362336
0.0355659
0.0348376
0.0340504
0.0332055
0.0323038
0.0313458
0.0303322
0.029264
0.0281424
0.0269697
0.0257497
0.0244868
0.0231856
0.0218514
0.02049
0.0191081
0.0177119
0.0163069
0.0148981
0.0134902
0.0120878
0.010695
0.0093158
0.00795374
0.00661311
0.00529851
0.00401398
0.00276239
0.00154573
0.000365591
-0.000776446
-0.00187878
-0.00293986
-0.00395829
-0.00493291
-0.00586287
-0.00674773
-0.0075874
-0.00838191
-0.00913123
-0.00983497
-0.0104923
-0.0111017
-0.0116614
-0.0121691
-0.0126225
-0.0130188
-0.013355
-0.0136281
-0.0138355
-0.0139749
-0.0140445
-0.0140432
-0.0139704
-0.0138265
-0.0136122
-0.0133282
-0.0129753
-0.012554
-0.0120644
-0.0115055
-0.0108756
-0.0101737
-0.00939917
-0.00855112
-0.00762811
-0.00662826
-0.0055493
-0.0043891
-0.00314622
-0.00182035
-0.000412548
0.00107482
0.00263878
0.00427659
0.00598541
0.00776101
0.00959685
0.0114846
0.0134151
0.0153791
0.0173672
0.01937
0.0213782
0.0233829
0.0253765
0.0273521
0.0293036
0.0312255
0.0331128
0.0349609
0.0367658
0.038524
0.0402309
0.0418805
0.0434662
0.0449808
0.0464166
0.0477656
0.0490205
0.0501744
0.051221
0.0521549
0.0529713
0.0536665
0.0542383
0.0546853
0.0550073
0.0552054
0.0552821
0.0552411
0.0550866
0.0548227
0.0544531
0.0539816
0.0534124
0.0527501
0.0519993
0.0511646
0.0502507
0.0492619
0.0482025
0.0470764
0.0458878
0.0446419
0.043345
0.0420039
0.0406241
0.0392109
0.037769
0.0363028
0.0348165
0.0333139
0.0317986
0.0302741
0.0287444
0.0272144
0.0256889
0.0241722
0.0226682
0.0211811
0.0197154
0.0182754
0.0168648
0.0154865
0.0141429
0.0128362
0.0115686
0.010342
0.00915842
0.00801972
0.00692781
0.00588426
0.00489021
0.00394624
0.0030524
0.00220841
0.00141376
0.000667846
-2.97342e-005
-0.000679361
-0.00128206
-0.00183939
-0.00235233
-0.00282049
-0.00324205
-0.00361417
-0.00393339
-0.0041958
-0.00439726
-0.00453393
-0.00460304
-0.00460338
-0.00453472
-0.00439705
-0.0041905
-0.00391597
-0.00357531
-0.00317092
-0.00270541
-0.0021818
-0.00160381
-0.000976083
-0.000304118
0.000405974
0.00114793
0.00191586
0.00270461
0.00350958
0.00432649
0.00515165
0.00598255
0.00681768
0.00765621
0.00849813
0.00934434
0.0101961
0.0110545
0.01192
0.0127927
0.0136728
0.0145604
0.015455
0.0163544
0.0172552
0.0181536
0.0190462
0.0199297
0.0208017
0.0216599
0.022503
0.0233297
0.0241382
0.0249265
0.0256934
0.0264384
0.0271612
0.0278612
0.0285377
0.0291896
0.0298152
0.0304118
0.0309765
0.031506
0.0319976
0.0324489
0.0328569
0.0332182
0.0335294
0.0337872
0.0339886
0.034131
0.0342121
0.03423
0.0341831
0.0340698
0.033889
0.0336399
0.0333224
0.0329375
0.032487
0.0319735
0.0314004
0.0307716
0.0300911
0.0293626
0.0285895
0.0277746
0.0269203
0.0260287
0.0251019
0.0241419
0.0231506
0.0221304
0.0210839
0.020015
0.0189283
0.0178293
0.0167237
0.0156184
0.0145206
0.0134378
0.0123769
0.0113439
0.0103443
0.00938397
0.00846923
0.00760604
0.00679947
0.00605338
0.00537081
0.00475434
0.00420614
0.00372787
0.00332108
0.00298789
0.00273061
0.00255087
0.00244963
0.0024276
0.00248507
0.00262147
0.00283535
0.00312447
0.00348556
0.00391424
0.00440553
0.00495448
0.00555654
0.00620765
0.00690438
0.00764405
0.00842443
0.00924323
0.0100979
0.0109858
0.011904
0.0128489
0.0138161
0.0148008
0.0157982
0.0168041
0.017814
0.0188234
0.0198278
0.0208234
0.0218064
0.0227735
0.023721
0.0246448
0.0255402
0.0264021
0.0272254
0.0280061
0.0287422
0.0294336
0.0300817
0.0306887
0.0312574
0.031791
0.0322925
0.032764
0.0332061
0.0336187
0.0340012
0.0343535
0.0346748
0.034964
0.0352196
0.0354403
0.0356252
0.0357737
0.0358853
0.0359603
0.0359994
0.0360032
0.0359723
0.035907
0.0358069
0.0356717
0.0355005
0.0352923
0.0350456
0.0347589
0.0344298
0.0340557
0.0336335
0.0331597
0.0326307
0.0320437
0.0313963
0.0306875
0.0299172
0.0290867
0.0281991
0.0272592
0.026273
0.0252477
0.0241908
0.0231098
0.0220127
0.020907
0.0197999
0.0186981
0.0176085
0.0165385
0.0154954
0.0144853
0.0135133
0.0125834
0.0116992
0.0108638
0.0100793
0.00934789
0.00867185
0.00805389
0.00749659
0.00700178
0.00657042
0.00620266
0.00589781
0.00565413
0.00546874
0.00533776
0.00525665
0.00522055
0.00522459
0.00526394
0.00533414
0.00543142
0.00555287
0.00569628
0.00586036
0.00604484
0.00625039
0.00647833
0.00673053
0.00700948
0.00731798
0.0076587
0.0080337
0.00844417
0.00889038
0.00937189
0.00988782
0.0104366
0.011016
0.011623
0.0122547
0.0129081
0.013581
0.0142713
0.0149761
0.0156926
0.0164182
0.0171509
0.0178886
0.0186292
0.0193705
0.02011
0.0208453
0.0215739
0.0222932
0.0230008
0.0236953
0.0243757
0.0250404
0.0256869
0.0263124
0.0269137
0.0274881
0.028033
0.0285459
0.0290252
0.02947
0.0298803
0.0302568
0.0306005
0.0309122
0.0311921
0.0314405
0.0316575
0.0318431
0.0319967
0.0321176
0.0322042
0.0322545
0.0322662
0.032237
0.0321655
0.0320515
0.031896
0.0317007
0.0314681
0.0312011
0.0309026
0.0305756
0.0302228
0.0298464
0.0294485
0.029031
0.0285955
0.0281429
0.027674
0.0271903
0.0266942
0.026188
0.0256737
0.0251529
0.0246266
0.0240959
0.0235612
0.0230226
0.0224807
0.0219372
0.0213945
0.0208549
0.0203198
0.0197902
0.0192668
0.0187498
0.0182389
0.0177329
0.0172306
0.016731
0.0162336
0.0157386
0.0152471
0.0147603
0.0142794
0.0138056
0.0133397
0.0128825
0.0124353
0.0119998
0.0115777
0.0111715
0.0107839
0.0104178
0.0100768
0.00976416
0.00948324
0.00923746
0.00903015
0.0088645
0.00874328
0.00866875
0.00864285
0.00866729
0.00874355
0.00887271
0.00905471
0.00928789
0.00956946
0.00989643
0.0102658
0.0106746
0.0111195
0.0115971
0.0121042
0.0126376
0.0131944
0.0137715
0.0143663
0.014977
0.0156028
0.0162431
0.0168968
0.0175627
0.0182396
0.0189268
0.0196237
0.0203293
0.021042
0.0217597
0.0224798
0.0231994
0.0239148
0.0246219
0.0253165
0.0259943
0.0266516
0.0272849
0.0278911
0.0284675
0.0290123
0.0295242
0.0300029
0.0304484
0.0308608
0.0312401
0.0315856
0.0318964
0.032172
0.032412
0.0326166
0.0327857
0.0329193
0.0330174
0.0330799
0.0331077
0.0331012
0.0330601
0.032983
0.0328683
0.0327139
0.0325178
0.0322781
0.0319934
0.0316629
0.0312862
0.0308627
0.0303922
0.0298752
0.0293134
0.0287093
0.0280657
0.0273848
0.0266691
0.025921
0.0251434
0.0243394
0.0235123
0.0226656
0.0218034
0.0209303
0.0200514
0.0191725
0.0182992
0.0174369
0.0165906
0.0157649
0.0149641
0.0141917
0.0134512
0.0127455
0.0120768
0.0114474
0.010859
0.010313
0.00981048
0.00935196
0.00893792
0.00856809
0.00824114
0.00795543
0.00770961
0.00750252
0.00733325
0.00720183
0.00710938
0.00705714
0.0070457
0.00707559
0.00714818
0.0072657
0.00743032
0.00764378
0.00790755
0.00822281
0.00858999
0.00900883
0.00947846
0.00999744
0.010564
0.0111759
0.0118296
0.0125204
0.0132425
0.0139907
0.0147599
0.0155455
0.0163425
0.0171464
0.017953
0.0187587
0.01956
0.020354
0.0211382
0.0219103
0.0226682
0.0234102
0.0241349
0.0248408
0.0255266
0.0261905
0.0268308
0.0274454
0.0280324
0.0285897
0.0291159
0.0296098
0.0300708
0.0304984
0.0308919
0.0312508
0.0315743
0.0318614
0.0321112
0.0323233
0.0324972
0.0326321
0.0327269
0.0327801
0.0327915
0.0327618
0.0326925
0.0325858
0.0324437
0.0322687
0.0320629
0.0318283
0.0315665
0.0312789
0.0309679
0.0306371
0.03029
0.029929
0.0295559
0.0291715
0.0287763
0.0283705
0.0279541
0.0275273
0.0270906
0.0266449
0.0261909
0.0257295
0.0252613
0.024787
0.0243076
0.0238243
0.0233381
0.0228509
0.0223642
0.0218805
0.021402
0.0209314
0.0204709
0.0200231
0.0195901
0.0191737
0.0187755
0.0183968
0.0180384
0.0177007
0.0173835
0.0170868
0.0168107
0.0165555
0.0163212
0.0161069
0.0159107
0.0157305
0.0155652
0.0154145
0.0152786
0.0151582
0.0150532
0.0149635
0.0148885
0.0148271
0.0147787
0.0147425
0.0147189
0.0147084
0.0147111
0.0147266
0.0147545
0.0147947
0.0148479
0.014915
0.0149967
0.0150937
0.0152067
0.0153365
0.0154834
0.0156481
0.0158314
0.0160345
0.0162588
0.0165054
0.0167746
0.0170661
0.017379
0.017712
0.0180626
0.0184276
0.0188036
0.0191881
0.019579
0.0199745
0.0203725
0.0207713
0.0211693
0.0215643
0.0219539
0.0223354
0.022707
0.0230674
0.0234155
0.0237501
0.0240698
0.0243737
0.0246615
0.0249326
0.0251866
0.0254229
0.025641
0.0258409
0.0260225
0.0261854
0.0263285
0.0264508
0.0265528
0.0266353
0.0266993
0.026745
0.026772
0.0267801
0.0267688
0.0267378
0.0266862
0.0266136
0.0265194
0.0264033
0.0262649
0.0261041
0.0259209
0.0257154
0.0254886
0.0252416
0.0249762
0.0246949
0.0244005
0.0240963
0.0237858
0.0234728
0.0231615
0.0228563
0.0225612
0.0222796
0.0220141
0.0217669
0.0215393
0.0213325
0.0211466
0.0209813
0.0208359
0.0207097
0.020602
0.0205115
0.0204363
0.0203748
0.0203262
0.0202905
0.0202675
0.0202566
0.0202571
0.0202682
0.0202895
0.0203211
0.020363
0.0204159
0.0204811
0.0205605
0.0206551
0.0207655
0.0208912
0.021032
0.0211873
0.0213566
0.0215387
0.021732
0.0219343
0.022143
0.0223552
0.0225677
0.0227773
0.0229806
0.0231745
0.0233562
0.023523
0.0236727
0.0238035
0.0239138
0.0240021
0.0240667
0.0241061
0.0241192
0.0241052
0.0240636
0.0239946
0.0238984
0.0237758
0.0236274
0.0234545
0.0232583
0.0230402
0.0228018
0.0225452
0.0222722
0.0219845
0.0216835
0.0213711
0.0210498
0.020722
0.0203906
0.0200581
0.0197268
0.0193988
0.0190755
0.0187582
0.0184483
0.0181484
0.0178616
0.0175907
0.017338
0.0171048
0.0168922
0.0167007
0.0165308
0.0163821
0.0162543
0.0161474
0.0160614
0.0159968
0.0159538
0.0159327
0.0159336
0.0159569
0.0160026
0.0160707
0.016161
0.0162729
0.0164056
0.0165579
0.0167284
0.0169159
0.017119
0.0173367
0.0175682
0.0178128
0.01807
0.018339
0.018619
0.0189089
0.0192074
0.0195134
0.0198256
0.0201431
0.0204639
0.0207856
0.0211055
0.0214219
0.0217336
0.0220398
0.0223395
0.022632
0.0229165
0.0231924
0.0234589
0.0237147
0.0239586
0.02419
0.0244089
0.0246152
0.0248083
0.024987
0.0251505
0.0252985
0.0254304
0.0255458
0.025644
0.0257243
0.0257859
0.0258276
0.025848
0.0258455
0.0258188
0.0257666
0.0256878
0.0255815
0.0254472
0.0252848
0.0250947
0.0248782
0.0246371
0.0243734
0.0240894
0.0237876
0.0234712
0.0231433
0.0228074
0.0224665
0.0221234
0.0217806
0.0214407
0.0211065
0.0207811
0.0204675
0.0201683
0.0198855
0.0196205
0.0193752
0.0191514
0.0189511
0.018776
0.0186274
0.0185058
0.0184112
0.0183427
0.0182987
0.0182773
0.018277
0.0182966
0.0183344
0.0183881
0.0184553
0.0185336
0.0186209
0.0187152
0.0188147
0.0189176
0.0190228
0.0191291
0.0192361
0.0193429
0.019449
0.019554
0.019658
0.0197616
0.0198656
0.0199702
0.0200755
0.0201817
0.0202892
0.0203984
0.0205089
0.0206203
0.0207311
0.0208402
0.0209462
0.0210482
0.0211465
0.0212417
0.0213342
0.0214242
0.0215116
0.0215974
0.0216833
0.0217709
0.0218609
0.0219537
0.0220492
0.0221475
0.0222485
0.022352
0.0224589
0.0225703
0.0226883
0.0228145
0.0229502
0.0230963
0.023254
0.0234248
0.0236101
0.0238103
0.0240253
0.0242544
0.024497
0.024752
0.0250187
0.0252961
0.0255832
0.0258792
0.0261835
0.0264956
0.0268153
0.0271418
0.0274739
0.0278105
0.02815
0.0284908
0.0288311
0.0291695
0.0295045
0.0298348
0.0301587
0.0304741
0.0307785
0.031069
0.0313426
0.0315964
0.0318276
0.0320342
0.0322148
0.0323681
0.0324925
0.0325865
0.0326489
0.0326782
0.0326722
0.0326283
0.0325443
0.032418
0.0322472
0.03203
0.0317645
0.0314502
0.0310872
0.0306761
0.0302172
0.029711
0.0291588
0.0285626
0.0279248
0.0272477
0.0265334
0.0257841
0.0250018
0.0241881
0.0233441
0.0224707
0.0215691
0.020641
0.0196888
0.0187149
0.0177228
0.0167163
0.0156996
0.0146772
0.0136536
0.0126393
0.0116499
0.0106941
0.00977431
0.00889258
0.0080509
0.00725111
0.00649491
0.00578383
0.00511932
0.00450268
0.00393509
0.00341761
0.0029512
0.00253672
0.0021749
0.00186637
0.00161167
0.00141122
0.00126536
0.00117431
0.0011382
0.00115709
0.00123089
0.00135941
0.00154233
0.00177918
0.00206941
0.0024123
0.00280703
0.00325263
0.00374802
0.00429197
0.00488315
0.00552006
0.00620108
0.00692445
0.0076883
0.00849061
0.00932923
0.0102019
0.0111062
0.0120396
0.0129993
0.0139823
0.0149857
0.016006
0.0170398
0.0180835
0.0191334
0.0201859
0.0212373
0.0222842
0.0233231
0.0243506
0.0253633
0.0263583
0.0273325
0.0282831
0.0292078
0.0301041
0.0309699
0.0318034
0.0326028
0.0333662
0.0340917
0.0347777
0.0354225
0.0360248
0.0365833
0.037097
0.0375646
0.0379854
0.0383585
0.0386832
0.0389589
0.0391851
0.0393614
0.0394874
0.039563
0.0395881
0.0395625
0.0394864
0.0393601
0.0391837
0.0389579
0.0386831
0.0383601
0.0379896
0.0375726
0.0371102
0.0366034
0.0360538
0.0354627
0.0348317
0.0341628
0.0334578
0.0327189
0.0319485
0.0311487
0.0303217
0.0294701
0.0285967
0.0277044
0.0267964
0.025876
0.0249464
0.024011
0.0230731
0.0221361
0.0212032
0.0202777
0.0193627
0.0184615
0.0175769
0.0167117
0.0158686
0.01505
0.0142582
0.0134953
0.0127631
0.0120635
0.0113982
0.0107685
0.010176
0.00962192
0.00910746
0.00863372
0.00820165
0.00781214
0.00746596
0.00716379
0.00690621
0.00669371
0.00652668
0.00640543
0.00633017
0.00630103
0.00631805
0.00638115
0.00649014
0.00664473
0.00684449
0.0070889
0.00737732
0.00770899
0.00808304
0.00849848
0.00895421
0.009449
0.00998153
0.0105503
0.0111539
0.0117904
0.0124582
0.0131553
0.0138796
0.0146289
0.0154009
0.0161929
0.0170025
0.0178266
0.0186625
0.019507
0.0203573
0.0212103
0.022063
0.0229125
0.0237559
0.0245903
0.025413
0.0262213
0.0270125
0.0277842
0.0285342
0.0292602
0.0299604
0.0306329
0.031276
0.0318883
0.0324684
0.0330149
0.0335264
0.0340015
0.0344391
0.0348381
0.0351977
0.0355169
0.0357951
0.0360317
0.0362262
0.0363781
0.0364872
0.0365533
0.0365762
0.0365559
0.0364924
0.0363861
0.0362371
0.036046
0.0358131
0.0355392
0.0352251
0.0348716
0.0344798
0.0340507
0.0335858
0.0330863
0.0325539
0.0319904
0.0313972
0.0307761
0.0301288
0.0294576
0.0287645
0.0280519
0.0273224
0.0265785
0.025823
0.0250586
0.024288
0.0235141
0.0227396
0.0219673
0.0211999
0.0204402
0.0196907
0.018954
0.0182327
0.0175291
0.0168454
0.0161838
0.0155462
0.0149344
0.0143501
0.0137948
0.01327
0.0127769
0.0123168
0.0118908
0.0114998
0.0111447
0.0108264
0.0105455
0.0103027
0.0100984
0.00993318
0.00980731
0.00972105
0.00967457
0.00966794
0.00970117
0.00977413
0.00988662
0.0100383
0.0102288
0.0104574
0.0107237
0.0110269
0.011366
0.0117403
0.0121485
0.0125897
0.0130624
0.0135653
0.014097
0.0146558
0.01524
0.0158477
0.016477
0.0171256
0.0177914
0.018472
0.0191649
0.0198678
0.0205779
0.0212928
0.0220099
0.0227268
0.0234408
0.0241494
0.0248504
0.0255411
0.0262195
0.0268831
0.0275298
0.0281576
0.0287645
0.0293487
0.0299087
0.0304427
0.0309495
0.0314277
0.0318763
0.032294
0.03268
0.0330333
0.0333531
0.0336383
0.0338882
0.0341022
0.0342798
0.0344205
0.0345241
0.0345902
0.0346188
0.0346097
0.034563
0.034479
0.0343579
0.0341999
0.0340058
0.0337759
0.0335112
0.0332123
0.0328804
0.0325164
0.0321215
0.0316969
0.0312437
0.0307631
0.0302569
0.0297264
0.0291734
0.0285999
0.0280078
0.0273992
0.0267763
0.0261415
0.025497
0.0248452
0.0241884
0.023529
0.0228695
0.0222121
0.0215592
0.0209132
0.0202763
0.0196507
0.0190387
0.0184422
0.0178633
0.0173039
0.0167657
0.0162503
0.0157594
0.0152942
0.0148561
0.0144462
0.0140657
0.0137154
0.0133964
0.0131093
0.0128548
0.0126337
0.0124463
0.0122932
0.0121746
0.0120909
0.0120423
0.0120287
0.0120503
0.0121069
0.0121984
0.0123245
0.0124848
0.0126788
0.0129061
0.0131658
0.0134574
0.0137798
0.0141322
0.0145135
0.0149225
0.0153579
0.0158185
0.0163027
0.0168089
0.0173353
0.0178803
0.0184418
0.0190178
0.0196063
0.020205
0.0208119
0.0214247
0.0220411
0.0226591
0.0232763
0.0238906
0.0244999
0.025102
0.0256947
0.0262763
0.0268445
0.0273976
0.0279336
0.028451
0.0289479
0.029423
0.0298749
0.0303022
0.0307038
0.0310787
0.0314258
0.0317443
0.0320334
0.0322923
0.0325206
0.0327176
0.0328829
0.0330161
0.0331167
0.0331844
0.0332193
0.033221
0.0331897
0.0331255
0.0330286
0.0328994
0.0327383
0.0325459
0.0323228
0.0320696
0.0317869
0.0314756
0.0311367
0.0307711
0.0303801
0.0299647
0.0295265
0.0290668
0.0285872
0.0280895
