-3.10112 -3.17669 -3.10112
-4.67845 -6.14019 -4.67845
-5.61498 -7.96502 -5.61498
-6.33618 -9.24138 -6.33618
-6.95781 -10.2273 -6.95781
-7.51452 -11.0485 -7.51452
-8.0276 -11.7661 -8.0276
-8.53004 -12.4229 -8.53004
-9.02117 -13.0275 -9.02117
-9.49279 -13.594 -9.49279
-9.95168 -14.1294 -9.95168
-10.4129 -14.645 -10.4129
-10.8753 -15.1418 -10.8753
-11.3215 -15.6327 -11.3215
-11.7666 -16.109 -11.7666
-12.2105 -16.5753 -12.2105
-12.6532 -17.0419 -12.6532
-13.0846 -17.4951 -13.0846
-13.5274 -17.9412 -13.5274
-13.9619 -18.3864 -13.9619
-14.3924 -18.8204 -14.3924
-14.8162 -19.2531 -14.8162
-15.252 -19.6878 -15.252
-15.6746 -20.1199 -15.6746
-16.0894 -20.553 -16.0894
-16.5139 -20.9724 -16.5139
-16.9265 -21.3937 -16.9265
-17.3486 -21.8128 -17.3486
-17.7589 -22.2312 -17.7589
-18.1747 -22.6582 -18.1747
-18.5854 -23.0706 -18.5854
-18.9944 -23.4915 -18.9944
-19.4124 -23.9016 -19.4124
-19.8203 -24.3101 -19.8203
-20.2268 -24.7153 -20.2268
-20.6399 -25.1196 -20.6399
-21.0446 -25.5337 -21.0446
-21.4509 -25.9356 -21.4509
-21.8558 -26.3396 -21.8558
-22.2654 -26.739 -22.2654
-22.6673 -27.1409 -22.6673
-23.0695 -27.5473 -23.0695
-23.4725 -27.944 -23.4725
-23.8745 -28.3427 -23.8745
-24.2797 -28.7474 -24.2797
-24.6802 -29.1412 -24.6802
-25.0808 -29.536 -25.0808
-25.4815 -29.9361 -25.4815
-25.8822 -30.3243 -25.8822
-26.2832 -30.7129 -26.2832
-26.6836 -31.1018 -26.6836
-27.0848 -31.5006 -27.0848
-27.4838 -31.8838 -27.4838
-27.8825 -32.2668 -27.8825
-28.2808 -32.6494 -28.2808
-28.6784 -33.0425 -28.6784
-29.0753 -33.418 -29.0753
-29.471 -33.7919 -29.471
-29.8651 -34.1631 -29.8651
-30.2572 -34.5341 -30.2572
-30.6464 -34.8941 -30.6464
-31.032 -35.2459 -31.032
-31.4121 -35.5878 -31.4121
-31.7879 -35.9169 -31.7879
-32.1514 -36.2296 -32.1514
-32.503 -36.5277 -32.503
-32.8397 -36.7985 -32.8397
-33.1566 -37.05 -33.1566
-33.4536 -37.285 -33.4536
-33.73 -37.5083 -33.73
-33.9885 -37.7236 -33.9885
-34.2335 -37.9337 -34.2335
-34.4693 -38.1402 -34.4693
-34.6986 -38.3443 -34.6986
-34.9238 -38.5463 -34.9238
-35.1462 -38.7496 -35.1462
-35.3665 -38.9467 -35.3665
-35.5846 -39.138 -35.5846
-35.8005 -39.3245 -35.8005
-36.0133 -39.5058 -36.0133
-36.2219 -39.6797 -36.2219
-36.4245 -39.8435 -36.4245
-36.6185 -39.9935 -36.6185
-36.8009 -40.126 -36.8009
-36.9683 -40.2409 -36.9683
-37.1187 -40.3393 -37.1187
-37.2516 -40.4244 -37.2516
-37.3695 -40.4999 -37.3695
-37.4712 -40.569 -37.4712
-37.5599 -40.6341 -37.5599
-37.6429 -40.6965 -37.6429
-37.7224 -40.7572 -37.7224
-37.7996 -40.8167 -37.7996
-37.8753 -40.8754 -37.8753
-37.9501 -40.9334 -37.9501
-38.0241 -40.9908 -38.0241
-38.0973 -41.0399 -38.0973
-38.1691 -41.087 -38.1691
-38.2405 -41.1337 -38.2405
-38.3116 -41.1799 -38.3116
-38.3825 -41.2258 -38.3825
-38.4531 -41.2715 -38.4531
-38.5236 -41.3169 -38.5236
-38.5938 -41.3621 -38.5938
-38.664 -41.4071 -38.664
-38.7338 -41.4519 -38.7338
-38.8035 -41.4964 -38.8035
-38.873 -41.5396 -38.873
-38.9422 -41.5826 -38.9422
-39.0112 -41.6255 -39.0112
-39.08 -41.668 -39.08
-39.1484 -41.7103 -39.1484
-39.2164 -41.7522 -39.2164
-39.284 -41.7937 -39.284
-39.346 -41.8345 -39.346
-39.407 -41.8745 -39.407
-39.4664 -41.9134 -39.4664
-39.5239 -41.9509 -39.5239
-39.5789 -41.9865 -39.5789
-39.6308 -42.0198 -39.6308
-39.6789 -42.0501 -39.6789
-39.7224 -42.077 -39.7224
-39.7607 -42.0998 -39.7607
-39.7936 -42.1182 -39.7936
-39.8208 -42.1318 -39.8208
-39.8428 -42.1409 -39.8428
-39.8602 -42.1456 -39.8602
-39.8737 -42.1464 -39.8737
-39.884 -42.1347 -39.884
-39.892 -42.1202 -39.892
-39.898 -42.1029 -39.898
-39.9027 -42.0835 -39.9027
-39.9063 -42.0627 -39.9063
-39.9092 -42.0406 -39.9092
-39.9114 -42.0178 -39.9114
-39.9133 -41.9943 -39.9133
-39.9134 -41.9703 -39.9134
-39.9135 -41.9459 -39.9135
-39.9134 -41.9213 -39.9134
-39.9131 -41.8964 -39.9131
-39.9126 -41.8714 -39.9126
-39.912 -41.8462 -39.912
-39.9113 -41.8209 -39.9113
-39.9105 -41.7955 -39.9105
-39.9097 -41.77 -39.9097
-39.9088 -41.7445 -39.9088
-39.9078 -41.7189 -39.9078
-39.9068 -41.6932 -39.9068
-39.9057 -41.6674 -39.9057
-39.9046 -41.6416 -39.9046
-39.9035 -41.6158 -39.9035
-39.9023 -41.5899 -39.9023
-39.901 -41.5623 -39.901
-39.8998 -41.5353 -39.8998
-39.8985 -41.5083 -39.8985
-39.8972 -41.4811 -39.8972
-39.8958 -41.4539 -39.8958
-39.8944 -41.4266 -39.8944
-39.893 -41.3993 -39.893
-39.8915 -41.372 -39.8915
-39.8884 -41.3446 -39.8884
-39.8808 -41.3171 -39.8808
-39.8732 -41.2896 -39.8732
-39.8655 -41.2621 -39.8655
-39.8578 -41.2346 -39.8578
-39.85 -41.207 -39.85
-39.8422 -41.1794 -39.8422
-39.8343 -41.1517 -39.8343
-39.8265 -41.1241 -39.8265
-39.8186 -41.0964 -39.8186
-39.8107 -41.0686 -39.8107
-39.8028 -41.0408 -39.8028
-39.7949 -41.013 -39.7949
-39.787 -40.9852 -39.787
-39.779 -40.9573 -39.779
-39.7711 -40.9294 -39.7711
-39.7631 -40.9015 -39.7631
-39.7552 -40.8735 -39.7552
-39.7472 -40.8455 -39.7472
-39.7392 -40.8175 -39.7392
-39.7312 -40.7894 -39.7312
-39.7232 -40.7613 -39.7232
-39.7152 -40.7332 -39.7152
-39.7071 -40.7048 -39.7071
-39.6991 -40.6713 -39.6991
-39.691 -40.6381 -39.691
-39.683 -40.6047 -39.683
-39.6749 -40.5712 -39.6749
-39.6668 -40.5375 -39.6668
-39.6587 -40.5039 -39.6587
-39.6506 -40.4701 -39.6506
-39.6425 -40.4364 -39.6425
-39.6344 -40.4026 -39.6344
-39.6263 -40.3688 -39.6263
-39.6181 -40.3349 -39.6181
-39.61 -40.301 -39.61
-39.6018 -40.2671 -39.6018
-39.5936 -40.2332 -39.5936
-39.5854 -40.1993 -39.5854
-39.5773 -40.1654 -39.5773
-39.569 -40.1315 -39.569
-39.5608 -40.0975 -39.5608
-39.5526 -40.0635 -39.5526
-39.5444 -40.0296 -39.5444
-39.5361 -39.9956 -39.5361
-39.5279 -39.9616 -39.5279
-39.5196 -39.9275 -39.5196
-39.5113 -39.8935 -39.5113
-39.503 -39.8595 -39.503
-39.4947 -39.8254 -39.4947
-39.4864 -39.7913 -39.4864
-39.4781 -39.7573 -39.4781
-39.4698 -39.7232 -39.4698
-39.4614 -39.6891 -39.4614
-39.4531 -39.655 -39.4531
-39.4447 -39.6209 -39.4447
-39.4363 -39.5867 -39.4363
-39.4279 -39.5525 -39.4279
-39.4195 -39.5184 -39.4195
-39.4111 -39.4842 -39.4111
-39.4027 -39.45 -39.4027
-39.3943 -39.4158 -39.3943
-39.3858 -39.3815 -39.3858
-39.3774 -39.3473 -39.3774
-39.3689 -39.313 -39.3689
-39.3604 -39.2787 -39.3604
-39.352 -39.2445 -39.352
-39.3435 -39.2102 -39.3435
-39.3349 -39.1759 -39.3349
-39.3264 -39.1415 -39.3264
-39.3177 -39.1072 -39.3177
-39.3089 -39.0728 -39.3089
-39.3 -39.0385 -39.3
-39.2911 -39.0041 -39.2911
-39.2822 -38.9697 -39.2822
-39.2732 -38.9353 -39.2732
-39.2642 -38.9008 -39.2642
-39.2552 -38.8664 -39.2552
-39.2462 -38.8319 -39.2462
-39.2372 -38.7975 -39.2372
-39.2282 -38.763 -39.2282
-39.2191 -38.7285 -39.2191
-39.2101 -38.694 -39.2101
-39.201 -38.6594 -39.201
-39.1919 -38.6249 -39.1919
-39.1829 -38.5903 -39.1829
-39.1738 -38.5557 -39.1738
-39.1647 -38.5212 -39.1647
-39.1555 -38.4865 -39.1555
-39.1464 -38.4519 -39.1464
-39.1373 -38.4173 -39.1373
-39.1281 -38.3826 -39.1281
-39.119 -38.348 -39.119
-39.1098 -38.3133 -39.1098
-39.1006 -38.2786 -39.1006
-39.0914 -38.2438 -39.0914
-39.0822 -38.2091 -39.0822
-39.073 -38.1744 -39.073
-39.0638 -38.1396 -39.0638
-39.0545 -38.1048 -39.0545
-39.0453 -38.07 -39.0453
-39.036 -38.0352 -39.036
-39.0267 -38.0003 -39.0267
-39.0175 -37.9655 -39.0175
-39.0082 -37.9306 -39.0082
-38.9989 -37.8957 -38.9989
-38.9895 -37.8608 -38.9895
-38.9802 -37.8259 -38.9802
-38.9709 -37.791 -38.9709
-38.9615 -37.756 -38.9615
-38.9521 -37.7211 -38.9521
-38.9428 -37.6861 -38.9428
-38.9334 -37.6511 -38.9334
-38.924 -37.616 -38.924
-38.9145 -37.581 -38.9145
-38.9051 -37.5459 -38.9051
-38.8957 -37.5108 -38.8957
-38.8862 -37.4758 -38.8862
-38.8768 -37.4406 -38.8768
-38.8673 -37.4055 -38.8673
-38.8578 -37.3703 -38.8578
-38.8483 -37.3352 -38.8483
-38.8388 -37.3 -38.8388
-38.8292 -37.2642 -38.8292
-38.8197 -37.229 -38.8197
-38.8101 -37.1937 -38.8101
-38.8006 -37.1579 -38.8006
-38.791 -37.1225 -38.791
-38.7814 -37.0871 -38.7814
-38.7718 -37.0516 -38.7718
-38.7622 -37.0161 -38.7622
-38.7525 -36.9806 -38.7525
-38.7429 -36.945 -38.7429
-38.7332 -36.9094 -38.7332
-38.7236 -36.8737 -38.7236
-38.7139 -36.8381 -38.7139
-38.7042 -36.8024 -38.7042
-38.6945 -36.7667 -38.6945
-38.6847 -36.731 -38.6847
-38.675 -36.6952 -38.675
