1339.6 6.74817e-06
9246.86 4.65806e-05
17846.4 8.99002e-05
25997.2 0.000130959
33623.9 0.000169378
40918.6 0.000206125
47968.7 0.00024164
54860 0.000276354
61556.3 0.000310086
68299.3 0.000344054
74896.5 0.000377287
81473.2 0.000410417
87945.6 0.000443021
94413.4 0.000475602
100929 0.000508424
107418 0.00054111
113809 0.000573306
120169 0.000605344
126544 0.000637461
132876 0.000669357
139179 0.000701106
145443 0.000732663
151727 0.000764314
157917 0.000795499
164103 0.000826661
170330 0.000858029
176503 0.000889125
182700 0.000920344
188848 0.00095131
195006 0.000982334
201130 0.00101318
207247 0.001044
213381 0.00107489
219470 0.00110557
225554 0.00113622
231650 0.00116692
237708 0.00119744
243769 0.00122797
249817 0.00125844
255867 0.00128892
261882 0.00131922
267898 0.00134953
273915 0.00137984
279925 0.00141013
285941 0.00144044
291932 0.00147064
297922 0.00150084
303911 0.00153105
309899 0.00156127
315885 0.00159151
321865 0.00162175
327842 0.00165204
333797 0.00168228
339743 0.00171259
345676 0.00174299
351591 0.0017735
357481 0.00180418
363338 0.00183508
369148 0.0018663
374895 0.00189794
380557 0.00193016
386102 0.00196318
391489 0.00199724
396669 0.00203277
401558 0.00207012
406080 0.00210997
410134 0.00215304
413642 0.00220056
416493 0.00225309
418646 0.00231077
420157 0.00237325
421158 0.0024396
421800 0.00250871
422215 0.00257968
422494 0.00265188
422694 0.00272472
422849 0.00279799
422979 0.0028716
423094 0.00294561
423201 0.00302013
423304 0.00309545
423406 0.00317195
423508 0.00325022
423613 0.00333099
423721 0.00341511
423834 0.00350331
423952 0.00359591
424075 0.00369266
424203 0.00379354
424338 0.00389962
424475 0.00400741
424613 0.0041162
424752 0.00422553
424891 0.00433515
425031 0.00444491
425170 0.00455475
425310 0.00466467
425450 0.00477507
425591 0.00488547
425731 0.00499586
425871 0.00510623
426011 0.00521659
426151 0.00532694
426292 0.00543727
426432 0.00554758
426572 0.00565786
426712 0.00576813
426852 0.0058784
426992 0.00598865
427132 0.00609891
427272 0.00620919
427412 0.00631949
427553 0.00642984
427693 0.00654028
427835 0.00665177
427979 0.00676518
428123 0.00687886
428268 0.00699294
428414 0.00710758
428560 0.00722298
428708 0.00733936
428858 0.00745695
429009 0.00757595
429162 0.00769652
429317 0.00781872
429474 0.00794249
429634 0.00806768
429794 0.0081941
429956 0.00832149
430119 0.00844965
430282 0.00857837
430446 0.0087075
430611 0.00883692
430776 0.00896654
430940 0.0090963
431105 0.00922616
431271 0.00935636
431437 0.00948696
431603 0.00961758
431769 0.00974821
431935 0.00987885
432101 0.0100095
432267 0.0101401
432433 0.0102708
432598 0.0104014
432764 0.010532
432930 0.0106626
433096 0.0107933
433262 0.0109239
433428 0.0110545
433594 0.0111851
433760 0.0113157
433926 0.0114463
434092 0.0115769
434258 0.0117074
434424 0.011838
434590 0.0119686
434755 0.0120991
434921 0.0122297
435087 0.0123602
435253 0.0124911
435424 0.0126252
435594 0.0127592
435764 0.0128932
435935 0.0130273
436105 0.0131613
436275 0.0132953
436445 0.0134293
436616 0.0135633
436786 0.0136973
436956 0.0138312
437126 0.0139652
437296 0.0140992
437467 0.0142331
437637 0.0143671
437807 0.014501
437977 0.014635
438147 0.0147689
438317 0.0149028
438488 0.0150367
438658 0.0151706
438828 0.0153046
438998 0.0154385
439168 0.0155724
439338 0.0157063
439508 0.0158401
439678 0.015974
439849 0.0161079
440019 0.0162418
440189 0.0163756
440359 0.0165095
440529 0.0166433
440699 0.0167772
440869 0.016911
441039 0.0170448
441209 0.0171787
441379 0.0173125
441549 0.0174463
441719 0.0175801
441889 0.0177139
442059 0.0178477
442229 0.0179815
442399 0.0181153
442569 0.018249
442739 0.0183828
442909 0.0185166
443079 0.0186503
443249 0.0187841
443418 0.0189178
443588 0.0190516
443758 0.0191853
443928 0.019319
444098 0.0194527
444268 0.0195864
444438 0.0197201
444608 0.0198538
444777 0.0199875
444947 0.0201212
445117 0.0202548
445287 0.0203885
445457 0.0205222
445627 0.0206558
445796 0.0207894
445966 0.0209231
446136 0.0210567
446306 0.0211903
446475 0.0213239
446645 0.0214575
446815 0.0215911
446985 0.0217247
447154 0.0218583
447324 0.0219921
447494 0.022126
447665 0.0222599
447835 0.0223938
448005 0.0225277
448175 0.0226616
448345 0.0227954
448515 0.0229293
448685 0.0230631
448855 0.023197
449025 0.0233308
449195 0.0234646
449365 0.0235984
449535 0.0237323
449705 0.0238661
449875 0.0239998
450045 0.0241336
450215 0.0242674
450385 0.0244012
450555 0.0245349
450725 0.0246687
450895 0.0248024
451065 0.0249361
451235 0.0250699
451404 0.0252036
451574 0.0253373
451744 0.025471
451914 0.0256047
452084 0.0257383
452254 0.025872
452423 0.0260056
452593 0.0261393
452763 0.0262729
452933 0.0264066
453103 0.0265402
453272 0.0266738
453442 0.0268074
453612 0.026941
453781 0.0270745
453951 0.0272081
454121 0.0273417
454291 0.0274752
454460 0.0276087
454630 0.0277423
454799 0.0278758
454969 0.0280093
455139 0.0281428
455308 0.0282763
455478 0.0284097
455647 0.0285432
455817 0.0286767
455986 0.0288101
456156 0.0289435
456326 0.029077
456495 0.0292104
456664 0.0293438
456834 0.0294771
457003 0.0296105
457173 0.0297439
457342 0.0298772
457512 0.0300106
457681 0.0301439
457850 0.0302772
458020 0.0304105
458189 0.0305438
458358 0.0306771
458528 0.0308104
458697 0.0309436
458866 0.0310769
