-2.92321e-05 0.000111308 0.000111362 7.33484e-30
-1.55648e-05 0.000265703 0.000267013 1.47623e-33
4.78792e-06 0.000415109 0.000416676 3.4292e-37
2.75714e-05 0.000559244 0.000561084 8.53147e-41
5.05681e-05 0.000696427 0.000698282 2.19e-44
7.36829e-05 0.000827963 0.000829684 5.70826e-48
9.59802e-05 0.000955255 0.000956606 1.50033e-51
0.000119169 0.00108142 0.00108282 3.96329e-55
0.000142042 0.00120603 0.00120706 1.05035e-58
0.000164526 0.00132866 0.00132947 2.78965e-62
0.000187075 0.00145024 0.00145045 7.42004e-66
0.000209524 0.00157272 0.00157226 1.97561e-69
0.000231941 0.0016938 0.00169276 5.26381e-73
0.00025477 0.00181503 0.00181305 1.40316e-76
0.00027765 0.00193644 0.00193365 3.74164e-80
0.000300776 0.00205748 0.00205363 9.97968e-84
0.000324285 0.00218144 0.00217679 2.66221e-87
0.000348868 0.00230973 0.00230498 7.10265e-91
0.000374974 0.0024426 0.00243803 1.89511e-94
0.000402725 0.0025834 0.00257871 5.0568e-98
0.000432455 0.0027315 0.00272642 1.34939e-101
0.000465507 0.00289327 0.00288777 3.60093e-105
0.000502074 0.00306897 0.00306283 9.60957e-109
0.000541106 0.00325326 0.0032468 2.56451e-112
0.000583462 0.00345121 0.00344405 6.84405e-116
0.00063215 0.00366837 0.00366075 1.82654e-119
0.00068499 0.0038996 0.00389164 4.87478e-123
0.000740311 0.00414069 0.00413261 1.30103e-126
0.00079746 0.00438828 0.0043801 3.47235e-130
0.00085795 0.00464746 0.00463924 9.26759e-134
0.000923287 0.00492387 0.00491544 2.47353e-137
0.000992131 0.00521274 0.00520357 6.60195e-141
0.00106324 0.00551168 0.00550182 1.76211e-144
0.00113532 0.00581537 0.00580522 4.70328e-148
0.00120805 0.00612235 0.00611196 1.25538e-151
0.00128196 0.0064339 0.00642323 3.35084e-155
0.0013583 0.00675387 0.00674284 8.94412e-159
0.00143888 0.00708699 0.00707515 2.38741e-162
0.00152497 0.00743431 0.00742224 6.3727e-166
0.00161247 0.00778585 0.00777351 1.70108e-169
0.00170129 0.00814312 0.00813067 4.5408e-173
0.00179046 0.00850214 0.00848961 1.21212e-176
0.00187982 0.00886224 0.00884967 3.23566e-180
0.00196927 0.00922317 0.00921057 8.63748e-184
0.00205874 0.00958461 0.009572 2.30577e-187
0.00214831 0.00994697 0.0099342 6.15534e-191
0.00223801 0.0103105 0.0102973 1.64321e-194
0.00232787 0.010675 0.0106616 4.38671e-198
0.00241805 0.0110412 0.0110275 1.17109e-201
0.00250878 0.0114097 0.0113959 3.12642e-205
0.0026004 0.0117817 0.0117677 8.34662e-209
0.00269331 0.0121585 0.0121442 2.22833e-212
0.00278773 0.0125409 0.0125264 5.94912e-216
0.00288367 0.0129291 0.0129144 1.5883e-219
0.00298082 0.0133225 0.0133075 4.2405e-223
0.00307885 0.01372 0.0137048 1.13216e-226
0.00317783 0.014123 0.0141076 3.02275e-230
0.00327727 0.0145287 0.0145131 8.07057e-234
0.00337698 0.0149362 0.0149204 2.15482e-237
0.00347717 0.0153461 0.0153289 5.75338e-241
0.00357875 0.0157581 0.0157402 1.53617e-244
0.00368175 0.0161736 0.0161532 4.10169e-248
0.00378601 0.0165903 0.0165698 1.09519e-251
0.00389036 0.0170081 0.0169875 2.92432e-255
0.00399476 0.0174269 0.0174061 7.80844e-259
0.00409946 0.0178495 0.0178288 2.08501e-262
0.00420426 0.0182736 0.0182528 5.56747e-266
0.00430909 0.0186983 0.0186775 1.48667e-269
0.00441395 0.0191235 0.0191027 3.96985e-273
0.00451882 0.0195493 0.0195285 1.06008e-276
0.00462371 0.0199756 0.0199548 2.83081e-280
0.00472862 0.0204026 0.0203817 7.55939e-284
0.00483356 0.0208301 0.0208092 2.01868e-287
0.00493854 0.0212583 0.0212374 5.39082e-291
0.00504362 0.0216873 0.0216666 1.43962e-294
0.00514879 0.0221174 0.0220965 3.84454e-298
0.00525399 0.0225481 0.0225271 1.02671e-301
0.00535919 0.0229794 0.0229583 2.74192e-305
0.00546438 0.0234112 0.0233899 7.32263e-309
0.00556957 0.0238436 0.0238222 1.95562e-312
0.00567472 0.0242794 0.024258 5.22286e-316
0.00577984 0.0247157 0.0246943 1.39485e-319
0.00588493 0.0251521 0.0251307 3.95253e-323
0.00598999 0.0255887 0.0255673 0
0.00609504 0.0260254 0.026004 0
0.00620005 0.0264623 0.026441 0
0.00630503 0.0268994 0.026878 0
0.00640998 0.0273366 0.0273152 0
0.00651488 0.0277739 0.0277526 0
0.00661973 0.0282113 0.02819 0
0.00672455 0.0286488 0.0286276 0
0.00682933 0.0290864 0.0290654 0
0.00693407 0.0295242 0.0295033 0
0.00703878 0.0299622 0.0299413 0
0.00714346 0.0304003 0.0303795 0
0.00724809 0.0308386 0.0308179 0
0.00735269 0.0312771 0.0312564 0
0.00745729 0.0317158 0.0316953 0
0.00756187 0.0321548 0.0321345 0
0.00766646 0.0325942 0.0325738 0
0.00777099 0.0330337 0.0330134 0
0.00787548 0.0334734 0.033453 0
0.00797992 0.0339132 0.0338928 0
0.00808431 0.0343531 0.0343327 0
0.00818866 0.0347932 0.0347728 0
0.00829295 0.0352334 0.035213 0
0.00839719 0.0356738 0.0356534 0
0.00850138 0.0361143 0.0360939 0
0.00860505 0.0365564 0.0365361 0
0.00870865 0.0369987 0.0369784 0
0.00881224 0.037441 0.0374208 0
0.0089158 0.0378834 0.0378632 0
0.00901934 0.0383258 0.0383057 0
0.0091228 0.0387683 0.0387481 0
0.00922607 0.0392109 0.0391905 0
0.00932929 0.0396535 0.0396331 0
0.00943251 0.0400962 0.0400758 0
0.0095357 0.0405389 0.0405185 0
0.00963886 0.0409817 0.0409612 0
0.009742 0.0414245 0.041404 0
0.00984512 0.0418673 0.0418468 0
0.00994821 0.0423102 0.0422896 0
0.0100513 0.0427531 0.0427325 0
0.0101543 0.043196 0.0431754 0
0.0102573 0.043639 0.0436184 0
0.0103603 0.044082 0.0440614 0
0.0104633 0.0445251 0.0445044 0
0.0105662 0.0449682 0.0449475 0
0.0106691 0.0454113 0.0453906 0
0.010772 0.0458545 0.0458337 0
0.0108748 0.0462978 0.046277 0
0.0109777 0.0467411 0.0467202 0
0.0110805 0.0471844 0.0471635 0
0.0111833 0.0476278 0.0476069 0
0.011286 0.0480712 0.0480503 0
0.0113887 0.0485147 0.0484937 0
0.0114914 0.0489582 0.0489372 0
0.0115941 0.0494017 0.0493807 0
0.0116967 0.0498453 0.0498242 0
0.0117993 0.0502889 0.0502678 0
0.0119018 0.0507325 0.0507114 0
0.0120044 0.0511762 0.0511551 0
0.0121068 0.0516199 0.0515988 0
0.0122093 0.0520637 0.0520425 0
0.0123117 0.0525075 0.0524863 0
0.0124141 0.0529512 0.05293 0
0.0125164 0.053395 0.0533738 0
0.0126187 0.0538388 0.0538176 0
0.012721 0.0542827 0.0542614 0
0.0128233 0.0547266 0.0547053 0
0.0129255 0.0551706 0.0551493 0
0.0130276 0.0556146 0.0555931 0
0.0131296 0.0560583 0.0560367 0
0.0132316 0.0565017 0.0564802 0
0.0133335 0.0569452 0.0569238 0
0.0134354 0.0573887 0.0573675 0
0.0135372 0.0578323 0.0578112 0
0.0136391 0.058275 0.058254 0
0.013741 0.0587161 0.0586951 0
0.0138429 0.0591573 0.0591362 0
0.0139447 0.0595985 0.0595773 0
0.0140465 0.0600397 0.0600185 0
0.0141483 0.060481 0.0604597 0
0.0142501 0.0609223 0.060901 0
0.0143518 0.0613636 0.0613422 0
0.0144534 0.061805 0.0617836 0
0.0145551 0.0622466 0.062225 0
0.0146567 0.0626882 0.0626665 0
0.0147583 0.0631299 0.063108 0
0.0148598 0.0635716 0.0635495 0
0.0149613 0.0640133 0.063991 0
0.0150627 0.064455 0.0644325 0
0.0151641 0.0648967 0.0648741 0
0.0152654 0.0653385 0.0653156 0
0.0153667 0.0657802 0.0657572 0
0.015468 0.066222 0.0661988 0
0.0155692 0.0666639 0.0666405 0
0.0156704 0.0671058 0.0670822 0
0.0157708 0.0675485 0.0675246 0
0.0158711 0.0679912 0.0679672 0
0.0159713 0.0684338 0.0684095 0
0.0160713 0.0688762 0.0688515 0
0.0161712 0.0693179 0.0692933 0
