-1.60018 162.719 -1.60297 -11.8707 -1.88096e-19 11.8639 1.60018 -162.719 1.60297 0.0222724 1.88096e-19 -0.0358746
-2.46547 162.65 -2.51327 -19.2633 -5.56671e-23 19.1574 2.46547 -162.65 2.51327 0.616297 5.56671e-23 -0.858787
-2.99298 162.595 -3.04535 -23.6562 -1.69173e-26 23.5477 2.99298 -162.595 3.04535 0.967755 1.69173e-26 -1.24112
-3.43883 162.621 -3.49404 -27.2325 -5.02912e-30 27.1226 3.43883 -162.621 3.49404 1.11049 5.02912e-30 -1.40308
-3.84542 162.723 -3.89646 -30.3724 -1.38486e-33 30.2738 3.84542 -162.723 3.89646 1.15357 1.38486e-33 -1.42703
-4.22666 162.871 -4.27437 -33.2629 -3.12723e-37 33.1707 4.22666 -162.871 4.27437 1.12553 3.12723e-37 -1.38114
-4.59399 163.106 -4.63606 -36.0036 -2.77166e-41 35.9241 4.59399 -163.106 4.63606 1.06496 2.77166e-41 -1.2922
-4.94909 163.215 -4.98791 -38.6738 2.9845e-44 38.6005 4.94909 -163.215 4.98791 1.00624 -2.9845e-44 -1.2159
-5.29935 163.502 -5.33024 -41.2613 2.97744e-47 41.2026 5.29935 -163.502 5.33024 0.932298 -2.97744e-47 -1.09878
-5.64722 163.68 -5.67681 -43.827 1.99294e-50 43.7698 5.64722 -163.68 5.67681 0.806248 -1.99294e-50 -0.964723
-6.00791 163.862 -6.02802 -46.3859 1.16729e-53 46.3472 6.00791 -163.862 6.02802 0.639132 -1.16729e-53 -0.747121
-6.34962 163.563 -6.35536 -48.8108 6.41332e-57 48.7997 6.34962 -163.563 6.35536 0.517533 -6.41332e-57 -0.548226
-6.6991 163.681 -6.69392 -51.2735 3.40047e-60 51.2835 6.6991 -163.681 6.69392 0.346967 -3.40047e-60 -0.319228
-7.05307 163.818 -7.03635 -53.7398 1.76486e-63 53.7723 7.05307 -163.818 7.03635 0.151384 -1.76486e-63 -0.06199
-7.40697 163.899 -7.37565 -56.1925 9.0373e-67 56.2533 7.40697 -163.899 7.37565 -0.0345415 -9.0373e-67 0.201971
-7.76082 164.017 -7.71994 -58.6538 4.58758e-70 58.7338 7.76082 -164.017 7.71994 -0.248893 -4.58758e-70 0.466836
-8.11749 164.137 -8.06373 -61.1101 2.31545e-73 61.2154 8.11749 -164.137 8.06373 -0.464831 -2.31545e-73 0.751446
-8.45733 163.628 -8.38437 -63.4571 1.16419e-76 63.6008 8.45733 -163.628 8.38437 -0.610279 -1.16419e-76 0.998391
-8.80736 163.904 -8.73042 -65.9023 5.83843e-80 66.0548 8.80736 -163.904 8.73042 -0.856624 -5.83843e-80 1.26512
-9.14552 164.055 -9.06921 -68.3191 2.9229e-83 68.4703 9.14552 -164.055 9.06921 -1.0765 -2.9229e-83 1.48163
-9.46683 163.647 -9.38245 -70.6254 1.46157e-86 70.7944 9.46683 -163.647 9.38245 -1.2092 -1.46157e-86 1.65541
-9.80676 163.794 -9.71479 -73.018 7.30269e-90 73.2029 9.80676 -163.794 9.71479 -1.40628 -7.30269e-90 1.89188
-10.1452 163.904 -10.0425 -75.3965 3.64679e-93 75.603 10.1452 -163.904 10.0425 -1.58313 -3.64679e-93 2.12554
-10.48 163.99 -10.368 -77.7673 1.82046e-96 77.9924 10.48 -163.99 10.368 -1.75154 -1.82046e-96 2.34284
-10.8012 163.697 -10.6838 -80.0682 9.08548e-100 80.3096 10.8012 -163.697 10.6838 -1.90935 -9.08548e-100 2.52383
-11.1385 163.81 -11.0106 -82.4333 4.5336e-103 82.6924 11.1385 -163.81 11.0106 -2.09322 -4.5336e-103 2.76646
-11.4721 163.896 -11.3352 -84.7875 2.262e-106 85.0648 11.4721 -163.896 11.3352 -2.27101 -2.262e-106 2.99168
-11.8009 163.964 -11.6584 -87.136 1.12853e-109 87.4248 11.8009 -163.964 11.6584 -2.44467 -1.12853e-109 3.19495
-12.1185 163.707 -11.9716 -89.4169 5.63011e-113 89.7253 12.1185 -163.707 11.9716 -2.60359 -5.63011e-113 3.36619
-12.4535 163.821 -12.2958 -91.7598 2.80872e-116 92.091 12.4535 -163.821 12.2958 -2.79085 -2.80872e-116 3.60933
-12.7831 163.903 -12.6185 -94.0954 1.40119e-119 94.4411 12.7831 -163.903 12.6185 -2.97449 -1.40119e-119 3.82895
-13.1102 163.964 -12.9378 -96.4204 6.99009e-123 96.7823 13.1102 -163.964 12.9378 -3.14314 -6.99009e-123 4.03783
-13.4357 164.014 -13.2551 -98.739 3.48715e-126 99.1182 13.4357 -164.014 13.2551 -3.30296 -3.48715e-126 4.24041
-13.7452 163.751 -13.5636 -100.994 1.73964e-129 101.386 13.7452 -163.751 13.5636 -3.45155 -1.73964e-129 4.38397
-14.071 163.865 -13.8821 -103.311 8.6787e-133 103.722 14.071 -163.865 13.8821 -3.62531 -8.6787e-133 4.59088
-14.3947 163.944 -14.1977 -105.616 4.32966e-136 106.045 14.3947 -163.944 14.1977 -3.78704 -4.32966e-136 4.7941
-14.7153 164.003 -14.5114 -107.915 2.16002e-139 108.359 14.7153 -164.003 14.5114 -3.94127 -2.16002e-139 4.98381
-15.0208 163.721 -14.8098 -110.14 1.07763e-142 110.6 15.0208 -163.721 14.8098 -4.04434 -1.07763e-142 5.12311
-15.3339 163.747 -15.1176 -112.42 5.3763e-146 112.891 15.3339 -163.747 15.1176 -4.17297 -5.3763e-146 5.27924
-15.6441 163.839 -15.4244 -114.702 2.68229e-149 115.18 15.6441 -163.839 15.4244 -4.29496 -2.68229e-149 5.41901
-15.9521 163.95 -15.733 -116.98 1.33824e-152 117.465 15.9521 -163.95 15.733 -4.43539 -1.33824e-152 5.54732
-16.2619 164.06 -16.0391 -119.25 6.6768e-156 119.749 16.2619 -164.06 16.0391 -4.56588 -6.6768e-156 5.69054
-16.5601 163.829 -16.3303 -121.447 3.33127e-159 121.962 16.5601 -163.829 16.3303 -4.64603 -3.33127e-159 5.80616
-16.8646 163.862 -16.6308 -123.694 1.6621e-162 124.218 16.8646 -163.862 16.6308 -4.75456 -1.6621e-162 5.935
-17.1671 163.897 -16.9294 -125.936 8.29297e-166 126.468 17.1671 -163.897 16.9294 -4.85486 -8.29297e-166 6.05521
-17.468 163.925 -17.2258 -128.17 4.1378e-169 128.712 17.468 -163.925 17.2258 -4.94718 -4.1378e-169 6.16988
-17.7672 163.947 -17.5208 -130.398 2.0646e-172 130.95 17.7672 -163.947 17.5208 -5.03479 -2.0646e-172 6.27911
-18.064 163.967 -17.8146 -132.619 1.03017e-175 133.178 18.064 -163.967 17.8146 -5.11935 -1.03017e-175 6.37912
-18.3579 163.988 -18.1058 -134.832 5.14029e-179 135.396 18.3579 -163.988 18.1058 -5.19541 -5.14029e-179 6.46858
-18.6381 163.742 -18.3838 -136.977 2.56491e-182 137.547 18.6381 -163.742 18.3838 -5.22786 -2.56491e-182 6.51176
-18.9244 163.776 -18.6721 -139.169 1.27987e-185 139.74 18.9244 -163.776 18.6721 -5.30322 -1.27987e-185 6.57177
-19.2098 163.833 -18.9586 -141.349 6.38649e-189 141.926 19.2098 -163.833 18.9586 -5.37827 -6.38649e-189 6.63316
-19.4955 163.893 -19.2417 -143.514 3.18689e-192 144.1 19.4955 -163.893 19.2417 -5.44405 -3.18689e-192 6.7086
-19.7792 163.931 -19.5218 -145.661 1.59029e-195 146.255 19.7792 -163.931 19.5218 -5.50487 -1.59029e-195 6.78779
-20.0595 163.954 -19.7993 -147.79 7.93585e-199 148.39 20.0595 -163.954 19.7993 -5.56428 -7.93585e-199 6.8612
-20.3371 163.972 -20.0735 -149.899 3.9602e-202 150.507 20.3371 -163.972 20.0735 -5.61894 -3.9602e-202 6.93292
-20.6107 163.99 -20.3444 -151.989 1.97627e-205 152.603 20.6107 -163.99 20.3444 -5.66947 -1.97627e-205 6.99695
-20.8715 163.763 -20.601 -154.003 9.86237e-209 154.627 20.8715 -163.763 20.601 -5.67642 -9.86237e-209 7.02456
-21.1366 163.764 -20.8639 -156.044 4.92179e-212 156.673 21.1366 -163.764 20.8639 -5.71581 -4.92179e-212 7.0751
-21.3983 163.774 -21.1229 -158.061 2.45624e-215 158.695 21.3983 -163.774 21.1229 -5.75213 -2.45624e-215 7.12467
-21.6551 163.784 -21.3778 -160.049 1.22581e-218 160.688 21.6551 -163.784 21.3778 -5.78623 -1.22581e-218 7.16859
-21.9074 163.791 -21.6287 -162.008 6.11765e-222 162.65 21.9074 -163.791 21.6287 -5.82006 -6.11765e-222 7.21005
-22.1547 163.801 -21.8749 -163.936 3.05317e-225 164.58 22.1547 -163.801 21.8749 -5.8513 -3.05317e-225 7.2465
-22.3971 163.808 -22.1166 -165.833 1.52378e-228 166.479 22.3971 -163.808 22.1166 -5.88078 -1.52378e-228 7.27977
-22.6352 163.813 -22.3541 -167.7 7.60504e-232 168.347 22.6352 -163.813 22.3541 -5.9093 -7.60504e-232 7.31185
-22.8688 163.82 -22.5869 -169.536 3.79565e-235 170.185 22.8688 -163.82 22.5869 -5.93428 -3.79565e-235 7.34079
-23.0983 163.824 -22.815 -171.341 1.89442e-238 171.993 23.0983 -163.824 22.815 -5.95639 -1.89442e-238 7.3698
-23.3231 163.829 -23.0384 -173.113 9.45525e-242 173.768 23.3231 -163.829 23.0384 -5.97684 -9.45525e-242 7.39778
-23.5427 163.833 -23.2568 -174.85 4.71928e-245 175.508 23.5427 -163.833 23.2568 -5.9961 -4.71928e-245 7.42315
-23.7569 163.836 -23.4697 -176.549 2.35551e-248 177.209 23.7569 -163.836 23.4697 -6.01329 -2.35551e-248 7.44725
-23.9575 163.645 -23.6687 -178.169 1.17571e-251 178.832 23.9575 -163.645 23.6687 -5.99446 -1.17571e-251 7.43642
-24.1598 163.647 -23.8714 -179.792 5.8684e-255 180.456 24.1598 -163.647 23.8714 -6.01316 -5.8684e-255 7.45159
-24.357 163.663 -24.07 -181.382 2.92918e-258 182.046 24.357 -163.663 24.07 -6.03512 -2.92918e-258 7.4635
-24.5497 163.683 -24.2639 -182.941 1.46211e-261 183.606 24.5497 -163.683 24.2639 -6.05553 -1.46211e-261 7.47432
-24.7385 163.702 -24.4534 -184.469 7.29822e-265 185.135 24.7385 -163.702 24.4534 -6.07431 -7.29822e-265 7.48596
-24.9233 163.721 -24.6384 -185.966 3.64302e-268 186.635 24.9233 -163.721 24.6384 -6.09051 -3.64302e-268 7.49908
-25.1039 163.742 -24.8185 -187.432 1.81849e-271 188.102 25.1039 -163.742 24.8185 -6.10285 -1.81849e-271 7.51331
-25.279 163.756 -24.9934 -188.861 9.07753e-275 189.531 25.279 -163.756 24.9934 -6.1135 -9.07753e-275 7.5259
-25.4485 163.765 -25.1626 -190.25 4.53137e-278 190.92 25.4485 -163.765 25.1626 -6.12271 -4.53137e-278 7.53682
-25.6121 163.771 -25.3259 -191.597 2.26203e-281 192.267 25.6121 -163.771 25.3259 -6.13088 -2.26203e-281 7.54692
-25.7702 163.775 -25.4836 -192.903 1.1292e-284 193.573 25.7702 -163.775 25.4836 -6.1386 -1.1292e-284 7.55744
-25.9232 163.779 -25.6363 -194.172 5.63703e-288 194.842 25.9232 -163.779 25.6363 -6.14664 -5.63703e-288 7.56736
-26.072 163.781 -25.7847 -195.409 2.81408e-291 196.08 26.072 -163.781 25.7847 -6.15538 -2.81408e-291 7.57839
-26.2173 163.783 -25.9296 -196.619 1.40484e-294 197.291 26.2173 -163.783 25.9296 -6.16498 -1.40484e-294 7.59047
-26.3595 163.785 -26.0714 -197.807 7.01332e-298 198.48 26.3595 -163.785 26.0714 -6.17526 -7.01332e-298 7.6031
-26.4923 163.619 -26.2036 -198.942 3.50127e-301 199.615 26.4923 -163.619 26.2036 -6.15366 -3.50127e-301 7.58483
-26.6349 163.776 -26.3459 -200.117 1.74797e-304 200.79 26.6349 -163.776 26.3459 -6.1931 -1.74797e-304 7.6264
-26.7602 163.625 -26.4724 -201.211 8.72665e-308 201.876 26.7602 -163.625 26.4724 -6.17133 -8.72665e-308 7.60494
-26.8854 163.618 -26.5983 -202.291 4.35693e-311 202.951 26.8854 -163.618 26.5983 -6.17269 -4.35693e-311 7.60536
-27.0062 163.619 -26.7196 -203.338 2.50748e-314 203.996 27.0062 -163.619 26.7196 -6.17342 -2.50748e-314 7.60442
-27.1216 163.62 -26.8358 -204.35 -2.03444e-315 205.005 27.1216 -163.62 26.8358 -6.17254 2.03444e-315 7.60075
-27.2316 163.621 -26.9468 -205.325 -2.03444e-315 205.977 27.2316 -163.621 26.9468 -6.17044 2.03444e-315 7.59513
-27.3367 163.622 -27.0528 -206.264 -2.03444e-315 206.913 27.3367 -163.622 27.0528 -6.16798 2.03444e-315 7.58873
-27.4375 163.623 -27.1547 -207.172 -2.03444e-315 207.817 27.4375 -163.623 27.1547 -6.16632 2.03444e-315 7.58283
-27.5348 163.624 -27.2531 -208.053 -2.03444e-315 208.695 27.5348 -163.624 27.2531 -6.16642 2.03444e-315 7.57805
-27.6294 163.625 -27.3489 -208.913 -2.03444e-315 209.552 27.6294 -163.625 27.3489 -6.16842 2.03444e-315 7.57493
-27.7219 163.626 -27.4425 -209.755 -2.03444e-315 210.391 27.7219 -163.626 27.4425 -6.17184 2.03444e-315 7.57302
-27.8128 163.628 -27.5342 -210.584 -2.03444e-315 211.217 27.8128 -163.628 27.5342 -6.17619 2.03444e-315 7.57337
-27.9025 163.63 -27.6243 -211.399 -2.03444e-315 212.032 27.9025 -163.63 27.6243 -6.18151 2.03444e-315 7.57699
-27.9912 163.632 -27.7128 -212.202 -2.03444e-315 212.835 27.9912 -163.632 27.7128 -6.18757 2.03444e-315 7.58459
-28.0791 163.634 -27.7996 -212.992 -2.03444e-315 213.627 28.0791 -163.634 27.7996 -6.19425 2.03444e-315 7.59699
-28.1657 163.637 -27.8846 -213.768 -2.03444e-315 214.406 28.1657 -163.637 27.8846 -6.20157 2.03444e-315 7.61281
-28.25 163.639 -27.9676 -214.529 -2.03444e-315 215.169 28.25 -163.639 27.9676 -6.20971 2.03444e-315 7.62807
-28.3314 163.641 -28.0484 -215.272 -2.03444e-315 215.913 28.3314 -163.641 28.0484 -6.21888 2.03444e-315 7.64153
-28.4094 163.643 -28.1262 -215.995 -2.03444e-315 216.635 28.4094 -163.643 28.1262 -6.22778 2.03444e-315 7.65255
-28.4837 163.645 -28.2005 -216.693 -2.03444e-315 217.331 28.4837 -163.645 28.2005 -6.23488 2.03444e-315 7.66087
-28.5538 163.647 -28.2708 -217.365 -2.03444e-315 218.001 28.5538 -163.647 28.2708 -6.23967 2.03444e-315 7.66628
-28.6195 163.648 -28.3369 -218.008 -2.03444e-315 218.641 28.6195 -163.648 28.3369 -6.24211 2.03444e-315 7.66911
-28.6811 163.648 -28.3987 -218.621 -2.03444e-315 219.253 28.6811 -163.648 28.3987 -6.2427 2.03444e-315 7.6701
-28.7388 163.649 -28.4566 -219.208 -2.03444e-315 219.837 28.7388 -163.649 28.4566 -6.24229 2.03444e-315 7.67031
-28.7932 163.65 -28.511 -219.769 -2.03444e-315 220.397 28.7932 -163.65 28.511 -6.24178 2.03444e-315 7.6709
-28.8449 163.65 -28.5627 -220.309 -2.03444e-315 220.936 28.8449 -163.65 28.5627 -6.24205 2.03444e-315 7.67268
-28.8897 163.52 -28.6071 -220.81 -2.03444e-315 221.436 28.8897 -163.52 28.6071 -6.2141 2.03444e-315 7.64724
-28.9422 163.641 -28.6594 -221.337 -2.03444e-315 221.964 28.9422 -163.641 28.6594 -6.24462 2.03444e-315 7.67935
-28.9844 163.522 -28.7012 -221.815 -2.03444e-315 222.442 28.9844 -163.522 28.7012 -6.22192 2.03444e-315 7.65967
-29.0299 163.515 -28.7461 -222.301 -2.03444e-315 222.929 29.0299 -163.515 28.7461 -6.22618 2.03444e-315 7.6666
-29.0747 163.515 -28.7905 -222.781 -2.03444e-315 223.41 29.0747 -163.515 28.7905 -6.23334 2.03444e-315 7.67647
-29.1189 163.517 -28.8342 -223.255 -2.03444e-315 223.884 29.1189 -163.517 28.8342 -6.24151 2.03444e-315 7.68741
-29.1624 163.518 -28.8772 -223.723 -2.03444e-315 224.354 29.1624 -163.518 28.8772 -6.25079 2.03444e-315 7.69905
-29.2054 163.52 -28.9198 -224.187 -2.03444e-315 224.818 29.2054 -163.52 28.9198 -6.26113 2.03444e-315 7.71149
-29.2478 163.521 -28.9618 -224.646 -2.03444e-315 225.278 29.2478 -163.521 28.9618 -6.27209 2.03444e-315 7.72489
-29.2898 163.523 -29.0034 -225.1 -2.03444e-315 225.733 29.2898 -163.523 29.0034 -6.28419 2.03444e-315 7.73899
-29.3315 163.524 -29.0445 -225.551 -2.03444e-315 226.185 29.3315 -163.524 29.0445 -6.29696 2.03444e-315 7.75466
-29.3726 163.525 -29.0851 -225.997 -2.03444e-315 226.633 29.3726 -163.525 29.0851 -6.31013 2.03444e-315 7.77064
-29.4131 163.527 -29.1251 -226.44 -2.03444e-315 227.076 29.4131 -163.527 29.1251 -6.32357 2.03444e-315 7.78675
-29.4531 163.528 -29.1646 -226.877 -2.03444e-315 227.515 29.4531 -163.528 29.1646 -6.3372 2.03444e-315 7.80297
-29.4925 163.53 -29.2035 -227.311 -2.03444e-315 227.949 29.4925 -163.53 29.2035 -6.35098 2.03444e-315 7.81927
-29.5311 163.532 -29.2423 -227.74 -2.03444e-315 228.378 29.5311 -163.532 29.2423 -6.36782 2.03444e-315 7.83553
-29.57 163.532 -29.2803 -228.164 -2.03444e-315 228.803 29.57 -163.532 29.2803 -6.38524 2.03444e-315 7.85785
-29.6082 163.534 -29.3175 -228.582 -2.03444e-315 229.223 29.6082 -163.534 29.3175 -6.40253 2.03444e-315 7.88021
-29.6454 163.536 -29.3539 -228.993 -2.03444e-315 229.636 29.6454 -163.536 29.3539 -6.41958 2.03444e-315 7.90203
-29.6794 163.538 -29.3875 -229.389 -2.03444e-315 230.032 29.6794 -163.538 29.3875 -6.43323 2.03444e-315 7.91826
-29.7112 163.539 -29.4191 -229.771 -2.03444e-315 230.414 29.7112 -163.539 29.4191 -6.44441 2.03444e-315 7.93098
-29.7418 163.54 -29.4495 -230.146 -2.03444e-315 230.789 29.7418 -163.54 29.4495 -6.45537 2.03444e-315 7.94325
-29.7711 163.54 -29.4787 -230.512 -2.03444e-315 231.154 29.7711 -163.54 29.4787 -6.46594 2.03444e-315 7.955
-29.7989 163.541 -29.5065 -230.868 -2.03444e-315 231.509 29.7989 -163.541 29.5065 -6.47603 2.03444e-315 7.96622
-29.8251 163.541 -29.5328 -231.213 -2.03444e-315 231.854 29.8251 -163.541 29.5328 -6.48566 2.03444e-315 7.97685
-29.8497 163.541 -29.5574 -231.547 -2.03444e-315 232.186 29.8497 -163.541 29.5574 -6.49478 2.03444e-315 7.98708
-29.8728 163.541 -29.5803 -231.869 -2.03444e-315 232.507 29.8728 -163.541 29.5803 -6.50419 2.03444e-315 7.99774
-29.8942 163.541 -29.6017 -232.178 -2.03444e-315 232.815 29.8942 -163.541 29.6017 -6.51396 2.03444e-315 8.0091
-29.9141 163.541 -29.6214 -232.475 -2.03444e-315 233.112 29.9141 -163.541 29.6214 -6.52394 2.03444e-315 8.02093
-29.9324 163.541 -29.6395 -232.76 -2.03444e-315 233.397 29.9324 -163.541 29.6395 -6.53424 2.03444e-315 8.0333
-29.9493 163.541 -29.656 -233.034 -2.03444e-315 233.67 29.9493 -163.541 29.656 -6.54503 2.03444e-315 8.04647
-29.96 163.543 -29.6743 -233.316 -2.03444e-315 233.907 29.96 -163.543 29.6743 -6.56039 2.03444e-315 8.05134
-29.9724 163.546 -29.6872 -233.564 -2.03444e-315 234.15 29.9724 -163.546 29.6872 -6.56988 2.03444e-315 8.06221
-29.979 163.55 -29.7021 -233.819 -2.03444e-315 234.36 29.979 -163.55 29.7021 -6.58783 2.03444e-315 8.06447
-29.9866 163.553 -29.7135 -234.05 -2.03444e-315 234.568 29.9866 -163.553 29.7135 -6.60357 2.03444e-315 8.07659
-29.9954 163.553 -29.7216 -234.259 -2.03444e-315 234.778 29.9954 -163.553 29.7216 -6.61701 2.03444e-315 8.09447
-30.0032 163.553 -29.7287 -234.461 -2.03444e-315 234.98 30.0032 -163.553 29.7287 -6.6307 2.03444e-315 8.1126
-30.0101 163.554 -29.7348 -234.656 -2.03444e-315 235.176 30.0101 -163.554 29.7348 -6.64438 2.03444e-315 8.13062
-30.0138 163.56 -29.7382 -234.835 -2.03444e-315 235.355 30.0138 -163.56 29.7382 -6.65462 2.03444e-315 8.14281
-30.0142 163.558 -29.7387 -234.996 -2.03444e-315 235.516 30.0142 -163.558 29.7387 -6.65993 2.03444e-315 8.14841
-30.0141 163.558 -29.7385 -235.152 -2.03444e-315 235.673 30.0141 -163.558 29.7385 -6.66553 2.03444e-315 8.15425
-30.0134 163.558 -29.7378 -235.305 -2.03444e-315 235.825 30.0134 -163.558 29.7378 -6.67108 2.03444e-315 8.16
-30.0121 163.559 -29.7366 -235.455 -2.03444e-315 235.974 30.0121 -163.559 29.7366 -6.67655 2.03444e-315 8.1656
-30.0104 163.559 -29.7349 -235.601 -2.03444e-315 236.12 30.0104 -163.559 29.7349 -6.68193 2.03444e-315 8.17107
-30.0083 163.56 -29.7328 -235.743 -2.03444e-315 236.263 30.0083 -163.56 29.7328 -6.68729 2.03444e-315 8.17627
-30.0057 163.56 -29.7303 -235.884 -2.03444e-315 236.403 30.0057 -163.56 29.7303 -6.69258 2.03444e-315 8.18134
-30.0028 163.561 -29.7274 -236.021 -2.03444e-315 236.54 30.0028 -163.561 29.7274 -6.69796 2.03444e-315 8.18631
-29.9996 163.562 -29.7243 -236.157 -2.03444e-315 236.675 29.9996 -163.562 29.7243 -6.70331 2.03444e-315 8.19139
-29.9961 163.562 -29.7208 -236.29 -2.03444e-315 236.808 29.9961 -163.562 29.7208 -6.70859 2.03444e-315 8.19664
-29.9921 163.564 -29.7171 -236.421 -2.03444e-315 236.939 29.9921 -163.564 29.7171 -6.71417 2.03444e-315 8.20047
-29.9874 163.565 -29.7133 -236.551 -2.03444e-315 237.067 29.9874 -163.565 29.7133 -6.72028 2.03444e-315 8.20201
-29.9826 163.565 -29.7094 -236.679 -2.03444e-315 237.193 29.9826 -163.565 29.7094 -6.72711 2.03444e-315 8.20421
-29.9776 163.566 -29.7049 -236.805 -2.03444e-315 237.318 29.9776 -163.566 29.7049 -6.73264 2.03444e-315 8.20725
-29.9726 163.567 -29.7001 -236.929 -2.03444e-315 237.442 29.9726 -163.567 29.7001 -6.73706 2.03444e-315 8.21078
-29.9671 163.568 -29.6951 -237.051 -2.03444e-315 237.563 29.9671 -163.568 29.6951 -6.74175 2.03444e-315 8.21313
-29.9609 163.569 -29.69 -237.173 -2.03444e-315 237.682 29.9609 -163.569 29.69 -6.74719 2.03444e-315 8.21199
-29.9543 163.57 -29.6847 -237.292 -2.03444e-315 237.8 29.9543 -163.57 29.6847 -6.75261 2.03444e-315 8.21076
-29.9476 163.571 -29.6792 -237.411 -2.03444e-315 237.916 29.9476 -163.571 29.6792 -6.7579 2.03444e-315 8.20966
-29.9409 163.572 -29.673 -237.527 -2.03444e-315 238.031 29.9409 -163.572 29.673 -6.76025 2.03444e-315 8.20944
-29.934 163.573 -29.6665 -237.641 -2.03444e-315 238.144 29.934 -163.573 29.6665 -6.76242 2.03444e-315 8.20945
-29.9268 163.573 -29.6605 -237.755 -2.03444e-315 238.255 29.9268 -163.573 29.6605 -6.76843 2.03444e-315 8.20901
-29.92 163.573 -29.6546 -237.866 -2.03444e-315 238.365 29.92 -163.573 29.6546 -6.77755 2.03444e-315 8.2132
-29.9142 163.572 -29.6483 -237.975 -2.03444e-315 238.475 29.9142 -163.572 29.6483 -6.78588 2.03444e-315 8.22422
-29.9082 163.572 -29.6417 -238.083 -2.03444e-315 238.584 29.9082 -163.572 29.6417 -6.79418 2.03444e-315 8.23581
-29.9019 163.573 -29.6349 -238.189 -2.03444e-315 238.69 29.9019 -163.573 29.6349 -6.80228 2.03444e-315 8.24707
-29.8954 163.573 -29.6279 -238.293 -2.03444e-315 238.796 29.8954 -163.573 29.6279 -6.81012 2.03444e-315 8.25792
-29.8887 163.574 -29.6205 -238.396 -2.03444e-315 238.9 29.8887 -163.574 29.6205 -6.81769 2.03444e-315 8.26835
-29.8816 163.576 -29.613 -238.497 -2.03444e-315 239.002 29.8816 -163.576 29.613 -6.82515 2.03444e-315 8.27845
-29.8708 163.579 -29.6023 -238.582 -2.03444e-315 239.086 29.8708 -163.579 29.6023 -6.82649 2.03444e-315 8.27923
-29.8584 163.577 -29.5903 -238.659 -2.03444e-315 239.162 29.8584 -163.577 29.5903 -6.82539 2.03444e-315 8.27657
-29.8466 163.576 -29.578 -238.734 -2.03444e-315 239.238 29.8466 -163.576 29.578 -6.8241 2.03444e-315 8.27771
-29.8348 163.576 -29.5657 -238.809 -2.03444e-315 239.314 29.8348 -163.576 29.5657 -6.82297 2.03444e-315 8.27933
-29.8229 163.576 -29.5534 -238.884 -2.03444e-315 239.39 29.8229 -163.576 29.5534 -6.82194 2.03444e-315 8.28097
-29.8109 163.577 -29.5409 -238.957 -2.03444e-315 239.464 29.8109 -163.577 29.5409 -6.82099 2.03444e-315 8.28266
-29.7989 163.577 -29.5284 -239.031 -2.03444e-315 239.539 29.7989 -163.577 29.5284 -6.8201 2.03444e-315 8.28441
-29.7868 163.577 -29.5158 -239.104 -2.03444e-315 239.612 29.7868 -163.577 29.5158 -6.81928 2.03444e-315 8.28621
-29.7747 163.577 -29.5032 -239.176 -2.03444e-315 239.685 29.7747 -163.577 29.5032 -6.81854 2.03444e-315 8.28807
-29.7624 163.578 -29.4905 -239.247 -2.03444e-315 239.758 29.7624 -163.578 29.4905 -6.81786 2.03444e-315 8.28998
-29.7501 163.578 -29.4777 -239.319 -2.03444e-315 239.83 29.7501 -163.578 29.4777 -6.81726 2.03444e-315 8.29195
-29.7379 163.577 -29.4648 -239.389 -2.03444e-315 239.901 29.7379 -163.577 29.4648 -6.81648 2.03444e-315 8.2951
-29.7263 163.576 -29.4517 -239.458 -2.03444e-315 239.973 29.7263 -163.576 29.4517 -6.81511 2.03444e-315 8.30201
-29.7146 163.576 -29.4385 -239.526 -2.03444e-315 240.044 29.7146 -163.576 29.4385 -6.81397 2.03444e-315 8.30867
-29.7027 163.577 -29.4252 -239.594 -2.03444e-315 240.115 29.7027 -163.577 29.4252 -6.81293 2.03444e-315 8.31527
-29.6908 163.577 -29.4119 -239.662 -2.03444e-315 240.185 29.6908 -163.577 29.4119 -6.81197 2.03444e-315 8.32186
-29.6788 163.577 -29.3985 -239.728 -2.03444e-315 240.254 29.6788 -163.577 29.3985 -6.81109 2.03444e-315 8.32846
-29.6667 163.577 -29.385 -239.795 -2.03444e-315 240.323 29.6667 -163.577 29.385 -6.81029 2.03444e-315 8.33506
-29.6545 163.578 -29.3715 -239.86 -2.03444e-315 240.391 29.6545 -163.578 29.3715 -6.80958 2.03444e-315 8.34165
-29.6421 163.577 -29.3582 -239.926 -2.03444e-315 240.459 29.6421 -163.577 29.3582 -6.8107 2.03444e-315 8.34783
-29.6296 163.577 -29.3449 -239.991 -2.03444e-315 240.525 29.6296 -163.577 29.3449 -6.81233 2.03444e-315 8.35392
-29.617 163.577 -29.3315 -240.055 -2.03444e-315 240.591 29.617 -163.577 29.3315 -6.81398 2.03444e-315 8.36002
-29.6044 163.578 -29.318 -240.119 -2.03444e-315 240.656 29.6044 -163.578 29.318 -6.81567 2.03444e-315 8.36612
-29.5916 163.578 -29.3045 -240.182 -2.03444e-315 240.721 29.5916 -163.578 29.3045 -6.81741 2.03444e-315 8.37221
-29.5788 163.578 -29.2909 -240.245 -2.03444e-315 240.785 29.5788 -163.578 29.2909 -6.81919 2.03444e-315 8.3783
-29.5659 163.578 -29.2772 -240.307 -2.03444e-315 240.848 29.5659 -163.578 29.2772 -6.82102 2.03444e-315 8.38438
-29.5528 163.578 -29.2634 -240.368 -2.03444e-315 240.91 29.5528 -163.578 29.2634 -6.82289 2.03444e-315 8.39045
-29.5397 163.578 -29.2495 -240.428 -2.03444e-315 240.972 29.5397 -163.578 29.2495 -6.82518 2.03444e-315 8.39678
-29.5266 163.578 -29.2357 -240.488 -2.03444e-315 241.033 29.5266 -163.578 29.2357 -6.8278 2.03444e-315 8.40349
-29.5134 163.578 -29.2217 -240.547 -2.03444e-315 241.094 29.5134 -163.578 29.2217 -6.83062 2.03444e-315 8.41034
-29.5001 163.578 -29.2077 -240.606 -2.03444e-315 241.153 29.5001 -163.578 29.2077 -6.83345 2.03444e-315 8.41715
-29.4866 163.579 -29.1936 -240.663 -2.03444e-315 241.212 29.4866 -163.579 29.1936 -6.83626 2.03444e-315 8.42389
-29.4731 163.579 -29.1793 -240.72 -2.03444e-315 241.271 29.4731 -163.579 29.1793 -6.83905 2.03444e-315 8.43056
-29.4593 163.579 -29.1651 -240.777 -2.03444e-315 241.328 29.4593 -163.579 29.1651 -6.84283 2.03444e-315 8.43689
-29.4454 163.582 -29.1509 -240.833 -2.03444e-315 241.384 29.4454 -163.582 29.1509 -6.84745 2.03444e-315 8.44292
-29.4308 163.583 -29.1371 -240.89 -2.03444e-315 241.437 29.4308 -163.583 29.1371 -6.85296 2.03444e-315 8.44788
-29.416 163.585 -29.1232 -240.947 -2.03444e-315 241.488 29.416 -163.585 29.1232 -6.85852 2.03444e-315 8.45239
-29.4014 163.587 -29.1088 -241.001 -2.03444e-315 241.541 29.4014 -163.587 29.1088 -6.86341 2.03444e-315 8.45731
-29.3868 163.587 -29.0941 -241.054 -2.03444e-315 241.593 29.3868 -163.587 29.0941 -6.86795 2.03444e-315 8.46252
-29.372 163.587 -29.0793 -241.105 -2.03444e-315 241.643 29.372 -163.587 29.0793 -6.87238 2.03444e-315 8.46756
-29.3571 163.587 -29.0644 -241.155 -2.03444e-315 241.693 29.3571 -163.587 29.0644 -6.87677 2.03444e-315 8.4724
-29.3419 163.587 -29.0493 -241.204 -2.03444e-315 241.742 29.3419 -163.587 29.0493 -6.8815 2.03444e-315 8.47699
-29.3265 163.587 -29.0343 -241.253 -2.03444e-315 241.789 29.3265 -163.587 29.0343 -6.88736 2.03444e-315 8.48118
-29.3109 163.586 -29.0195 -241.3 -2.03444e-315 241.835 29.3109 -163.586 29.0195 -6.8949 2.03444e-315 8.48544
-29.2955 163.586 -29.0045 -241.346 -2.03444e-315 241.879 29.2955 -163.586 29.0045 -6.90302 2.03444e-315 8.49148
-29.2804 163.585 -28.9892 -241.391 -2.03444e-315 241.923 29.2804 -163.585 28.9892 -6.91053 2.03444e-315 8.50094
-29.2653 163.584 -28.9736 -241.434 -2.03444e-315 241.966 29.2653 -163.584 28.9736 -6.91763 2.03444e-315 8.5115
-29.25 163.584 -28.9578 -241.475 -2.03444e-315 242.008 29.25 -163.584 28.9578 -6.92441 2.03444e-315 8.5218
-29.2345 163.584 -28.9417 -241.515 -2.03444e-315 242.049 29.2345 -163.584 28.9417 -6.93082 2.03444e-315 8.53156
-29.2186 163.584 -28.9255 -241.554 -2.03444e-315 242.087 29.2186 -163.584 28.9255 -6.93684 2.03444e-315 8.54077
-29.2025 163.584 -28.9089 -241.592 -2.03444e-315 242.125 29.2025 -163.584 28.9089 -6.94246 2.03444e-315 8.5494
-29.1861 163.584 -28.8922 -241.628 -2.03444e-315 242.161 29.1861 -163.584 28.8922 -6.94767 2.03444e-315 8.55746
-29.1694 163.584 -28.8751 -241.662 -2.03444e-315 242.195 29.1694 -163.584 28.8751 -6.95248 2.03444e-315 8.56496
-29.1525 163.584 -28.8579 -241.696 -2.03444e-315 242.228 29.1525 -163.584 28.8579 -6.95687 2.03444e-315 8.5719
-29.1352 163.589 -28.8403 -241.728 -2.03444e-315 242.26 29.1352 -163.589 28.8403 -6.96107 2.03444e-315 8.5784
-29.1144 163.589 -28.8199 -241.745 -2.03444e-315 242.275 29.1144 -163.589 28.8199 -6.95852 2.03444e-315 8.57544
-29.0932 163.587 -28.799 -241.758 -2.03444e-315 242.287 29.0932 -163.587 28.799 -6.95595 2.03444e-315 8.57217
-29.0719 163.586 -28.7779 -241.771 -2.03444e-315 242.298 29.0719 -163.586 28.7779 -6.95358 2.03444e-315 8.56898
-29.0504 163.586 -28.7568 -241.783 -2.03444e-315 242.309 29.0504 -163.586 28.7568 -6.95113 2.03444e-315 8.56572
-29.0289 163.586 -28.7355 -241.794 -2.03444e-315 242.319 29.0289 -163.586 28.7355 -6.94856 2.03444e-315 8.56237
-29.0072 163.586 -28.7141 -241.804 -2.03444e-315 242.328 29.0072 -163.586 28.7141 -6.94584 2.03444e-315 8.55897
-28.9855 163.586 -28.6926 -241.814 -2.03444e-315 242.336 28.9855 -163.586 28.6926 -6.94301 2.03444e-315 8.55554
-28.9637 163.586 -28.671 -241.823 -2.03444e-315 242.344 28.9637 -163.586 28.671 -6.94011 2.03444e-315 8.55211
-28.9417 163.586 -28.6493 -241.831 -2.03444e-315 242.351 28.9417 -163.586 28.6493 -6.93718 2.03444e-315 8.54871
-28.9197 163.586 -28.6275 -241.838 -2.03444e-315 242.358 28.9197 -163.586 28.6275 -6.93424 2.03444e-315 8.54536
-28.8977 163.585 -28.6056 -241.845 -2.03444e-315 242.364 28.8977 -163.585 28.6056 -6.9313 2.03444e-315 8.5421
-28.8756 163.585 -28.5836 -241.852 -2.03444e-315 242.37 28.8756 -163.585 28.5836 -6.92838 2.03444e-315 8.53896
-28.8534 163.585 -28.5615 -241.857 -2.03444e-315 242.375 28.8534 -163.585 28.5615 -6.92548 2.03444e-315 8.53594
-28.8312 163.585 -28.5394 -241.863 -2.03444e-315 242.379 28.8312 -163.585 28.5394 -6.92265 2.03444e-315 8.53307
-28.809 163.585 -28.5173 -241.867 -2.03444e-315 242.383 28.809 -163.585 28.5173 -6.91991 2.03444e-315 8.53036
-28.7867 163.585 -28.4951 -241.872 -2.03444e-315 242.387 28.7867 -163.585 28.4951 -6.91728 2.03444e-315 8.52782
-28.7644 163.585 -28.4728 -241.876 -2.03444e-315 242.391 28.7644 -163.585 28.4728 -6.91476 2.03444e-315 8.52546
-28.7421 163.585 -28.4505 -241.879 -2.03444e-315 242.394 28.7421 -163.585 28.4505 -6.91238 2.03444e-315 8.52328
-28.7198 163.585 -28.4282 -241.882 -2.03444e-315 242.396 28.7198 -163.585 28.4282 -6.91015 2.03444e-315 8.52129
-28.6974 163.585 -28.4059 -241.885 -2.03444e-315 242.399 28.6974 -163.585 28.4059 -6.90804 2.03444e-315 8.51948
