0.001 -0.000217925 0.001
0.002 -0.000217835 0.002
0.003 -0.000212719 0.003
0.004 -0.000200778 0.004
0.005 -0.00018458 0.005
0.006 -0.000165566 0.006
0.007 -0.000144578 0.007
0.008 -0.000121969 0.008
0.009 -9.7576e-05 0.009
0.01 -7.25277e-05 0.01
0.011 -4.55411e-05 0.011
0.012 -1.82887e-05 0.012
0.013 9.7377e-06 0.013
0.014 3.9193e-05 0.014
0.015 6.8719e-05 0.015
0.016 9.82395e-05 0.016
0.017 0.000128525 0.017
0.018 0.000159971 0.018
0.019 0.000191242 0.019
0.02 0.000222653 0.02
0.021 0.000254461 0.021
0.022 0.000286202 0.022
0.023 0.000318261 0.023
0.024 0.000351577 0.024
0.025 0.000385303 0.025
0.026 0.000418895 0.026
0.027 0.00045256 0.027
0.028 0.000486251 0.028
0.029 0.000520287 0.029
0.03 0.000554162 0.03
0.031 0.00058811 0.031
0.032 0.000622159 0.032
0.033 0.000656271 0.033
0.034 0.00069073 0.034
0.035 0.000725037 0.035
0.036 0.000759461 0.036
0.037 0.00079413 0.037
0.038 0.000829963 0.038
0.039 0.000865619 0.039
0.04 0.000901363 0.04
0.041 0.000937205 0.041
0.042 0.000973149 0.042
0.043 0.00100958 0.043
0.044 0.00104578 0.044
0.045 0.00108207 0.045
0.046 0.00111844 0.046
0.047 0.00115488 0.047
0.048 0.00119135 0.048
0.049 0.00122793 0.049
0.05 0.001265 0.05
0.051 0.00130178 0.051
0.052 0.00133864 0.052
0.053 0.00137555 0.053
0.054 0.00141249 0.054
0.055 0.00144943 0.055
0.056 0.00148641 0.056
0.057 0.00152342 0.057
0.058 0.00156092 0.058
0.059 0.00159803 0.059
0.06 0.00163512 0.06
0.061 0.00167222 0.061
0.062 0.0017093 0.062
0.063 0.00174638 0.063
0.064 0.00178346 0.064
0.065 0.00182055 0.065
0.066 0.00185761 0.066
0.067 0.00189467 0.067
0.068 0.00193169 0.068
0.069 0.00196865 0.069
0.07 0.00200555 0.07
0.071 0.00204291 0.071
0.072 0.00207975 0.072
0.073 0.00211652 0.073
0.074 0.00215326 0.074
0.075 0.00219001 0.075
0.076 0.00222674 0.076
0.077 0.00226344 0.077
0.078 0.0023001 0.078
0.079 0.00233671 0.079
0.08 0.00237331 0.08
0.081 0.00240988 0.081
0.082 0.0024464 0.082
0.083 0.00248286 0.083
0.084 0.00251929 0.084
0.085 0.00255567 0.085
0.086 0.00259251 0.086
0.087 0.00262844 0.087
0.088 0.00266523 0.088
0.089 0.00270155 0.089
0.09 0.00273781 0.09
0.091 0.00277402 0.091
0.092 0.00281019 0.092
0.093 0.0028463 0.093
0.094 0.00288236 0.094
0.095 0.00291838 0.095
0.096 0.00295436 0.096
0.097 0.00299033 0.097
0.098 0.00302632 0.098
0.099 0.00306234 0.099
0.1 0.00309839 0.1
0.101 0.00313448 0.101
0.102 0.00317062 0.102
0.103 0.0032068 0.103
0.104 0.00324301 0.104
0.105 0.00327924 0.105
0.106 0.00331542 0.106
0.107 0.00335157 0.107
0.108 0.00338767 0.108
0.109 0.00342372 0.109
0.11 0.00345973 0.11
0.111 0.00349569 0.111
0.112 0.00353162 0.112
0.113 0.00356799 0.113
0.114 0.00360339 0.114
0.115 0.00363965 0.115
0.116 0.00367546 0.116
0.117 0.00371121 0.117
0.118 0.00374692 0.118
0.119 0.00378261 0.119
0.12 0.00381825 0.12
0.121 0.00385387 0.121
0.122 0.00388944 0.122
0.123 0.00392498 0.123
0.124 0.0039605 0.124
0.125 0.00399599 0.125
0.126 0.00403146 0.126
0.127 0.00406689 0.127
0.128 0.00410224 0.128
0.129 0.00413753 0.129
0.13 0.00417278 0.13
0.131 0.00420801 0.131
0.132 0.00424317 0.132
0.133 0.0042783 0.133
0.134 0.00431338 0.134
0.135 0.00434842 0.135
0.136 0.00438342 0.136
0.137 0.00441837 0.137
0.138 0.00445326 0.138
0.139 0.00448808 0.139
0.14 0.00452283 0.14
0.141 0.00455752 0.141
0.142 0.00459214 0.142
0.143 0.00462669 0.143
0.144 0.0046612 0.144
0.145 0.00469561 0.145
0.146 0.00472987 0.146
0.147 0.00476396 0.147
0.148 0.00479797 0.148
0.149 0.00483192 0.149
0.15 0.00486581 0.15
0.151 0.00489964 0.151
0.152 0.0049334 0.152
0.153 0.00496712 0.153
0.154 0.00500079 0.154
0.155 0.00503444 0.155
0.156 0.00506804 0.156
0.157 0.00510162 0.157
0.158 0.00513516 0.158
0.159 0.00516866 0.159
0.16 0.00520213 0.16
0.161 0.00523558 0.161
0.162 0.00526899 0.162
0.163 0.00530238 0.163
0.164 0.00533572 0.164
0.165 0.0053691 0.165
0.166 0.0054025 0.166
0.167 0.00543588 0.167
0.168 0.00546922 0.168
0.169 0.00550254 0.169
0.17 0.00553584 0.17
0.171 0.00556926 0.171
0.172 0.00560264 0.172
0.173 0.00563586 0.173
0.174 0.00566894 0.174
0.175 0.00570198 0.175
0.176 0.005735 0.176
0.177 0.005768 0.177
0.178 0.00580099 0.178
0.179 0.00583396 0.179
0.18 0.00586691 0.18
0.181 0.00589981 0.181
0.182 0.00593269 0.182
0.183 0.00596554 0.183
0.184 0.00599838 0.184
0.185 0.0060312 0.185
0.186 0.00606401 0.186
0.187 0.0060968 0.187
0.188 0.00612958 0.188
0.189 0.00616235 0.189
0.19 0.0061951 0.19
0.191 0.00622784 0.191
0.192 0.00626056 0.192
0.193 0.00629326 0.193
0.194 0.00632595 0.194
0.195 0.00635863 0.195
0.196 0.00639129 0.196
0.197 0.00642393 0.197
0.198 0.00645656 0.198
0.199 0.00648918 0.199
0.2 0.00652184 0.2
0.201 0.00655451 0.201
0.202 0.00658717 0.202
0.203 0.00661982 0.203
0.204 0.00665245 0.204
0.205 0.00668506 0.205
0.206 0.00671765 0.206
0.207 0.00675023 0.207
0.208 0.00678278 0.208
0.209 0.0068153 0.209
0.21 0.0068478 0.21
0.211 0.00688029 0.211
0.212 0.00691275 0.212
0.213 0.00694521 0.213
0.214 0.00697768 0.214
0.215 0.00701019 0.215
0.216 0.00704269 0.216
0.217 0.00707518 0.217
0.218 0.00710765 0.218
0.219 0.00714009 0.219
0.22 0.00717252 0.22
0.221 0.00720493 0.221
0.222 0.00723723 0.222
0.223 0.00726941 0.223
0.224 0.00730148 0.224
0.225 0.00733348 0.225
0.226 0.00736546 0.226
0.227 0.00739744 0.227
0.228 0.00742941 0.228
0.229 0.00746137 0.229
0.23 0.00749333 0.23
0.231 0.00752528 0.231
0.232 0.00755724 0.232
0.233 0.00758918 0.233
0.234 0.00762113 0.234
0.235 0.00765307 0.235
0.236 0.00768499 0.236
0.237 0.0077169 0.237
0.238 0.0077488 0.238
0.239 0.00778071 0.239
0.24 0.00781261 0.24
0.241 0.00784452 0.241
0.242 0.00787643 0.242
0.243 0.00790834 0.243
0.244 0.00794025 0.244
0.245 0.00797217 0.245
0.246 0.0080041 0.246
0.247 0.00803603 0.247
0.248 0.00806796 0.248
0.249 0.00809989 0.249
0.25 0.00813183 0.25
0.251 0.00816378 0.251
0.252 0.00819573 0.252
0.253 0.00822768 0.253
0.254 0.00825964 0.254
0.255 0.0082916 0.255
