0.001 -0.00056345 0.001
0.002 -0.000564649 0.002
0.003 -0.000565816 0.003
0.004 -0.00056536 0.004
0.005 -0.000559443 0.005
0.006 -0.000549873 0.006
0.007 -0.000533837 0.007
0.008 -0.000514855 0.008
0.009 -0.000493442 0.009
0.01 -0.000470135 0.01
0.011 -0.000445254 0.011
0.012 -0.000418838 0.012
0.013 -0.00039159 0.013
0.014 -0.000362057 0.014
0.015 -0.000332572 0.015
0.016 -0.000301789 0.016
0.017 -0.000269745 0.017
0.018 -0.000237385 0.018
0.019 -0.000204661 0.019
0.02 -0.000169828 0.02
0.021 -0.000134275 0.021
0.022 -9.86057e-05 0.022
0.023 -6.27851e-05 0.023
0.024 -2.69001e-05 0.024
0.025 9.59356e-06 0.025
0.026 4.78579e-05 0.026
0.027 8.69848e-05 0.027
0.028 0.000126281 0.028
0.029 0.000165633 0.029
0.03 0.000204988 0.03
0.031 0.000244392 0.031
0.032 0.000283969 0.032
0.033 0.000324843 0.033
0.034 0.000366384 0.034
0.035 0.000408088 0.035
0.036 0.000449806 0.036
0.037 0.000491507 0.037
0.038 0.000533202 0.038
0.039 0.000574911 0.039
0.04 0.000616615 0.04
0.041 0.000658523 0.041
0.042 0.000700627 0.042
0.043 0.000743608 0.043
0.044 0.000787651 0.044
0.045 0.000831744 0.045
0.046 0.000875782 0.046
0.047 0.00091981 0.047
0.048 0.000963912 0.048
0.049 0.00100788 0.049
0.05 0.00105173 0.05
0.051 0.00109553 0.051
0.052 0.00113928 0.052
0.053 0.00118299 0.053
0.054 0.00122664 0.054
0.055 0.00127025 0.055
0.056 0.00131362 0.056
0.057 0.00135694 0.057
0.058 0.00140027 0.058
0.059 0.00144364 0.059
0.06 0.00148708 0.06
0.061 0.00153061 0.061
0.062 0.00157425 0.062
0.063 0.00161796 0.063
0.064 0.0016617 0.064
0.065 0.00170544 0.065
0.066 0.00174894 0.066
0.067 0.00179234 0.067
0.068 0.00183612 0.068
0.069 0.00188 0.069
0.07 0.00192386 0.07
0.071 0.00196769 0.071
0.072 0.00201191 0.072
0.073 0.00205625 0.073
0.074 0.00210055 0.074
0.075 0.00214483 0.075
0.076 0.00218906 0.076
0.077 0.00223326 0.077
0.078 0.00227743 0.078
0.079 0.00232156 0.079
0.08 0.00236565 0.08
0.081 0.0024097 0.081
0.082 0.00245371 0.082
0.083 0.00249769 0.083
0.084 0.00254162 0.084
0.085 0.00258524 0.085
0.086 0.00262875 0.086
0.087 0.00267225 0.087
0.088 0.00271572 0.088
0.089 0.00275919 0.089
0.09 0.00280263 0.09
0.091 0.00284606 0.091
0.092 0.00288948 0.092
0.093 0.00293287 0.093
0.094 0.00297626 0.094
0.095 0.00301962 0.095
0.096 0.00306297 0.096
0.097 0.0031063 0.097
0.098 0.00314961 0.098
0.099 0.00319291 0.099
0.1 0.00323619 0.1
0.101 0.00327945 0.101
0.102 0.00332269 0.102
0.103 0.00336592 0.103
0.104 0.00340913 0.104
0.105 0.00345232 0.105
0.106 0.00349549 0.106
0.107 0.00353864 0.107
0.108 0.00358177 0.108
0.109 0.00362489 0.109
0.11 0.00366798 0.11
0.111 0.00371105 0.111
0.112 0.00375411 0.112
0.113 0.00379714 0.113
0.114 0.00384016 0.114
0.115 0.00388315 0.115
0.116 0.00392613 0.116
0.117 0.00396908 0.117
0.118 0.00401201 0.118
0.119 0.00405493 0.119
0.12 0.00409781 0.12
0.121 0.00414068 0.121
0.122 0.00418353 0.122
0.123 0.00422635 0.123
0.124 0.00426915 0.124
0.125 0.00431192 0.125
0.126 0.00435468 0.126
0.127 0.0043974 0.127
0.128 0.00444011 0.128
0.129 0.00448279 0.129
0.13 0.00452532 0.13
0.131 0.0045676 0.131
0.132 0.00460988 0.132
0.133 0.00465214 0.133
0.134 0.0046944 0.134
0.135 0.00473664 0.135
0.136 0.00477887 0.136
0.137 0.00482109 0.137
0.138 0.00486331 0.138
0.139 0.00490551 0.139
0.14 0.0049477 0.14
0.141 0.00498988 0.141
0.142 0.00503205 0.142
0.143 0.00507417 0.143
0.144 0.00511625 0.144
0.145 0.00515842 0.145
0.146 0.00520078 0.146
0.147 0.00524314 0.147
0.148 0.00528549 0.148
0.149 0.00532783 0.149
0.15 0.00537016 0.15
0.151 0.00541247 0.151
0.152 0.00545477 0.152
0.153 0.00549705 0.153
0.154 0.00553932 0.154
0.155 0.00558157 0.155
0.156 0.0056238 0.156
0.157 0.00566603 0.157
0.158 0.00570824 0.158
0.159 0.00575043 0.159
0.16 0.00579261 0.16
0.161 0.00583477 0.161
0.162 0.00587692 0.162
0.163 0.00591905 0.163
0.164 0.00596117 0.164
0.165 0.00600327 0.165
0.166 0.00604536 0.166
0.167 0.00608742 0.167
0.168 0.00612947 0.168
0.169 0.00617151 0.169
0.17 0.00621353 0.17
0.171 0.00625553 0.171
0.172 0.00629785 0.172
0.173 0.00634042 0.173
0.174 0.00638298 0.174
0.175 0.00642553 0.175
0.176 0.00646807 0.176
0.177 0.00651059 0.177
0.178 0.0065531 0.178
0.179 0.0065956 0.179
0.18 0.00663809 0.18
0.181 0.00668055 0.181
0.182 0.00672301 0.182
0.183 0.00676544 0.183
