0.001 -0.000108484 0.001
0.002 -9.99951e-05 0.002
0.003 -8.22681e-05 0.003
0.004 -6.02896e-05 0.004
0.005 -3.52453e-05 0.005
0.006 -7.94274e-06 0.006
0.007 2.10303e-05 0.007
0.008 5.07332e-05 0.008
0.009 8.16917e-05 0.009
0.01 0.000113162 0.01
0.011 0.000144952 0.011
0.012 0.000178523 0.012
0.013 0.000212066 0.013
0.014 0.000245705 0.014
0.015 0.000279462 0.015
0.016 0.000313268 0.016
0.017 0.000347182 0.017
0.018 0.000382118 0.018
0.019 0.000416966 0.019
0.02 0.000452077 0.02
0.021 0.000488213 0.021
0.022 0.000523725 0.022
0.023 0.000559323 0.023
0.024 0.000594971 0.024
0.025 0.000631678 0.025
0.026 0.000667842 0.026
0.027 0.000704118 0.027
0.028 0.000740447 0.028
0.029 0.00077779 0.029
0.03 0.000814627 0.03
0.031 0.000851562 0.031
0.032 0.000888569 0.032
0.033 0.000925609 0.033
0.034 0.000963651 0.034
0.035 0.00100115 0.035
0.036 0.00103881 0.036
0.037 0.00107655 0.037
0.038 0.00111522 0.038
0.039 0.00115313 0.039
0.04 0.00119113 0.04
0.041 0.00122953 0.041
0.042 0.0012682 0.042
0.043 0.00130802 0.043
0.044 0.00134707 0.044
0.045 0.00138614 0.045
0.046 0.00142524 0.046
0.047 0.00146436 0.047
0.048 0.00150349 0.048
0.049 0.00154264 0.049
0.05 0.00158264 0.05
0.051 0.0016219 0.051
0.052 0.00166123 0.052
0.053 0.00170067 0.053
0.054 0.00174018 0.054
0.055 0.00177969 0.055
0.056 0.00181916 0.056
0.057 0.00185859 0.057
0.058 0.00189883 0.058
0.059 0.00193823 0.059
0.06 0.00197753 0.06
0.061 0.00201675 0.061
0.062 0.00205588 0.062
0.063 0.00209493 0.063
0.064 0.0021339 0.064
0.065 0.00217278 0.065
0.066 0.00221158 0.066
0.067 0.0022503 0.067
0.068 0.00228893 0.068
0.069 0.00232746 0.069
0.07 0.0023659 0.07
0.071 0.00240497 0.071
0.072 0.00244326 0.072
0.073 0.00248146 0.073
0.074 0.00251962 0.074
0.075 0.00255776 0.075
0.076 0.00259586 0.076
0.077 0.00263394 0.077
0.078 0.00267198 0.078
0.079 0.00270994 0.079
0.08 0.00274783 0.08
0.081 0.00278562 0.081
0.082 0.00282333 0.082
0.083 0.00286097 0.083
0.084 0.00289855 0.084
0.085 0.00293608 0.085
0.086 0.00297426 0.086
0.087 0.00301107 0.087
0.088 0.0030492 0.088
0.089 0.00308695 0.089
0.09 0.00312465 0.09
0.091 0.00316231 0.091
0.092 0.00319992 0.092
0.093 0.00323748 0.093
0.094 0.00327497 0.094
0.095 0.00331239 0.095
0.096 0.00334977 0.096
0.097 0.00338709 0.097
0.098 0.00342437 0.098
0.099 0.0034616 0.099
0.1 0.00349877 0.1
0.101 0.00353589 0.101
0.102 0.00357295 0.102
0.103 0.00360996 0.103
0.104 0.00364692 0.104
0.105 0.00368381 0.105
0.106 0.00372065 0.106
0.107 0.00375743 0.107
0.108 0.00379415 0.108
0.109 0.0038308 0.109
0.11 0.00386737 0.11
0.111 0.00390387 0.111
0.112 0.0039403 0.112
0.113 0.00397726 0.113
0.114 0.00401301 0.114
0.115 0.00404981 0.115
0.116 0.00408605 0.116
0.117 0.00412221 0.117
0.118 0.00415834 0.118
0.119 0.00419443 0.119
0.12 0.00423049 0.12
0.121 0.00426653 0.121
0.122 0.00430253 0.122
0.123 0.00433851 0.123
0.124 0.00437446 0.124
0.125 0.00441039 0.125
0.126 0.00444629 0.126
0.127 0.00448217 0.127
0.128 0.00451801 0.128
0.129 0.0045538 0.129
0.13 0.00458956 0.13
0.131 0.0046253 0.131
0.132 0.00466094 0.132
0.133 0.00469652 0.133
0.134 0.00473207 0.134
0.135 0.0047676 0.135
0.136 0.00480309 0.136
0.137 0.00483854 0.137
0.138 0.00487395 0.138
0.139 0.00490931 0.139
0.14 0.00494461 0.14
0.141 0.00497984 0.141
0.142 0.00501501 0.142
0.143 0.0050501 0.143
0.144 0.00508528 0.144
0.145 0.00512051 0.145
0.146 0.00515582 0.146
0.147 0.0051912 0.147
0.148 0.00522658 0.148
0.149 0.00526188 0.149
0.15 0.0052971 0.15
0.151 0.00533212 0.151
0.152 0.00536697 0.152
0.153 0.00540175 0.153
0.154 0.00543648 0.154
0.155 0.00547115 0.155
0.156 0.00550577 0.156
0.157 0.00554035 0.157
0.158 0.00557489 0.158
0.159 0.00560938 0.159
0.16 0.00564383 0.16
0.161 0.00567825 0.161
0.162 0.00571263 0.162
0.163 0.00574699 0.163
0.164 0.00578132 0.164
0.165 0.00581561 0.165
0.166 0.00584987 0.166
0.167 0.0058841 0.167
0.168 0.00591832 0.168
0.169 0.00595251 0.169
0.17 0.00598667 0.17
0.171 0.0060208 0.171
0.172 0.00605491 0.172
0.173 0.00608898 0.173
0.174 0.00612298 0.174
0.175 0.00615693 0.175
0.176 0.00619085 0.176
0.177 0.00622473 0.177
0.178 0.00625859 0.178
0.179 0.00629242 0.179
0.18 0.00632622 0.18
0.181 0.00635977 0.181
0.182 0.00639321 0.182
0.183 0.00642663 0.183
0.184 0.00646002 0.184
0.185 0.0064934 0.185
0.186 0.00652676 0.186
0.187 0.00656012 0.187
0.188 0.00659345 0.188
0.189 0.00662677 0.189
0.19 0.00666008 0.19
0.191 0.00669338 0.191
0.192 0.00672666 0.192
0.193 0.00675991 0.193
0.194 0.00679314 0.194
0.195 0.00682636 0.195
0.196 0.00685957 0.196
0.197 0.00689276 0.197
0.198 0.00692593 0.198
0.199 0.00695909 0.199
0.2 0.00699224 0.2
0.201 0.00702536 0.201
0.202 0.00705847 0.202
0.203 0.00709157 0.203
0.204 0.00712465 0.204
0.205 0.00715771 0.205
0.206 0.00719077 0.206
0.207 0.0072238 0.207
0.208 0.00725682 0.208
0.209 0.00728982 0.209
0.21 0.00732281 0.21
0.211 0.00735578 0.211
0.212 0.00738874 0.212
0.213 0.00742168 0.213
0.214 0.00745461 0.214
0.215 0.00748751 0.215
0.216 0.00752038 0.216
0.217 0.00755323 0.217
0.218 0.00758606 0.218
0.219 0.00761887 0.219
0.22 0.00765167 0.22
0.221 0.00768446 0.221
0.222 0.00771723 0.222
0.223 0.00774999 0.223
0.224 0.00778273 0.224
0.225 0.00781545 0.225
0.226 0.00784814 0.226
0.227 0.00788082 0.227
0.228 0.00791348 0.228
0.229 0.00794615 0.229
0.23 0.0079788 0.23
0.231 0.00801145 0.231
0.232 0.0080441 0.232
0.233 0.00807674 0.233
0.234 0.00810938 0.234
0.235 0.00814199 0.235
0.236 0.00817431 0.236
0.237 0.00820659 0.237
0.238 0.00823886 0.238
0.239 0.00827113 0.239
0.24 0.00830341 0.24
0.241 0.00833569 0.241
0.242 0.00836798 0.242
0.243 0.00840027 0.243
0.244 0.00843256 0.244
0.245 0.00846485 0.245
0.246 0.00849715 0.246
0.247 0.00852944 0.247
0.248 0.00856174 0.248
0.249 0.00859403 0.249
0.25 0.00862632 0.25
0.251 0.00865861 0.251
0.252 0.00869089 0.252
0.253 0.00872317 0.253
0.254 0.00875545 0.254
0.255 0.00878773 0.255
