0.001 -0.000199336 0.001
0.002 -0.000198845 0.002
0.003 -0.000192299 0.003
0.004 -0.000178394 0.004
0.005 -0.000160894 0.005
0.006 -0.000140873 0.006
0.007 -0.000118565 0.007
0.008 -9.4806e-05 0.008
0.009 -6.9759e-05 0.009
0.01 -4.30025e-05 0.01
0.011 -1.58114e-05 0.011
0.012 1.25544e-05 0.012
0.013 4.20754e-05 0.013
0.014 7.16535e-05 0.014
0.015 0.000101223 0.015
0.016 0.000132256 0.016
0.017 0.000163522 0.017
0.018 0.000195136 0.018
0.019 0.000226659 0.019
0.02 0.000258385 0.02
0.021 0.00029063 0.021
0.022 0.000324 0.022
0.023 0.000357479 0.023
0.024 0.000391019 0.024
0.025 0.000425014 0.025
0.026 0.000458732 0.026
0.027 0.000492504 0.027
0.028 0.000526399 0.028
0.029 0.00056066 0.029
0.03 0.000594698 0.03
0.031 0.000628842 0.031
0.032 0.000663081 0.032
0.033 0.000697404 0.033
0.034 0.000732544 0.034
0.035 0.000767968 0.035
0.036 0.000803497 0.036
0.037 0.000839131 0.037
0.038 0.000875287 0.038
0.039 0.000911225 0.039
0.04 0.000947243 0.04
0.041 0.000983325 0.041
0.042 0.0010195 0.042
0.043 0.00105621 0.043
0.044 0.00109267 0.044
0.045 0.00112924 0.045
0.046 0.0011659 0.046
0.047 0.00120264 0.047
0.048 0.00123945 0.048
0.049 0.00127634 0.049
0.05 0.00131379 0.05
0.051 0.00135089 0.051
0.052 0.00138803 0.052
0.053 0.00142521 0.053
0.054 0.00146245 0.054
0.055 0.00149974 0.055
0.056 0.0015371 0.056
0.057 0.00157449 0.057
0.058 0.00161239 0.058
0.059 0.00164986 0.059
0.06 0.00168729 0.06
0.061 0.00172471 0.061
0.062 0.00176211 0.062
0.063 0.00179952 0.063
0.064 0.00183689 0.064
0.065 0.00187425 0.065
0.066 0.00191159 0.066
0.067 0.00194889 0.067
0.068 0.00198617 0.068
0.069 0.0020234 0.069
0.07 0.00206056 0.07
0.071 0.00209817 0.071
0.072 0.00213525 0.072
0.073 0.00217228 0.073
0.074 0.00220926 0.074
0.075 0.00224622 0.075
0.076 0.00228314 0.076
0.077 0.00232004 0.077
0.078 0.0023569 0.078
0.079 0.00239374 0.079
0.08 0.00243052 0.08
0.081 0.00246722 0.081
0.082 0.00250387 0.082
0.083 0.00254051 0.083
0.084 0.00257714 0.084
0.085 0.00261378 0.085
0.086 0.00265096 0.086
0.087 0.00268716 0.087
0.088 0.00272437 0.088
0.089 0.00276111 0.089
0.09 0.0027978 0.09
0.091 0.00283444 0.091
0.092 0.00287103 0.092
0.093 0.00290757 0.093
0.094 0.00294405 0.094
0.095 0.00298048 0.095
0.096 0.00301687 0.096
0.097 0.00305328 0.097
0.098 0.00308971 0.098
0.099 0.00312616 0.099
0.1 0.00316264 0.1
0.101 0.00319916 0.101
0.102 0.00323567 0.102
0.103 0.00327214 0.103
0.104 0.00330856 0.104
0.105 0.00334493 0.105
0.106 0.00338125 0.106
0.107 0.00341751 0.107
0.108 0.00345372 0.108
0.109 0.00348988 0.109
0.11 0.003526 0.11
0.111 0.00356206 0.111
0.112 0.00359807 0.112
0.113 0.00363455 0.113
0.114 0.00367001 0.114
0.115 0.00370636 0.115
0.116 0.00374224 0.116
0.117 0.00377806 0.117
0.118 0.00381385 0.118
0.119 0.00384962 0.119
0.12 0.00388535 0.12
0.121 0.00392105 0.121
0.122 0.00395671 0.122
0.123 0.00399234 0.123
0.124 0.00402793 0.124
0.125 0.0040635 0.125
0.126 0.00409904 0.126
0.127 0.00413456 0.127
0.128 0.00417004 0.128
0.129 0.00420539 0.129
0.13 0.00424072 0.13
0.131 0.00427601 0.131
0.132 0.00431125 0.132
0.133 0.00434646 0.133
0.134 0.00438163 0.134
0.135 0.00441676 0.135
0.136 0.00445184 0.136
0.137 0.00448688 0.137
0.138 0.00452186 0.138
0.139 0.00455679 0.139
0.14 0.00459164 0.14
0.141 0.00462643 0.141
0.142 0.00466116 0.142
0.143 0.00469582 0.143
0.144 0.00473039 0.144
0.145 0.00476489 0.145
0.146 0.00479929 0.146
0.147 0.00483347 0.147
0.148 0.00486755 0.148
0.149 0.00490156 0.149
0.15 0.00493552 0.15
0.151 0.0049694 0.151
0.152 0.00500323 0.152
0.153 0.005037 0.153
0.154 0.00507074 0.154
0.155 0.00510444 0.155
0.156 0.0051381 0.156
0.157 0.00517173 0.157
0.158 0.00520532 0.158
0.159 0.00523889 0.159
0.16 0.00527242 0.16
0.161 0.00530592 0.161
0.162 0.00533943 0.162
0.163 0.005373 0.163
0.164 0.00540652 0.164
0.165 0.00544001 0.165
0.166 0.00547347 0.166
0.167 0.00550694 0.167
0.168 0.0055405 0.168
0.169 0.00557404 0.169
0.17 0.00560755 0.17
0.171 0.00564103 0.171
0.172 0.00567447 0.172
0.173 0.00570789 0.173
0.174 0.00574114 0.174
0.175 0.00577422 0.175
0.176 0.00580727 0.176
0.177 0.0058403 0.177
0.178 0.00587331 0.178
0.179 0.00590631 0.179
0.18 0.00593929 0.18
0.181 0.00597223 0.181
0.182 0.00600514 0.182
0.183 0.00603811 0.183
0.184 0.00607109 0.184
0.185 0.00610406 0.185
0.186 0.00613702 0.186
0.187 0.00616996 0.187
0.188 0.00620289 0.188
0.189 0.0062358 0.189
0.19 0.00626869 0.19
0.191 0.00630157 0.191
0.192 0.00633446 0.192
0.193 0.00636744 0.193
0.194 0.0064004 0.194
0.195 0.00643336 0.195
0.196 0.00646629 0.196
0.197 0.00649921 0.197
0.198 0.00653212 0.198
0.199 0.006565 0.199
0.2 0.00659787 0.2
0.201 0.00663072 0.201
0.202 0.00666356 0.202
0.203 0.00669637 0.203
0.204 0.00672917 0.204
0.205 0.00676196 0.205
0.206 0.00679472 0.206
0.207 0.00682747 0.207
0.208 0.00686019 0.208
0.209 0.00689288 0.209
0.21 0.00692556 0.21
0.211 0.00695821 0.211
0.212 0.00699085 0.212
0.213 0.00702347 0.213
0.214 0.00705607 0.214
0.215 0.00708866 0.215
0.216 0.00712122 0.216
0.217 0.00715377 0.217
0.218 0.0071863 0.218
0.219 0.00721881 0.219
0.22 0.00725131 0.22
0.221 0.00728379 0.221
0.222 0.00731624 0.222
0.223 0.00734868 0.223
0.224 0.00738106 0.224
0.225 0.00741327 0.225
0.226 0.00744534 0.226
0.227 0.00747735 0.227
0.228 0.00750936 0.228
0.229 0.00754136 0.229
0.23 0.00757336 0.23
0.231 0.00760536 0.231
0.232 0.00763735 0.232
0.233 0.00766935 0.233
0.234 0.00770134 0.234
0.235 0.00773333 0.235
0.236 0.0077653 0.236
0.237 0.00779727 0.237
0.238 0.00782923 0.238
0.239 0.0078612 0.239
0.24 0.00789317 0.24
0.241 0.00792514 0.241
0.242 0.00795712 0.242
0.243 0.0079891 0.243
0.244 0.00802109 0.244
0.245 0.00805309 0.245
0.246 0.00808509 0.246
0.247 0.00811709 0.247
0.248 0.0081491 0.248
0.249 0.00818112 0.249
0.25 0.00821313 0.25
0.251 0.00824516 0.251
0.252 0.00827719 0.252
0.253 0.00830922 0.253
0.254 0.00834125 0.254
0.255 0.00837329 0.255
