-2.89913 -3.34193 -2.89913 -3.20367 -3.10601 -3.20367 -3.20367 -3.10601 -3.20367 -2.89913 -3.34193 -2.89913
-4.24887 -6.23986 -4.24887 -5.50341 -6.55354 -5.50341 -5.50341 -6.55354 -5.50341 -4.24887 -6.23986 -4.24887
-5.19843 -7.9744 -5.19843 -6.84215 -9.63023 -6.84215 -6.84215 -9.63023 -6.84215 -5.19843 -7.9744 -5.19843
-6.04056 -9.30064 -6.04056 -7.94242 -11.7345 -7.94242 -7.94242 -11.7345 -7.94242 -6.04056 -9.30064 -6.04056
-6.82158 -10.2464 -6.82158 -8.86667 -13.3826 -8.86667 -8.86667 -13.3826 -8.86667 -6.82158 -10.2464 -6.82158
-7.56879 -11.0802 -7.56879 -9.70607 -14.781 -9.70607 -9.70607 -14.781 -9.70607 -7.56879 -11.0802 -7.56879
-8.29584 -11.8241 -8.29584 -10.5103 -16.003 -10.5103 -10.5103 -16.003 -10.5103 -8.29584 -11.8241 -8.29584
-9.03618 -12.4977 -9.03618 -11.2392 -16.9556 -11.2392 -11.2392 -16.9556 -11.2392 -9.03618 -12.4977 -9.03618
-9.75606 -13.0774 -9.75606 -11.9619 -17.8032 -11.9619 -11.9619 -17.8032 -11.9619 -9.75606 -13.0774 -9.75606
-10.4352 -13.6298 -10.4352 -12.6547 -18.6173 -12.6547 -12.6547 -18.6173 -12.6547 -10.4352 -13.6298 -10.4352
-11.1361 -14.1734 -11.1361 -13.3411 -19.3164 -13.3411 -13.3411 -19.3164 -13.3411 -11.1361 -14.1734 -11.1361
-11.8239 -14.709 -11.8239 -14.0441 -19.9784 -14.0441 -14.0441 -19.9784 -14.0441 -11.8239 -14.709 -11.8239
-12.4935 -15.2158 -12.4935 -14.7377 -20.6318 -14.7377 -14.7377 -20.6318 -14.7377 -12.4935 -15.2158 -12.4935
-13.1736 -15.7511 -13.1736 -15.435 -21.274 -15.435 -15.435 -21.274 -15.435 -13.1736 -15.7511 -13.1736
-13.8503 -16.2945 -13.8503 -16.1146 -21.7645 -16.1146 -16.1146 -21.7645 -16.1146 -13.8503 -16.2945 -13.8503
-14.487 -16.8172 -14.487 -16.7695 -22.254 -16.7695 -16.7695 -22.254 -16.7695 -14.487 -16.8172 -14.487
-15.1444 -17.332 -15.1444 -17.427 -22.7367 -17.427 -17.427 -22.7367 -17.427 -15.1444 -17.332 -15.1444
-15.769 -17.8293 -15.769 -18.0759 -23.2154 -18.0759 -18.0759 -23.2154 -18.0759 -15.769 -17.8293 -15.769
-16.4049 -18.3644 -16.4049 -18.7373 -23.6711 -18.7373 -18.7373 -23.6711 -18.7373 -16.4049 -18.3644 -16.4049
-17.0503 -18.8919 -17.0503 -19.3787 -24.1213 -19.3787 -19.3787 -24.1213 -19.3787 -17.0503 -18.8919 -17.0503
-17.7069 -19.3469 -17.7069 -20.0118 -24.5592 -20.0118 -20.0118 -24.5592 -20.0118 -17.7069 -19.3469 -17.7069
-18.3409 -19.8167 -18.3409 -20.6459 -24.9978 -20.6459 -20.6459 -24.9978 -20.6459 -18.3409 -19.8167 -18.3409
-18.9844 -20.3043 -18.9844 -21.2915 -25.4197 -21.2915 -21.2915 -25.4197 -21.2915 -18.9844 -20.3043 -18.9844
-19.626 -20.7896 -19.626 -21.9208 -25.8616 -21.9208 -21.9208 -25.8616 -21.9208 -19.626 -20.7896 -19.626
-20.2655 -21.2724 -20.2655 -22.549 -26.302 -22.549 -22.549 -26.302 -22.549 -20.2655 -21.2724 -20.2655
-20.8987 -21.7288 -20.8987 -23.1734 -26.7381 -23.1734 -23.1734 -26.7381 -23.1734 -20.8987 -21.7288 -20.8987
-21.5356 -22.2127 -21.5356 -23.8003 -27.1771 -23.8003 -23.8003 -27.1771 -23.8003 -21.5356 -22.2127 -21.5356
-22.1695 -22.6925 -22.1695 -24.4076 -27.6438 -24.4076 -24.4076 -27.6438 -24.4076 -22.1695 -22.6925 -22.1695
-22.8012 -23.1695 -22.8012 -25.0154 -28.0916 -25.0154 -25.0154 -28.0916 -25.0154 -22.8012 -23.1695 -22.8012
-23.4316 -23.6449 -23.4316 -25.6211 -28.5266 -25.6211 -25.6211 -28.5266 -25.6211 -23.4316 -23.6449 -23.4316
-24.0431 -24.0852 -24.0431 -26.2212 -28.9405 -26.2212 -26.2212 -28.9405 -26.2212 -24.0431 -24.0852 -24.0431
-24.6717 -24.5476 -24.6717 -26.8252 -29.3588 -26.8252 -26.8252 -29.3588 -26.8252 -24.6717 -24.5476 -24.6717
-25.2929 -25.0484 -25.2929 -27.4177 -29.7989 -27.4177 -27.4177 -29.7989 -27.4177 -25.2929 -25.0484 -25.2929
-25.8948 -25.5731 -25.8948 -28.0035 -30.245 -28.0035 -28.0035 -30.245 -28.0035 -25.8948 -25.5731 -25.8948
-26.4821 -26.0646 -26.4821 -28.5846 -30.686 -28.5846 -28.5846 -30.686 -28.5846 -26.4821 -26.0646 -26.4821
-27.0812 -26.5704 -27.0812 -29.1688 -31.1306 -29.1688 -29.1688 -31.1306 -29.1688 -27.0812 -26.5704 -27.0812
-27.6786 -27.0745 -27.6786 -29.777 -31.5376 -29.777 -29.777 -31.5376 -29.777 -27.6786 -27.0745 -27.6786
-28.2743 -27.577 -28.2743 -30.3871 -31.9135 -30.3871 -30.3871 -31.9135 -30.3871 -28.2743 -27.577 -28.2743
-28.8681 -28.0782 -28.8681 -30.9926 -32.2928 -30.9926 -30.9926 -32.2928 -30.9926 -28.8681 -28.0782 -28.8681
-29.4431 -28.5577 -29.4431 -31.5761 -32.6821 -31.5761 -31.5761 -32.6821 -31.5761 -29.4431 -28.5577 -29.4431
-30.0319 -29.0558 -30.0319 -32.1611 -33.0775 -32.1611 -32.1611 -33.0775 -32.1611 -30.0319 -29.0558 -30.0319
-30.6126 -29.5746 -30.6126 -32.7412 -33.472 -32.7412 -32.7412 -33.472 -32.7412 -30.6126 -29.5746 -30.6126
-31.185 -30.0905 -31.185 -33.314 -33.8656 -33.314 -33.314 -33.8656 -33.314 -31.185 -30.0905 -31.185
-31.75 -30.6037 -31.75 -33.8764 -34.2584 -33.8764 -33.8764 -34.2584 -33.8764 -31.75 -30.6037 -31.75
-32.3052 -31.1137 -32.3052 -34.4234 -34.65 -34.4234 -34.4234 -34.65 -34.4234 -32.3052 -31.1137 -32.3052
-32.8463 -31.6192 -32.8463 -34.9484 -35.0394 -34.9484 -34.9484 -35.0394 -34.9484 -32.8463 -31.6192 -32.8463
-33.3677 -32.1177 -33.3677 -35.4546 -35.4135 -35.4546 -35.4546 -35.4135 -35.4546 -33.3677 -32.1177 -33.3677
-33.846 -32.5895 -33.846 -35.9144 -35.7662 -35.9144 -35.9144 -35.7662 -35.9144 -33.846 -32.5895 -33.846
-34.3027 -33.0607 -34.3027 -36.3365 -36.1184 -36.3365 -36.3365 -36.1184 -36.3365 -34.3027 -33.0607 -34.3027
-34.7236 -33.5064 -34.7236 -36.7281 -36.4374 -36.7281 -36.7281 -36.4374 -36.7281 -34.7236 -33.5064 -34.7236
-35.1142 -33.9191 -35.1142 -37.0991 -36.7199 -37.0991 -37.0991 -36.7199 -37.0991 -35.1142 -33.9191 -35.1142
-35.483 -34.2998 -35.483 -37.4556 -36.9729 -37.4556 -37.4556 -36.9729 -37.4556 -35.483 -34.2998 -35.483
-35.8352 -34.6571 -35.8352 -37.7982 -37.2074 -37.7982 -37.7982 -37.2074 -37.7982 -35.8352 -34.6571 -35.8352
-36.1695 -35.0004 -36.1695 -38.123 -37.432 -38.123 -38.123 -37.432 -38.123 -36.1695 -35.0004 -36.1695
-36.4805 -35.3354 -36.4805 -38.4148 -37.6556 -38.4148 -38.4148 -37.6556 -38.4148 -36.4805 -35.3354 -36.4805
-36.7632 -35.6609 -36.7632 -38.6616 -37.8801 -38.6616 -38.6616 -37.8801 -38.6616 -36.7632 -35.6609 -36.7632
-37.02 -35.9699 -37.02 -38.883 -38.0874 -38.883 -38.883 -38.0874 -38.883 -37.02 -35.9699 -37.02
-37.2512 -36.2291 -37.2512 -39.0834 -38.2605 -39.0834 -39.0834 -38.2605 -39.0834 -37.2512 -36.2291 -37.2512
-37.4877 -36.4488 -37.4877 -39.2831 -38.4199 -39.2831 -39.2831 -38.4199 -39.2831 -37.4877 -36.4488 -37.4877
-37.7202 -36.648 -37.7202 -39.4792 -38.5637 -39.4792 -39.4792 -38.5637 -39.4792 -37.7202 -36.648 -37.7202
-37.9489 -36.8357 -37.9489 -39.6716 -38.6989 -39.6716 -39.6716 -38.6989 -39.6716 -37.9489 -36.8357 -37.9489
-38.1723 -37.0182 -38.1723 -39.8578 -38.8311 -39.8578 -39.8578 -38.8311 -39.8578 -38.1723 -37.0182 -38.1723
-38.3866 -37.1988 -38.3866 -40.0333 -38.9642 -40.0333 -40.0333 -38.9642 -40.0333 -38.3866 -37.1988 -38.3866
-38.5865 -37.3784 -38.5865 -40.1918 -39.1016 -40.1918 -40.1918 -39.1016 -40.1918 -38.5865 -37.3784 -38.5865
-38.7663 -37.5556 -38.7663 -40.327 -39.2446 -40.327 -40.327 -39.2446 -40.327 -38.7663 -37.5556 -38.7663
-38.9233 -37.7261 -38.9233 -40.4371 -39.3905 -40.4371 -40.4371 -39.3905 -40.4371 -38.9233 -37.7261 -38.9233
-39.0612 -37.8785 -39.0612 -40.5285 -39.5221 -40.5285 -40.5285 -39.5221 -40.5285 -39.0612 -37.8785 -39.0612
-39.1876 -38.0059 -39.1876 -40.6148 -39.5983 -40.6148 -40.6148 -39.5983 -40.6148 -39.1876 -38.0059 -39.1876
-39.3081 -38.1098 -39.3081 -40.6982 -39.64 -40.6982 -40.6982 -39.64 -40.6982 -39.3081 -38.1098 -39.3081
-39.4262 -38.1971 -39.4262 -40.7811 -39.6558 -40.7811 -40.7811 -39.6558 -40.7811 -39.4262 -38.1971 -39.4262
-39.5429 -38.2744 -39.5429 -40.8645 -39.6535 -40.8645 -40.8645 -39.6535 -40.8645 -39.5429 -38.2744 -39.5429
-39.6588 -38.3463 -39.6588 -40.9481 -39.6403 -40.9481 -40.9481 -39.6403 -40.9481 -39.6588 -38.3463 -39.6588
-39.774 -38.4153 -39.774 -41.0315 -39.621 -41.0315 -41.0315 -39.621 -41.0315 -39.774 -38.4153 -39.774
-39.8885 -38.4826 -39.8885 -41.1146 -39.5986 -41.1146 -41.1146 -39.5986 -41.1146 -39.8885 -38.4826 -39.8885
-40.0022 -38.549 -40.0022 -41.1971 -39.5744 -41.1971 -41.1971 -39.5744 -41.1971 -40.0022 -38.549 -40.0022
-40.1148 -38.6147 -40.1148 -41.2786 -39.5494 -41.2786 -41.2786 -39.5494 -41.2786 -40.1148 -38.6147 -40.1148
-40.2259 -38.6799 -40.2259 -41.3586 -39.524 -41.3586 -41.3586 -39.524 -41.3586 -40.2259 -38.6799 -40.2259
-40.3345 -38.7449 -40.3345 -41.4364 -39.4987 -41.4364 -41.4364 -39.4987 -41.4364 -40.3345 -38.7449 -40.3345
-40.4397 -38.8096 -40.4397 -41.5107 -39.474 -41.5107 -41.5107 -39.474 -41.5107 -40.4397 -38.8096 -40.4397
-40.5397 -38.874 -40.5397 -41.58 -39.4505 -41.58 -41.58 -39.4505 -41.58 -40.5397 -38.874 -40.5397
-40.6327 -38.9377 -40.6327 -41.6415 -39.4334 -41.6415 -41.6415 -39.4334 -41.6415 -40.6327 -38.9377 -40.6327
-40.709 -38.9907 -40.709 -41.6874 -39.4157 -41.6874 -41.6874 -39.4157 -41.6874 -40.709 -38.9907 -40.709
-40.7745 -39.0523 -40.7745 -41.7273 -39.4062 -41.7273 -41.7273 -39.4062 -41.7273 -40.7745 -39.0523 -40.7745
-40.8143 -39.1153 -40.8143 -41.7583 -39.3953 -41.7583 -41.7583 -39.3953 -41.7583 -40.8143 -39.1153 -40.8143
-40.8381 -39.173 -40.8381 -41.7814 -39.38 -41.7814 -41.7814 -39.38 -41.7814 -40.8381 -39.173 -40.8381
-40.8557 -39.2213 -40.8557 -41.7987 -39.3575 -41.7987 -41.7987 -39.3575 -41.7987 -40.8557 -39.2213 -40.8557
-40.8696 -39.2604 -40.8696 -41.8126 -39.3252 -41.8126 -41.8126 -39.3252 -41.8126 -40.8696 -39.2604 -40.8696
-40.8818 -39.2916 -40.8818 -41.8246 -39.2817 -41.8246 -41.8246 -39.2817 -41.8246 -40.8818 -39.2916 -40.8818
-40.893 -39.3171 -40.893 -41.8348 -39.228 -41.8348 -41.8348 -39.228 -41.8348 -40.893 -39.3171 -40.893
-40.9038 -39.3385 -40.9038 -41.8312 -39.171 -41.8312 -41.8312 -39.171 -41.8312 -40.9038 -39.3385 -40.9038
-40.9143 -39.3572 -40.9143 -41.8202 -39.1101 -41.8202 -41.8202 -39.1101 -41.8202 -40.9143 -39.3572 -40.9143
-40.9246 -39.374 -40.9246 -41.7938 -39.0508 -41.7938 -41.7938 -39.0508 -41.7938 -40.9246 -39.374 -40.9246
-40.9367 -39.3775 -40.9367 -41.7673 -38.988 -41.7673 -41.7673 -38.988 -41.7673 -40.9367 -39.3775 -40.9367
-40.9496 -39.3747 -40.9496 -41.7407 -38.923 -41.7407 -41.7407 -38.923 -41.7407 -40.9496 -39.3747 -40.9496
-40.9655 -39.3516 -40.9655 -41.7142 -38.8563 -41.7142 -41.7142 -38.8563 -41.7142 -40.9655 -39.3516 -40.9655
-40.9823 -39.3214 -40.9823 -41.6876 -38.7883 -41.6876 -41.6876 -38.7883 -41.6876 -40.9823 -39.3214 -40.9823
-40.999 -39.2909 -40.999 -41.661 -38.7194 -41.661 -41.661 -38.7194 -41.661 -40.999 -39.2909 -40.999
-41.0156 -39.2601 -41.0156 -41.6343 -38.6495 -41.6343 -41.6343 -38.6495 -41.6343 -41.0156 -39.2601 -41.0156
-41.032 -39.2291 -41.032 -41.6076 -38.5789 -41.6076 -41.6076 -38.5789 -41.6076 -41.032 -39.2291 -41.032
-41.0484 -39.198 -41.0484 -41.5808 -38.5076 -41.5808 -41.5808 -38.5076 -41.5808 -41.0484 -39.198 -41.0484
-41.0646 -39.1667 -41.0646 -41.5539 -38.4355 -41.5539 -41.5539 -38.4355 -41.5539 -41.0646 -39.1667 -41.0646
-41.0807 -39.1352 -41.0807 -41.5269 -38.3628 -41.5269 -41.5269 -38.3628 -41.5269 -41.0807 -39.1352 -41.0807
-41.0967 -39.1036 -41.0967 -41.4999 -38.2893 -41.4999 -41.4999 -38.2893 -41.4999 -41.0967 -39.1036 -41.0967
-41.1125 -39.0718 -41.1125 -41.4728 -38.2152 -41.4728 -41.4728 -38.2152 -41.4728 -41.1125 -39.0718 -41.1125
-41.1282 -39.0398 -41.1282 -41.4456 -38.1404 -41.4456 -41.4456 -38.1404 -41.4456 -41.1282 -39.0398 -41.1282
-41.1438 -39.0077 -41.1438 -41.4184 -38.0649 -41.4184 -41.4184 -38.0649 -41.4184 -41.1438 -39.0077 -41.1438
-41.1592 -38.9754 -41.1592 -41.3911 -37.9887 -41.3911 -41.3911 -37.9887 -41.3911 -41.1592 -38.9754 -41.1592
-41.1745 -38.943 -41.1745 -41.3637 -37.9119 -41.3637 -41.3637 -37.9119 -41.3637 -41.1745 -38.943 -41.1745
-41.1897 -38.9104 -41.1897 -41.3362 -37.8343 -41.3362 -41.3362 -37.8343 -41.3362 -41.1897 -38.9104 -41.1897
-41.2047 -38.8777 -41.2047 -41.3099 -37.7485 -41.3099 -41.3099 -37.7485 -41.3099 -41.2047 -38.8777 -41.2047
-41.2195 -38.8447 -41.2195 -41.2844 -37.6565 -41.2844 -41.2844 -37.6565 -41.2844 -41.2195 -38.8447 -41.2195
-41.2342 -38.8117 -41.2342 -41.2588 -37.564 -41.2588 -41.2588 -37.564 -41.2588 -41.2342 -38.8117 -41.2342
-41.2487 -38.7784 -41.2487 -41.233 -37.4711 -41.233 -41.233 -37.4711 -41.233 -41.2487 -38.7784 -41.2487
-41.2631 -38.7451 -41.2631 -41.2072 -37.3777 -41.2072 -41.2072 -37.3777 -41.2072 -41.2631 -38.7451 -41.2631
-41.2772 -38.7115 -41.2772 -41.1843 -37.2642 -41.1843 -41.1843 -37.2642 -41.1843 -41.2772 -38.7115 -41.2772
-41.2911 -38.6778 -41.2911 -41.1614 -37.15 -41.1614 -41.1614 -37.15 -41.1614 -41.2911 -38.6778 -41.2911
-41.3047 -38.644 -41.3047 -41.1383 -37.0357 -41.1383 -41.1383 -37.0357 -41.1383 -41.3047 -38.644 -41.3047
-41.3181 -38.61 -41.3181 -41.1149 -36.9211 -41.1149 -41.1149 -36.9211 -41.1149 -41.3181 -38.61 -41.3181
-41.331 -38.5759 -41.331 -41.0914 -36.8062 -41.0914 -41.0914 -36.8062 -41.0914 -41.331 -38.5759 -41.331
-41.3435 -38.5417 -41.3435 -41.0676 -36.6912 -41.0676 -41.0676 -36.6912 -41.0676 -41.3435 -38.5417 -41.3435
-41.3555 -38.5075 -41.3555 -41.0435 -36.576 -41.0435 -41.0435 -36.576 -41.0435 -41.3555 -38.5075 -41.3555
-41.3667 -38.4732 -41.3667 -41.019 -36.4607 -41.019 -41.019 -36.4607 -41.019 -41.3667 -38.4732 -41.3667
-41.3771 -38.4388 -41.3771 -40.9942 -36.3452 -40.9942 -40.9942 -36.3452 -40.9942 -41.3771 -38.4388 -41.3771
-41.3864 -38.4045 -41.3864 -40.9688 -36.2297 -40.9688 -40.9688 -36.2297 -40.9688 -41.3864 -38.4045 -41.3864
-41.3945 -38.3702 -41.3945 -40.9428 -36.114 -40.9428 -40.9428 -36.114 -40.9428 -41.3945 -38.3702 -41.3945
-41.4011 -38.3359 -41.4011 -40.916 -35.9984 -40.916 -40.916 -35.9984 -40.916 -41.4011 -38.3359 -41.4011
-41.406 -38.3016 -41.406 -40.8883 -35.8828 -40.8883 -40.8883 -35.8828 -40.8883 -41.406 -38.3016 -41.406
