-1.60018 162.719 -1.60297 -1.59833 325.477 -1.6095 -1.60018 162.719 -1.60297 -1.61127 297.854 -1.60288 -1.55366 595.707 -1.55366 -1.61127 297.854 -1.60288 -1.61127 297.854 -1.60288 -1.55366 595.707 -1.55366 -1.61127 297.854 -1.60288 -1.60018 162.719 -1.60297 -1.59833 325.477 -1.6095 -1.60018 162.719 -1.60297
-2.46547 162.65 -2.51327 -3.1395 325.475 -3.41445 -2.46547 162.65 -2.51327 -3.31095 297.846 -3.11567 -3.1208 595.707 -3.14277 -3.31095 297.846 -3.11567 -3.31095 297.846 -3.11567 -3.1208 595.707 -3.14277 -3.31095 297.846 -3.11567 -2.46547 162.65 -2.51327 -3.1395 325.475 -3.41445 -2.46547 162.65 -2.51327
-2.99298 162.595 -3.04535 -4.16352 325.451 -4.72963 -2.99298 162.595 -3.04535 -4.47873 297.809 -4.08703 -4.81154 595.706 -4.92847 -4.47873 297.809 -4.08703 -4.47873 297.809 -4.08703 -4.81154 595.706 -4.92847 -4.47873 297.809 -4.08703 -2.99298 162.595 -3.04535 -4.16352 325.451 -4.72963 -2.99298 162.595 -3.04535
-3.43883 162.621 -3.49404 -4.79307 325.405 -5.58494 -3.43883 162.621 -3.49404 -5.22514 297.759 -4.68553 -6.40967 595.696 -6.59819 -5.22514 297.759 -4.68553 -5.22514 297.759 -4.68553 -6.40967 595.696 -6.59819 -5.22514 297.759 -4.68553 -3.43883 162.621 -3.49404 -4.79307 325.405 -5.58494 -3.43883 162.621 -3.49404
-3.84542 162.723 -3.89646 -5.32788 325.366 -6.21605 -3.84542 162.723 -3.89646 -5.80387 297.736 -5.20452 -7.61741 595.683 -7.84711 -5.80387 297.736 -5.20452 -5.80387 297.736 -5.20452 -7.61741 595.683 -7.84711 -5.80387 297.736 -5.20452 -3.84542 162.723 -3.89646 -5.32788 325.366 -6.21605 -3.84542 162.723 -3.89646
-4.22666 162.871 -4.27437 -5.81047 325.355 -6.72289 -4.22666 162.871 -4.27437 -6.29271 297.728 -5.67403 -8.6154 595.654 -8.86305 -6.29271 297.728 -5.67403 -6.29271 297.728 -5.67403 -8.6154 595.654 -8.86305 -6.29271 297.728 -5.67403 -4.22666 162.871 -4.27437 -5.81047 325.355 -6.72289 -4.22666 162.871 -4.27437
-4.59399 163.106 -4.63606 -6.25695 325.348 -7.16443 -4.59399 163.106 -4.63606 -6.71684 297.757 -6.0947 -9.3611 595.631 -9.62333 -6.71684 297.757 -6.0947 -6.71684 297.757 -6.0947 -9.3611 595.631 -9.62333 -6.71684 297.757 -6.0947 -4.59399 163.106 -4.63606 -6.25695 325.348 -7.16443 -4.59399 163.106 -4.63606
-4.94909 163.215 -4.98791 -6.66386 325.378 -7.57382 -4.94909 163.215 -4.98791 -7.11295 297.793 -6.49803 -10.0053 595.608 -10.2638 -7.11295 297.793 -6.49803 -7.11295 297.793 -6.49803 -10.0053 595.608 -10.2638 -7.11295 297.793 -6.49803 -4.94909 163.215 -4.98791 -6.66386 325.378 -7.57382 -4.94909 163.215 -4.98791
-5.29935 163.502 -5.33024 -7.05839 325.425 -7.93686 -5.29935 163.502 -5.33024 -7.47677 297.836 -6.87829 -10.5702 595.603 -10.8393 -7.47677 297.836 -6.87829 -7.47677 297.836 -6.87829 -10.5702 595.603 -10.8393 -7.47677 297.836 -6.87829 -5.29935 163.502 -5.33024 -7.05839 325.425 -7.93686 -5.29935 163.502 -5.33024
-5.64722 163.68 -5.67681 -7.4356 325.446 -8.28417 -5.64722 163.68 -5.67681 -7.81632 297.97 -7.23838 -11.0758 595.586 -11.3289 -7.81632 297.97 -7.23838 -7.81632 297.97 -7.23838 -11.0758 595.586 -11.3289 -7.81632 297.97 -7.23838 -5.64722 163.68 -5.67681 -7.4356 325.446 -8.28417 -5.64722 163.68 -5.67681
-6.00791 163.862 -6.02802 -7.79165 325.587 -8.59357 -6.00791 163.862 -6.02802 -8.13783 298.013 -7.59592 -11.538 595.586 -11.7874 -8.13783 298.013 -7.59592 -8.13783 298.013 -7.59592 -11.538 595.586 -11.7874 -8.13783 298.013 -7.59592 -6.00791 163.862 -6.02802 -7.79165 325.587 -8.59357 -6.00791 163.862 -6.02802
-6.34962 163.563 -6.35536 -8.14351 325.51 -8.87447 -6.34962 163.563 -6.35536 -8.42343 297.975 -7.94013 -11.9719 595.66 -12.2073 -8.42343 297.975 -7.94013 -8.42343 297.975 -7.94013 -11.9719 595.66 -12.2073 -8.42343 297.975 -7.94013 -6.34962 163.563 -6.35536 -8.14351 325.51 -8.87447 -6.34962 163.563 -6.35536
-6.6991 163.681 -6.69392 -8.50136 325.574 -9.15008 -6.6991 163.681 -6.69392 -8.70477 298.024 -8.27365 -12.3612 595.66 -12.5915 -8.70477 298.024 -8.27365 -8.70477 298.024 -8.27365 -12.3612 595.66 -12.5915 -8.70477 298.024 -8.27365 -6.6991 163.681 -6.69392 -8.50136 325.574 -9.15008 -6.6991 163.681 -6.69392
-7.05307 163.818 -7.03635 -8.83453 325.625 -9.4071 -7.05307 163.818 -7.03635 -8.98297 298.029 -8.60478 -12.7323 595.665 -12.9553 -8.98297 298.029 -8.60478 -8.98297 298.029 -8.60478 -12.7323 595.665 -12.9553 -8.98297 298.029 -8.60478 -7.05307 163.818 -7.03635 -8.83453 325.625 -9.4071 -7.05307 163.818 -7.03635
-7.40697 163.899 -7.37565 -9.16794 325.634 -9.66096 -7.40697 163.899 -7.37565 -9.25667 298.027 -8.936 -13.101 595.66 -13.3182 -9.25667 298.027 -8.936 -9.25667 298.027 -8.936 -13.101 595.66 -13.3182 -9.25667 298.027 -8.936 -7.40697 163.899 -7.37565 -9.16794 325.634 -9.66096 -7.40697 163.899 -7.37565
-7.76082 164.017 -7.71994 -9.49591 325.63 -9.91092 -7.76082 164.017 -7.71994 -9.52051 298.202 -9.2548 -13.4435 595.668 -13.6438 -9.52051 298.202 -9.2548 -9.52051 298.202 -9.2548 -13.4435 595.668 -13.6438 -9.52051 298.202 -9.2548 -7.76082 164.017 -7.71994 -9.49591 325.63 -9.91092 -7.76082 164.017 -7.71994
-8.11749 164.137 -8.06373 -9.82802 325.778 -10.1518 -8.11749 164.137 -8.06373 -9.77546 298.246 -9.57476 -13.7594 595.672 -13.9483 -9.77546 298.246 -9.57476 -9.77546 298.246 -9.57476 -13.7594 595.672 -13.9483 -9.77546 298.246 -9.57476 -8.11749 164.137 -8.06373 -9.82802 325.778 -10.1518 -8.11749 164.137 -8.06373
-8.45733 163.628 -8.38437 -10.1487 325.635 -10.3575 -8.45733 163.628 -8.38437 -10.0114 298.051 -9.893 -14.0701 595.683 -14.244 -10.0114 298.051 -9.893 -10.0114 298.051 -9.893 -14.0701 595.683 -14.244 -10.0114 298.051 -9.893 -8.45733 163.628 -8.38437 -10.1487 325.635 -10.3575 -8.45733 163.628 -8.38437
-8.80736 163.904 -8.73042 -10.4722 325.645 -10.5785 -8.80736 163.904 -8.73042 -10.2743 298.104 -10.2219 -14.3728 595.689 -14.5209 -10.2743 298.104 -10.2219 -10.2743 298.104 -10.2219 -14.3728 595.689 -14.5209 -10.2743 298.104 -10.2219 -8.80736 163.904 -8.73042 -10.4722 325.645 -10.5785 -8.80736 163.904 -8.73042
-9.14552 164.055 -9.06921 -10.8007 325.699 -10.8123 -9.14552 164.055 -9.06921 -10.5432 298.168 -10.5529 -14.6489 595.69 -14.7659 -10.5432 298.168 -10.5529 -10.5432 298.168 -10.5529 -14.6489 595.69 -14.7659 -10.5432 298.168 -10.5529 -9.14552 164.055 -9.06921 -10.8007 325.699 -10.8123 -9.14552 164.055 -9.06921
-9.46683 163.647 -9.38245 -11.1362 325.638 -11.036 -9.46683 163.647 -9.38245 -10.7892 298.074 -10.8763 -14.9102 595.683 -15.0052 -10.7892 298.074 -10.8763 -10.7892 298.074 -10.8763 -14.9102 595.683 -15.0052 -10.7892 298.074 -10.8763 -9.46683 163.647 -9.38245 -11.1362 325.638 -11.036 -9.46683 163.647 -9.38245
-9.80676 163.794 -9.71479 -11.4743 325.666 -11.2704 -9.80676 163.794 -9.71479 -11.0417 298.186 -11.1995 -15.1713 595.675 -15.2403 -11.0417 298.186 -11.1995 -11.0417 298.186 -11.1995 -15.1713 595.675 -15.2403 -11.0417 298.186 -11.1995 -9.80676 163.794 -9.71479 -11.4743 325.666 -11.2704 -9.80676 163.794 -9.71479
-10.1452 163.904 -10.0425 -11.8153 325.736 -11.5091 -10.1452 163.904 -10.0425 -11.2892 298.228 -11.5212 -15.4284 595.667 -15.4742 -11.2892 298.228 -11.5212 -11.2892 298.228 -11.5212 -15.4284 595.667 -15.4742 -11.2892 298.228 -11.5212 -10.1452 163.904 -10.0425 -11.8153 325.736 -11.5091 -10.1452 163.904 -10.0425
-10.48 163.99 -10.368 -12.1465 325.846 -11.7377 -10.48 163.99 -10.368 -11.5411 298.289 -11.8432 -15.671 595.679 -15.696 -11.5411 298.289 -11.8432 -11.5411 298.289 -11.8432 -15.671 595.679 -15.696 -11.5411 298.289 -11.8432 -10.48 163.99 -10.368 -12.1465 325.846 -11.7377 -10.48 163.99 -10.368
-10.8012 163.697 -10.6838 -12.4752 325.726 -11.9341 -10.8012 163.697 -10.6838 -11.7717 298.143 -12.1629 -15.8913 595.682 -15.883 -11.7717 298.143 -12.1629 -11.7717 298.143 -12.1629 -15.8913 595.682 -15.883 -11.7717 298.143 -12.1629 -10.8012 163.697 -10.6838 -12.4752 325.726 -11.9341 -10.8012 163.697 -10.6838
-11.1385 163.81 -11.0106 -12.8111 325.768 -12.1543 -11.1385 163.81 -11.0106 -12.0141 298.166 -12.4873 -16.1124 595.677 -16.0769 -12.0141 298.166 -12.4873 -12.0141 298.166 -12.4873 -16.1124 595.677 -16.0769 -12.0141 298.166 -12.4873 -11.1385 163.81 -11.0106 -12.8111 325.768 -12.1543 -11.1385 163.81 -11.0106
-11.4721 163.896 -11.3352 -13.1488 325.798 -12.3746 -11.4721 163.896 -11.3352 -12.261 298.216 -12.8126 -16.3299 595.676 -16.2712 -12.261 298.216 -12.8126 -12.261 298.216 -12.8126 -16.3299 595.676 -16.2712 -12.261 298.216 -12.8126 -11.4721 163.896 -11.3352 -13.1488 325.798 -12.3746 -11.4721 163.896 -11.3352
-11.8009 163.964 -11.6584 -13.4842 325.834 -12.5967 -11.8009 163.964 -11.6584 -12.5093 298.271 -13.1399 -16.5484 595.671 -16.4602 -12.5093 298.271 -13.1399 -12.5093 298.271 -13.1399 -16.5484 595.671 -16.4602 -12.5093 298.271 -13.1399 -11.8009 163.964 -11.6584 -13.4842 325.834 -12.5967 -11.8009 163.964 -11.6584
-12.1185 163.707 -11.9716 -13.8209 325.735 -12.7921 -12.1185 163.707 -11.9716 -12.7376 298.138 -13.4628 -16.7579 595.676 -16.6334 -12.7376 298.138 -13.4628 -12.7376 298.138 -13.4628 -16.7579 595.676 -16.6334 -12.7376 298.138 -13.4628 -12.1185 163.707 -11.9716 -13.8209 325.735 -12.7921 -12.1185 163.707 -11.9716
-12.4535 163.821 -12.2958 -14.1622 325.765 -13.0058 -12.4535 163.821 -12.2958 -12.9806 298.179 -13.7914 -16.9691 595.673 -16.8147 -12.9806 298.179 -13.7914 -12.9806 298.179 -13.7914 -16.9691 595.673 -16.8147 -12.9806 298.179 -13.7914 -12.4535 163.821 -12.2958 -14.1622 325.765 -13.0058 -12.4535 163.821 -12.2958
-12.7831 163.903 -12.6185 -14.5043 325.805 -13.222 -12.7831 163.903 -12.6185 -13.2238 298.223 -14.1201 -17.1753 595.686 -16.9915 -13.2238 298.223 -14.1201 -13.2238 298.223 -14.1201 -17.1753 595.686 -16.9915 -13.2238 298.223 -14.1201 -12.7831 163.903 -12.6185 -14.5043 325.805 -13.222 -12.7831 163.903 -12.6185
-13.1102 163.964 -12.9378 -14.8433 325.843 -13.4411 -13.1102 163.964 -12.9378 -13.4669 298.263 -14.4477 -17.3707 595.69 -17.1561 -13.4669 298.263 -14.4477 -13.4669 298.263 -14.4477 -17.3707 595.69 -17.1561 -13.4669 298.263 -14.4477 -13.1102 163.964 -12.9378 -14.8433 325.843 -13.4411 -13.1102 163.964 -12.9378
-13.4357 164.014 -13.2551 -15.1831 325.875 -13.6611 -13.4357 164.014 -13.2551 -13.7112 298.307 -14.7768 -17.5645 595.689 -17.3147 -13.7112 298.307 -14.7768 -13.7112 298.307 -14.7768 -17.5645 595.689 -17.3147 -13.7112 298.307 -14.7768 -13.4357 164.014 -13.2551 -15.1831 325.875 -13.6611 -13.4357 164.014 -13.2551
-13.7452 163.751 -13.5636 -15.5243 325.776 -13.8552 -13.7452 163.751 -13.5636 -13.9386 298.24 -15.1007 -17.7484 595.691 -17.4623 -13.9386 298.24 -15.1007 -13.9386 298.24 -15.1007 -17.7484 595.691 -17.4623 -13.9386 298.24 -15.1007 -13.7452 163.751 -13.5636 -15.5243 325.776 -13.8552 -13.7452 163.751 -13.5636
-14.071 163.865 -13.8821 -15.8666 325.814 -14.07 -14.071 163.865 -13.8821 -14.18 298.288 -15.4221 -17.9393 595.702 -17.6276 -14.18 298.288 -15.4221 -14.18 298.288 -15.4221 -17.9393 595.702 -17.6276 -14.18 298.288 -15.4221 -14.071 163.865 -13.8821 -15.8666 325.814 -14.07 -14.071 163.865 -13.8821
-14.3947 163.944 -14.1977 -16.1996 325.854 -14.2888 -14.3947 163.944 -14.1977 -14.4183 298.329 -15.7396 -18.138 595.723 -17.7988 -14.4183 298.329 -15.7396 -14.4183 298.329 -15.7396 -18.138 595.723 -17.7988 -14.4183 298.329 -15.7396 -14.3947 163.944 -14.1977 -16.1996 325.854 -14.2888 -14.3947 163.944 -14.1977
-14.7153 164.003 -14.5114 -16.5287 325.929 -14.5078 -14.7153 164.003 -14.5114 -14.6591 298.381 -16.05 -18.3391 595.75 -17.9805 -14.6591 298.381 -16.05 -14.6591 298.381 -16.05 -18.3391 595.75 -17.9805 -14.6591 298.381 -16.05 -14.7153 164.003 -14.5114 -16.5287 325.929 -14.5078 -14.7153 164.003 -14.5114
-15.0208 163.721 -14.8098 -16.842 325.848 -14.7074 -15.0208 163.721 -14.8098 -14.8844 298.271 -16.3541 -18.5379 595.743 -18.152 -14.8844 298.271 -16.3541 -14.8844 298.271 -16.3541 -18.5379 595.743 -18.152 -14.8844 298.271 -16.3541 -15.0208 163.721 -14.8098 -16.842 325.848 -14.7074 -15.0208 163.721 -14.8098
-15.3339 163.747 -15.1176 -17.1575 325.881 -14.9289 -15.3339 163.747 -15.1176 -15.1269 298.309 -16.6638 -18.7425 595.748 -18.3285 -15.1269 298.309 -16.6638 -15.1269 298.309 -16.6638 -18.7425 595.748 -18.3285 -15.1269 298.309 -16.6638 -15.3339 163.747 -15.1176 -17.1575 325.881 -14.9289 -15.3339 163.747 -15.1176
-15.6441 163.839 -15.4244 -17.4696 325.916 -15.1535 -15.6441 163.839 -15.4244 -15.3709 298.342 -16.9696 -18.951 595.77 -18.5117 -15.3709 298.342 -16.9696 -15.3709 298.342 -16.9696 -18.951 595.77 -18.5117 -15.3709 298.342 -16.9696 -15.6441 163.839 -15.4244 -17.4696 325.916 -15.1535 -15.6441 163.839 -15.4244
-15.9521 163.95 -15.733 -17.7793 325.954 -15.3763 -15.9521 163.95 -15.733 -15.6175 298.372 -17.273 -19.1595 595.776 -18.6956 -15.6175 298.372 -17.273 -15.6175 298.372 -17.273 -19.1595 595.776 -18.6956 -15.6175 298.372 -17.273 -15.9521 163.95 -15.733 -17.7793 325.954 -15.3763 -15.9521 163.95 -15.733
-16.2619 164.06 -16.0391 -18.0903 325.998 -15.5979 -16.2619 164.06 -16.0391 -15.8647 298.415 -17.5771 -19.3651 595.78 -18.8785 -15.8647 298.415 -17.5771 -15.8647 298.415 -17.5771 -19.3651 595.78 -18.8785 -15.8647 298.415 -17.5771 -16.2619 164.06 -16.0391 -18.0903 325.998 -15.5979 -16.2619 164.06 -16.0391
-16.5601 163.829 -16.3303 -18.4006 325.899 -15.8034 -16.5601 163.829 -16.3303 -16.0931 298.309 -17.8781 -19.5596 595.759 -19.0503 -16.0931 298.309 -17.8781 -16.0931 298.309 -17.8781 -19.5596 595.759 -19.0503 -16.0931 298.309 -17.8781 -16.5601 163.829 -16.3303 -18.4006 325.899 -15.8034 -16.5601 163.829 -16.3303
-16.8646 163.862 -16.6308 -18.7134 325.929 -16.0281 -16.8646 163.862 -16.6308 -16.3367 298.344 -18.1812 -19.7541 595.788 -19.2267 -16.3367 298.344 -18.1812 -16.3367 298.344 -18.1812 -19.7541 595.788 -19.2267 -16.3367 298.344 -18.1812 -16.8646 163.862 -16.6308 -18.7134 325.929 -16.0281 -16.8646 163.862 -16.6308
-17.1671 163.897 -16.9294 -19.0192 325.962 -16.2555 -17.1671 163.897 -16.9294 -16.5813 298.38 -18.4818 -19.9521 595.806 -19.4013 -16.5813 298.38 -18.4818 -16.5813 298.38 -18.4818 -19.9521 595.806 -19.4013 -16.5813 298.38 -18.4818 -17.1671 163.897 -16.9294 -19.0192 325.962 -16.2555 -17.1671 163.897 -16.9294
-17.468 163.925 -17.2258 -19.323 325.986 -16.4837 -17.468 163.925 -17.2258 -16.8259 298.415 -18.7828 -20.1493 595.812 -19.5719 -16.8259 298.415 -18.7828 -16.8259 298.415 -18.7828 -20.1493 595.812 -19.5719 -16.8259 298.415 -18.7828 -17.468 163.925 -17.2258 -19.323 325.986 -16.4837 -17.468 163.925 -17.2258
-17.7672 163.947 -17.5208 -19.6276 326.013 -16.7127 -17.7672 163.947 -17.5208 -17.0704 298.441 -19.0829 -20.3444 595.817 -19.7406 -17.0704 298.441 -19.0829 -17.0704 298.441 -19.0829 -20.3444 595.817 -19.7406 -17.0704 298.441 -19.0829 -17.7672 163.947 -17.5208 -19.6276 326.013 -16.7127 -17.7672 163.947 -17.5208
-18.064 163.967 -17.8146 -19.9318 326.041 -16.9423 -18.064 163.967 -17.8146 -17.3167 298.474 -19.3818 -20.538 595.821 -19.9087 -17.3167 298.474 -19.3818 -17.3167 298.474 -19.3818 -20.538 595.821 -19.9087 -17.3167 298.474 -19.3818 -18.064 163.967 -17.8146 -19.9318 326.041 -16.9423 -18.064 163.967 -17.8146
-18.3579 163.988 -18.1058 -20.2346 326.066 -17.1738 -18.3579 163.988 -18.1058 -17.5641 298.512 -19.6775 -20.7316 595.839 -20.0819 -17.5641 298.512 -19.6775 -17.5641 298.512 -19.6775 -20.7316 595.839 -20.0819 -17.5641 298.512 -19.6775 -18.3579 163.988 -18.1058 -20.2346 326.066 -17.1738 -18.3579 163.988 -18.1058
-18.6381 163.742 -18.3838 -20.5293 325.962 -17.3916 -18.6381 163.742 -18.3838 -17.7975 298.387 -19.964 -20.9215 595.822 -20.2493 -17.7975 298.387 -19.964 -17.7975 298.387 -19.964 -20.9215 595.822 -20.2493 -17.7975 298.387 -19.964 -18.6381 163.742 -18.3838 -20.5293 325.962 -17.3916 -18.6381 163.742 -18.3838
-18.9244 163.776 -18.6721 -20.8214 325.983 -17.6228 -18.9244 163.776 -18.6721 -18.0448 298.406 -20.2529 -21.1179 595.829 -20.4242 -18.0448 298.406 -20.2529 -18.0448 298.406 -20.2529 -21.1179 595.829 -20.4242 -18.0448 298.406 -20.2529 -18.9244 163.776 -18.6721 -20.8214 325.983 -17.6228 -18.9244 163.776 -18.6721
-19.2098 163.833 -18.9586 -21.1141 326.019 -17.8526 -19.2098 163.833 -18.9586 -18.2917 298.428 -20.5408 -21.311 595.834 -20.597 -18.2917 298.428 -20.5408 -18.2917 298.428 -20.5408 -21.311 595.834 -20.597 -18.2917 298.428 -20.5408 -19.2098 163.833 -18.9586 -21.1141 326.019 -17.8526 -19.2098 163.833 -18.9586
-19.4955 163.893 -19.2417 -21.4046 326.041 -18.0807 -19.4955 163.893 -19.2417 -18.536 298.455 -20.8273 -21.5013 595.838 -20.7668 -18.536 298.455 -20.8273 -18.536 298.455 -20.8273 -21.5013 595.838 -20.7668 -18.536 298.455 -20.8273 -19.4955 163.893 -19.2417 -21.4046 326.041 -18.0807 -19.4955 163.893 -19.2417
-19.7792 163.931 -19.5218 -21.6933 326.062 -18.3091 -19.7792 163.931 -19.5218 -18.7761 298.484 -21.1129 -21.6896 595.846 -20.9327 -18.7761 298.484 -21.1129 -18.7761 298.484 -21.1129 -21.6896 595.846 -20.9327 -18.7761 298.484 -21.1129 -19.7792 163.931 -19.5218 -21.6933 326.062 -18.3091 -19.7792 163.931 -19.5218
-20.0595 163.954 -19.7993 -21.9788 326.078 -18.5355 -20.0595 163.954 -19.7993 -19.0141 298.51 -21.3937 -21.8769 595.865 -21.1014 -19.0141 298.51 -21.3937 -19.0141 298.51 -21.3937 -21.8769 595.865 -21.1014 -19.0141 298.51 -21.3937 -20.0595 163.954 -19.7993 -21.9788 326.078 -18.5355 -20.0595 163.954 -19.7993
-20.3371 163.972 -20.0735 -22.2592 326.102 -18.7614 -20.3371 163.972 -20.0735 -19.25 298.537 -21.6699 -22.0651 595.889 -21.2697 -19.25 298.537 -21.6699 -19.25 298.537 -21.6699 -22.0651 595.889 -21.2697 -19.25 298.537 -21.6699 -20.3371 163.972 -20.0735 -22.2592 326.102 -18.7614 -20.3371 163.972 -20.0735
-20.6107 163.99 -20.3444 -22.5311 326.126 -18.9871 -20.6107 163.99 -20.3444 -19.4849 298.564 -21.9417 -22.2545 595.908 -21.4376 -19.4849 298.564 -21.9417 -19.4849 298.564 -21.9417 -22.2545 595.908 -21.4376 -19.4849 298.564 -21.9417 -20.6107 163.99 -20.3444 -22.5311 326.126 -18.9871 -20.6107 163.99 -20.3444
-20.8715 163.763 -20.601 -22.7954 326.012 -19.198 -20.8715 163.763 -20.601 -19.7042 298.436 -22.2066 -22.4354 595.865 -21.5933 -19.7042 298.436 -22.2066 -19.7042 298.436 -22.2066 -22.4354 595.865 -21.5933 -19.7042 298.436 -22.2066 -20.8715 163.763 -20.601 -22.7954 326.012 -19.198 -20.8715 163.763 -20.601
-21.1366 163.764 -20.8639 -23.0603 326.021 -19.4192 -21.1366 163.764 -20.8639 -19.9334 298.447 -22.4721 -22.6186 595.868 -21.7563 -19.9334 298.447 -22.4721 -19.9334 298.447 -22.4721 -22.6186 595.868 -21.7563 -19.9334 298.447 -22.4721 -21.1366 163.764 -20.8639 -23.0603 326.021 -19.4192 -21.1366 163.764 -20.8639
-21.3983 163.774 -21.1229 -23.321 326.04 -19.6395 -21.3983 163.774 -21.1229 -20.1601 298.467 -22.7346 -22.7999 595.871 -21.916 -20.1601 298.467 -22.7346 -20.1601 298.467 -22.7346 -22.7999 595.871 -21.916 -20.1601 298.467 -22.7346 -21.3983 163.774 -21.1229 -23.321 326.04 -19.6395 -21.3983 163.774 -21.1229
-21.6551 163.784 -21.3778 -23.5788 326.056 -19.8562 -21.6551 163.784 -21.3778 -20.3838 298.482 -22.9925 -22.9771 595.876 -22.0736 -20.3838 298.482 -22.9925 -20.3838 298.482 -22.9925 -22.9771 595.876 -22.0736 -20.3838 298.482 -22.9925 -21.6551 163.784 -21.3778 -23.5788 326.056 -19.8562 -21.6551 163.784 -21.3778
-21.9074 163.791 -21.6287 -23.8329 326.068 -20.0687 -21.9074 163.791 -21.6287 -20.6038 298.501 -23.2444 -23.1498 595.892 -22.232 -20.6038 298.501 -23.2444 -20.6038 298.501 -23.2444 -23.1498 595.892 -22.232 -20.6038 298.501 -23.2444 -21.9074 163.791 -21.6287 -23.8329 326.068 -20.0687 -21.9074 163.791 -21.6287
-22.1547 163.801 -21.8749 -24.0818 326.085 -20.2779 -22.1547 163.801 -21.8749 -20.8211 298.521 -23.4892 -23.3203 595.908 -22.3901 -20.8211 298.521 -23.4892 -20.8211 298.521 -23.4892 -23.3203 595.908 -22.3901 -20.8211 298.521 -23.4892 -22.1547 163.801 -21.8749 -24.0818 326.085 -20.2779 -22.1547 163.801 -21.8749
-22.3971 163.808 -22.1166 -24.3252 326.101 -20.4828 -22.3971 163.808 -22.1166 -21.034 298.537 -23.7282 -23.4884 595.927 -22.547 -21.034 298.537 -23.7282 -21.034 298.537 -23.7282 -23.4884 595.927 -22.547 -21.034 298.537 -23.7282 -22.3971 163.808 -22.1166 -24.3252 326.101 -20.4828 -22.3971 163.808 -22.1166
-22.6352 163.813 -22.3541 -24.5614 326.115 -20.6842 -22.6352 163.813 -22.3541 -21.2435 298.556 -23.9622 -23.6543 595.947 -22.7002 -21.2435 298.556 -23.9622 -21.2435 298.556 -23.9622 -23.6543 595.947 -22.7002 -21.2435 298.556 -23.9622 -22.6352 163.813 -22.3541 -24.5614 326.115 -20.6842 -22.6352 163.813 -22.3541
-22.8688 163.82 -22.5869 -24.7897 326.134 -20.8834 -22.8688 163.82 -22.5869 -21.4492 298.568 -24.1915 -23.8186 595.958 -22.8503 -21.4492 298.568 -24.1915 -21.4492 298.568 -24.1915 -23.8186 595.958 -22.8503 -21.4492 298.568 -24.1915 -22.8688 163.82 -22.5869 -24.7897 326.134 -20.8834 -22.8688 163.82 -22.5869
-23.0983 163.824 -22.815 -25.0137 326.151 -21.0791 -23.0983 163.824 -22.815 -21.6507 298.582 -24.417 -23.9792 595.966 -22.9966 -21.6507 298.582 -24.417 -21.6507 298.582 -24.417 -23.9792 595.966 -22.9966 -21.6507 298.582 -24.417 -23.0983 163.824 -22.815 -25.0137 326.151 -21.0791 -23.0983 163.824 -22.815
-23.3231 163.829 -23.0384 -25.2321 326.159 -21.2711 -23.3231 163.829 -23.0384 -21.8486 298.598 -24.6376 -24.1364 595.972 -23.1389 -21.8486 298.598 -24.6376 -21.8486 298.598 -24.6376 -24.1364 595.972 -23.1389 -21.8486 298.598 -24.6376 -23.3231 163.829 -23.0384 -25.2321 326.159 -21.2711 -23.3231 163.829 -23.0384
-23.5427 163.833 -23.2568 -25.4449 326.166 -21.459 -23.5427 163.833 -23.2568 -22.0422 298.607 -24.8526 -24.2902 595.976 -23.2781 -22.0422 298.607 -24.8526 -22.0422 298.607 -24.8526 -24.2902 595.976 -23.2781 -22.0422 298.607 -24.8526 -23.5427 163.833 -23.2568 -25.4449 326.166 -21.459 -23.5427 163.833 -23.2568
-23.7569 163.836 -23.4697 -25.652 326.179 -21.6428 -23.7569 163.836 -23.4697 -22.2309 298.613 -25.0617 -24.4403 595.98 -23.4141 -22.2309 298.613 -25.0617 -22.2309 298.613 -25.0617 -24.4403 595.98 -23.4141 -22.2309 298.613 -25.0617 -23.7569 163.836 -23.4697 -25.652 326.179 -21.6428 -23.7569 163.836 -23.4697
-23.9575 163.645 -23.6687 -25.8506 326.055 -21.8103 -23.9575 163.645 -23.6687 -22.4042 298.478 -25.2604 -24.5783 595.929 -23.5383 -22.4042 298.478 -25.2604 -22.4042 298.478 -25.2604 -24.5783 595.929 -23.5383 -22.4042 298.478 -25.2604 -23.9575 163.645 -23.6687 -25.8506 326.055 -21.8103 -23.9575 163.645 -23.6687
-24.1598 163.647 -23.8714 -26.047 326.054 -21.9828 -24.1598 163.647 -23.8714 -22.5832 298.481 -25.456 -24.7181 595.938 -23.6696 -22.5832 298.481 -25.456 -22.5832 298.481 -25.456 -24.7181 595.938 -23.6696 -22.5832 298.481 -25.456 -24.1598 163.647 -23.8714 -26.047 326.054 -21.9828 -24.1598 163.647 -23.8714
-24.357 163.663 -24.07 -26.2381 326.064 -22.1507 -24.357 163.663 -24.07 -22.7591 298.492 -25.6449 -24.8537 595.956 -23.7997 -22.7591 298.492 -25.6449 -22.7591 298.492 -25.6449 -24.8537 595.956 -23.7997 -22.7591 298.492 -25.6449 -24.357 163.663 -24.07 -26.2381 326.064 -22.1507 -24.357 163.663 -24.07
-24.5497 163.683 -24.2639 -26.4241 326.08 -22.3146 -24.5497 163.683 -24.2639 -22.9307 298.502 -25.8284 -24.9854 595.971 -23.9267 -22.9307 298.502 -25.8284 -22.9307 298.502 -25.8284 -24.9854 595.971 -23.9267 -22.9307 298.502 -25.8284 -24.5497 163.683 -24.2639 -26.4241 326.08 -22.3146 -24.5497 163.683 -24.2639
-24.7385 163.702 -24.4534 -26.6057 326.096 -22.4743 -24.7385 163.702 -24.4534 -23.0985 298.513 -26.0072 -25.1134 595.998 -24.0505 -23.0985 298.513 -26.0072 -23.0985 298.513 -26.0072 -25.1134 595.998 -24.0505 -23.0985 298.513 -26.0072 -24.7385 163.702 -24.4534 -26.6057 326.096 -22.4743 -24.7385 163.702 -24.4534
-24.9233 163.721 -24.6384 -26.7815 326.106 -22.6308 -24.9233 163.721 -24.6384 -23.2624 298.521 -26.1808 -25.2382 596.012 -24.1718 -23.2624 298.521 -26.1808 -23.2624 298.521 -26.1808 -25.2382 596.012 -24.1718 -23.2624 298.521 -26.1808 -24.9233 163.721 -24.6384 -26.7815 326.106 -22.6308 -24.9233 163.721 -24.6384
-25.1039 163.742 -24.8185 -26.9507 326.113 -22.7844 -25.1039 163.742 -24.8185 -23.4228 298.535 -26.3493 -25.3615 596.026 -24.2912 -23.4228 298.535 -26.3493 -23.4228 298.535 -26.3493 -25.3615 596.026 -24.2912 -23.4228 298.535 -26.3493 -25.1039 163.742 -24.8185 -26.9507 326.113 -22.7844 -25.1039 163.742 -24.8185
-25.279 163.756 -24.9934 -27.1125 326.12 -22.9348 -25.279 163.756 -24.9934 -23.5782 298.548 -26.5128 -25.4834 596.039 -24.4086 -23.5782 298.548 -26.5128 -23.5782 298.548 -26.5128 -25.4834 596.039 -24.4086 -23.5782 298.548 -26.5128 -25.279 163.756 -24.9934 -27.1125 326.12 -22.9348 -25.279 163.756 -24.9934
-25.4485 163.765 -25.1626 -27.2675 326.133 -23.0815 -25.4485 163.765 -25.1626 -23.7287 298.558 -26.6704 -25.6002 596.048 -24.5235 -23.7287 298.558 -26.6704 -23.7287 298.558 -26.6704 -25.6002 596.048 -24.5235 -23.7287 298.558 -26.6704 -25.4485 163.765 -25.1626 -27.2675 326.133 -23.0815 -25.4485 163.765 -25.1626
-25.6121 163.771 -25.3259 -27.4187 326.151 -23.2226 -25.6121 163.771 -25.3259 -23.8736 298.564 -26.8222 -25.7084 596.053 -24.6327 -23.8736 298.564 -26.8222 -23.8736 298.564 -26.8222 -25.7084 596.053 -24.6327 -23.8736 298.564 -26.8222 -25.6121 163.771 -25.3259 -27.4187 326.151 -23.2226 -25.6121 163.771 -25.3259
-25.7702 163.775 -25.4836 -27.5636 326.159 -23.3581 -25.7702 163.775 -25.4836 -24.0126 298.569 -26.969 -25.8116 596.056 -24.7322 -24.0126 298.569 -26.969 -24.0126 298.569 -26.969 -25.8116 596.056 -24.7322 -24.0126 298.569 -26.969 -25.7702 163.775 -25.4836 -27.5636 326.159 -23.3581 -25.7702 163.775 -25.4836
-25.9232 163.779 -25.6363 -27.7032 326.164 -23.4878 -25.9232 163.779 -25.6363 -24.1464 298.578 -27.1105 -25.9092 596.059 -24.8257 -24.1464 298.578 -27.1105 -24.1464 298.578 -27.1105 -25.9092 596.059 -24.8257 -24.1464 298.578 -27.1105 -25.9232 163.779 -25.6363 -27.7032 326.164 -23.4878 -25.9232 163.779 -25.6363
-26.072 163.781 -25.7847 -27.8384 326.167 -23.6121 -26.072 163.781 -25.7847 -24.2751 298.593 -27.2481 -26.001 596.061 -24.9125 -24.2751 298.593 -27.2481 -24.2751 298.593 -27.2481 -26.001 596.061 -24.9125 -24.2751 298.593 -27.2481 -26.072 163.781 -25.7847 -27.8384 326.167 -23.6121 -26.072 163.781 -25.7847
-26.2173 163.783 -25.9296 -27.97 326.169 -23.7319 -26.2173 163.783 -25.9296 -24.4 298.604 -27.3817 -26.0873 596.063 -24.9931 -24.4 298.604 -27.3817 -24.4 298.604 -27.3817 -26.0873 596.063 -24.9931 -24.4 298.604 -27.3817 -26.2173 163.783 -25.9296 -27.97 326.169 -23.7319 -26.2173 163.783 -25.9296
-26.3595 163.785 -26.0714 -28.0988 326.172 -23.8479 -26.3595 163.785 -26.0714 -24.5217 298.617 -27.5118 -26.169 596.064 -25.0688 -24.5217 298.617 -27.5118 -24.5217 298.617 -27.5118 -26.169 596.064 -25.0688 -24.5217 298.617 -27.5118 -26.3595 163.785 -26.0714 -28.0988 326.172 -23.8479 -26.3595 163.785 -26.0714
-26.4923 163.619 -26.2036 -28.2216 326.062 -23.952 -26.4923 163.619 -26.2036 -24.632 298.499 -27.6351 -26.2409 595.998 -25.133 -24.632 298.499 -27.6351 -24.632 298.499 -27.6351 -26.2409 595.998 -25.133 -24.632 298.499 -27.6351 -26.4923 163.619 -26.2036 -28.2216 326.062 -23.952 -26.4923 163.619 -26.2036
-26.6349 163.776 -26.3459 -28.348 326.182 -24.0713 -26.6349 163.776 -26.3459 -24.7553 298.637 -27.7637 -26.3212 596.066 -25.2093 -24.7553 298.637 -27.7637 -24.7553 298.637 -27.7637 -26.3212 596.066 -25.2093 -24.7553 298.637 -27.7637 -26.6349 163.776 -26.3459 -28.348 326.182 -24.0713 -26.6349 163.776 -26.3459
-26.7602 163.625 -26.4724 -28.4648 326.072 -24.1712 -26.7602 163.625 -26.4724 -24.8607 298.529 -27.8815 -26.3876 596.009 -25.2701 -24.8607 298.529 -27.8815 -24.8607 298.529 -27.8815 -26.3876 596.009 -25.2701 -24.8607 298.529 -27.8815 -26.7602 163.625 -26.4724 -28.4648 326.072 -24.1712 -26.7602 163.625 -26.4724
-26.8854 163.618 -26.5983 -28.5801 326.068 -24.2779 -26.8854 163.618 -26.5983 -24.9716 298.532 -27.9982 -26.4575 596.014 -25.3362 -24.9716 298.532 -27.9982 -24.9716 298.532 -27.9982 -26.4575 596.014 -25.3362 -24.9716 298.532 -27.9982 -26.8854 163.618 -26.5983 -28.5801 326.068 -24.2779 -26.8854 163.618 -26.5983
-27.0062 163.619 -26.7196 -28.6906 326.07 -24.3825 -27.0062 163.619 -26.7196 -25.0797 298.538 -28.1097 -26.5254 596.023 -25.4016 -25.0797 298.538 -28.1097 -25.0797 298.538 -28.1097 -26.5254 596.023 -25.4016 -25.0797 298.538 -28.1097 -27.0062 163.619 -26.7196 -28.6906 326.07 -24.3825 -27.0062 163.619 -26.7196
-27.1216 163.62 -26.8358 -28.7957 326.072 -24.4837 -27.1216 163.62 -26.8358 -25.1841 298.543 -28.2156 -26.5905 596.03 -25.4653 -25.1841 298.543 -28.2156 -25.1841 298.543 -28.2156 -26.5905 596.03 -25.4653 -25.1841 298.543 -28.2156 -27.1216 163.62 -26.8358 -28.7957 326.072 -24.4837 -27.1216 163.62 -26.8358
-27.2316 163.621 -26.9468 -28.8951 326.074 -24.5807 -27.2316 163.621 -26.9468 -25.2842 298.548 -28.3158 -26.652 596.039 -25.5263 -25.2842 298.548 -28.3158 -25.2842 298.548 -28.3158 -26.652 596.039 -25.5263 -25.2842 298.548 -28.3158 -27.2316 163.621 -26.9468 -28.8951 326.074 -24.5807 -27.2316 163.621 -26.9468
-27.3367 163.622 -27.0528 -28.9894 326.076 -24.673 -27.3367 163.622 -27.0528 -25.3795 298.552 -28.4106 -26.709 596.046 -25.5832 -25.3795 298.552 -28.4106 -25.3795 298.552 -28.4106 -26.709 596.046 -25.5832 -25.3795 298.552 -28.4106 -27.3367 163.622 -27.0528 -28.9894 326.076 -24.673 -27.3367 163.622 -27.0528
-27.4375 163.623 -27.1547 -29.0795 326.081 -24.76 -27.4375 163.623 -27.1547 -25.47 298.557 -28.501 -26.7605 596.054 -25.6348 -25.47 298.557 -28.501 -25.47 298.557 -28.501 -26.7605 596.054 -25.6348 -25.47 298.557 -28.501 -27.4375 163.623 -27.1547 -29.0795 326.081 -24.76 -27.4375 163.623 -27.1547
-27.5348 163.624 -27.2531 -29.1663 326.085 -24.842 -27.5348 163.624 -27.2531 -25.5561 298.564 -28.5878 -26.8057 596.061 -25.6801 -25.5561 298.564 -28.5878 -25.5561 298.564 -28.5878 -26.8057 596.061 -25.6801 -25.5561 298.564 -28.5878 -27.5348 163.624 -27.2531 -29.1663 326.085 -24.842 -27.5348 163.624 -27.2531
-27.6294 163.625 -27.3489 -29.2503 326.092 -24.9194 -27.6294 163.625 -27.3489 -25.6382 298.569 -28.6715 -26.845 596.069 -25.7192 -25.6382 298.569 -28.6715 -25.6382 298.569 -28.6715 -26.845 596.069 -25.7192 -25.6382 298.569 -28.6715 -27.6294 163.625 -27.3489 -29.2503 326.092 -24.9194 -27.6294 163.625 -27.3489
-27.7219 163.626 -27.4425 -29.3313 326.101 -24.9933 -27.7219 163.626 -27.4425 -25.7175 298.573 -28.7509 -26.879 596.076 -25.7532 -25.7175 298.573 -28.7509 -25.7175 298.573 -28.7509 -26.879 596.076 -25.7532 -25.7175 298.573 -28.7509 -27.7219 163.626 -27.4425 -29.3313 326.101 -24.9933 -27.7219 163.626 -27.4425
-27.8128 163.628 -27.5342 -29.4086 326.109 -25.0648 -27.8128 163.628 -27.5342 -25.794 298.577 -28.8271 -26.909 596.082 -25.7825 -25.794 298.577 -28.8271 -25.794 298.577 -28.8271 -26.909 596.082 -25.7825 -25.794 298.577 -28.8271 -27.8128 163.628 -27.5342 -29.4086 326.109 -25.0648 -27.8128 163.628 -27.5342
-27.9025 163.63 -27.6243 -29.4823 326.118 -25.134 -27.9025 163.63 -27.6243 -25.8672 298.58 -28.9007 -26.9359 596.09 -25.8081 -25.8672 298.58 -28.9007 -25.8672 298.58 -28.9007 -26.9359 596.09 -25.8081 -25.8672 298.58 -28.9007 -27.9025 163.63 -27.6243 -29.4823 326.118 -25.134 -27.9025 163.63 -27.6243
-27.9912 163.632 -27.7128 -29.5527 326.128 -25.2009 -27.9912 163.632 -27.7128 -25.9369 298.583 -28.9723 -26.9604 596.097 -25.8304 -25.9369 298.583 -28.9723 -25.9369 298.583 -28.9723 -26.9604 596.097 -25.8304 -25.9369 298.583 -28.9723 -27.9912 163.632 -27.7128 -29.5527 326.128 -25.2009 -27.9912 163.632 -27.7128
-28.0791 163.634 -27.7996 -29.62 326.139 -25.2654 -28.0791 163.634 -27.7996 -26.0024 298.585 -29.0425 -26.9832 596.104 -25.85 -26.0024 298.585 -29.0425 -26.0024 298.585 -29.0425 -26.9832 596.104 -25.85 -26.0024 298.585 -29.0425 -28.0791 163.634 -27.7996 -29.62 326.139 -25.2654 -28.0791 163.634 -27.7996
-28.1657 163.637 -27.8846 -29.6845 326.151 -25.3271 -28.1657 163.637 -27.8846 -26.0641 298.588 -29.1112 -27.0049 596.111 -25.8675 -26.0641 298.588 -29.1112 -26.0641 298.588 -29.1112 -27.0049 596.111 -25.8675 -26.0641 298.588 -29.1112 -28.1657 163.637 -27.8846 -29.6845 326.151 -25.3271 -28.1657 163.637 -27.8846
-28.25 163.639 -27.9676 -29.7461 326.16 -25.3857 -28.25 163.639 -27.9676 -26.124 298.591 -29.1775 -27.0254 596.117 -25.8838 -26.124 298.591 -29.1775 -26.124 298.591 -29.1775 -27.0254 596.117 -25.8838 -26.124 298.591 -29.1775 -28.25 163.639 -27.9676 -29.7461 326.16 -25.3857 -28.25 163.639 -27.9676
-28.3314 163.641 -28.0484 -29.805 326.168 -25.4407 -28.3314 163.641 -28.0484 -26.1822 298.596 -29.2408 -27.045 596.125 -25.8992 -26.1822 298.596 -29.2408 -26.1822 298.596 -29.2408 -27.045 596.125 -25.8992 -26.1822 298.596 -29.2408 -28.3314 163.641 -28.0484 -29.805 326.168 -25.4407 -28.3314 163.641 -28.0484
-28.4094 163.643 -28.1262 -29.8605 326.174 -25.4927 -28.4094 163.643 -28.1262 -26.2386 298.6 -29.3008 -27.0638 596.131 -25.9142 -26.2386 298.6 -29.3008 -26.2386 298.6 -29.3008 -27.0638 596.131 -25.9142 -26.2386 298.6 -29.3008 -28.4094 163.643 -28.1262 -29.8605 326.174 -25.4927 -28.4094 163.643 -28.1262
-28.4837 163.645 -28.2005 -29.9121 326.181 -25.5428 -28.4837 163.645 -28.2005 -26.2929 298.603 -29.3569 -27.0815 596.137 -25.9291 -26.2929 298.603 -29.3569 -26.2929 298.603 -29.3569 -27.0815 596.137 -25.9291 -26.2929 298.603 -29.3569 -28.4837 163.645 -28.2005 -29.9121 326.181 -25.5428 -28.4837 163.645 -28.2005
-28.5538 163.647 -28.2708 -29.9592 326.186 -25.5912 -28.5538 163.647 -28.2708 -26.345 298.605 -29.4087 -27.0978 596.141 -25.9437 -26.345 298.605 -29.4087 -26.345 298.605 -29.4087 -27.0978 596.141 -25.9437 -26.345 298.605 -29.4087 -28.5538 163.647 -28.2708 -29.9592 326.186 -25.5912 -28.5538 163.647 -28.2708
-28.6195 163.648 -28.3369 -30.0015 326.19 -25.6375 -28.6195 163.648 -28.3369 -26.3943 298.606 -29.4559 -27.1126 596.144 -25.9579 -26.3943 298.606 -29.4559 -26.3943 298.606 -29.4559 -27.1126 596.144 -25.9579 -26.3943 298.606 -29.4559 -28.6195 163.648 -28.3369 -30.0015 326.19 -25.6375 -28.6195 163.648 -28.3369
-28.6811 163.648 -28.3987 -30.0391 326.192 -25.6812 -28.6811 163.648 -28.3987 -26.4405 298.607 -29.4985 -27.1255 596.147 -25.971 -26.4405 298.607 -29.4985 -26.4405 298.607 -29.4985 -27.1255 596.147 -25.971 -26.4405 298.607 -29.4985 -28.6811 163.648 -28.3987 -30.0391 326.192 -25.6812 -28.6811 163.648 -28.3987
-28.7388 163.649 -28.4566 -30.0725 326.195 -25.7217 -28.7388 163.649 -28.4566 -26.4831 298.608 -29.537 -27.136 596.149 -25.9823 -26.4831 298.608 -29.537 -26.4831 298.608 -29.537 -27.136 596.149 -25.9823 -26.4831 298.608 -29.537 -28.7388 163.649 -28.4566 -30.0725 326.195 -25.7217 -28.7388 163.649 -28.4566
-28.7932 163.65 -28.511 -30.1024 326.198 -25.7585 -28.7932 163.65 -28.511 -26.5221 298.609 -29.5718 -27.1433 596.151 -25.9909 -26.5221 298.609 -29.5718 -26.5221 298.609 -29.5718 -27.1433 596.151 -25.9909 -26.5221 298.609 -29.5718 -28.7932 163.65 -28.511 -30.1024 326.198 -25.7585 -28.7932 163.65 -28.511
-28.8449 163.65 -28.5627 -30.1296 326.2 -25.7915 -28.8449 163.65 -28.5627 -26.5573 298.609 -29.6037 -27.147 596.152 -25.9962 -26.5573 298.609 -29.6037 -26.5573 298.609 -29.6037 -27.147 596.152 -25.9962 -26.5573 298.609 -29.6037 -28.8449 163.65 -28.5627 -30.1296 326.2 -25.7915 -28.8449 163.65 -28.5627
-28.8897 163.52 -28.6071 -30.1518 326.093 -25.8143 -28.8897 163.52 -28.6071 -26.5831 298.495 -29.6299 -27.142 596.081 -25.9915 -26.5831 298.495 -29.6299 -26.5831 298.495 -29.6299 -27.142 596.081 -25.9915 -26.5831 298.495 -29.6299 -28.8897 163.52 -28.6071 -30.1518 326.093 -25.8143 -28.8897 163.52 -28.6071
-28.9422 163.641 -28.6594 -30.1784 326.196 -25.8458 -28.9422 163.641 -28.6594 -26.6174 298.601 -29.6612 -27.1426 596.149 -25.9941 -26.6174 298.601 -29.6612 -26.6174 298.601 -29.6612 -27.1426 596.149 -25.9941 -26.6174 298.601 -29.6612 -28.9422 163.641 -28.6594 -30.1784 326.196 -25.8458 -28.9422 163.641 -28.6594
-28.9844 163.522 -28.7012 -30.1984 326.095 -25.8627 -28.9844 163.522 -28.7012 -26.6383 298.497 -29.685 -27.1309 596.082 -25.9818 -26.6383 298.497 -29.685 -26.6383 298.497 -29.685 -27.1309 596.082 -25.9818 -26.6383 298.497 -29.685 -28.9844 163.522 -28.7012 -30.1984 326.095 -25.8627 -28.9844 163.522 -28.7012
-29.0299 163.515 -28.7461 -30.2204 326.09 -25.8826 -29.0299 163.515 -28.7461 -26.6623 298.491 -29.7109 -27.1203 596.08 -25.9711 -26.6623 298.491 -29.7109 -26.6623 298.491 -29.7109 -27.1203 596.08 -25.9711 -26.6623 298.491 -29.7109 -29.0299 163.515 -28.7461 -30.2204 326.09 -25.8826 -29.0299 163.515 -28.7461
-29.0747 163.515 -28.7905 -30.242 326.091 -25.9009 -29.0747 163.515 -28.7905 -26.6849 298.493 -29.7365 -27.1075 596.081 -25.9575 -26.6849 298.493 -29.7365 -26.6849 298.493 -29.7365 -27.1075 596.081 -25.9575 -26.6849 298.493 -29.7365 -29.0747 163.515 -28.7905 -30.242 326.091 -25.9009 -29.0747 163.515 -28.7905
-29.1189 163.517 -28.8342 -30.2631 326.093 -25.9176 -29.1189 163.517 -28.8342 -26.7063 298.496 -29.7615 -27.0927 596.082 -25.9414 -26.7063 298.496 -29.7615 -26.7063 298.496 -29.7615 -27.0927 596.082 -25.9414 -26.7063 298.496 -29.7615 -29.1189 163.517 -28.8342 -30.2631 326.093 -25.9176 -29.1189 163.517 -28.8342
-29.1624 163.518 -28.8772 -30.2844 326.095 -25.9329 -29.1624 163.518 -28.8772 -26.7266 298.499 -29.786 -27.0745 596.082 -25.9237 -26.7266 298.499 -29.786 -26.7266 298.499 -29.786 -27.0745 596.082 -25.9237 -26.7266 298.499 -29.786 -29.1624 163.518 -28.8772 -30.2844 326.095 -25.9329 -29.1624 163.518 -28.8772
-29.2054 163.52 -28.9198 -30.3061 326.096 -25.9467 -29.2054 163.52 -28.9198 -26.746 298.502 -29.8103 -27.0526 596.082 -25.9031 -26.746 298.502 -29.8103 -26.746 298.502 -29.8103 -27.0526 596.082 -25.9031 -26.746 298.502 -29.8103 -29.2054 163.52 -28.9198 -30.3061 326.096 -25.9467 -29.2054 163.52 -28.9198
-29.2478 163.521 -28.9618 -30.3276 326.098 -25.9596 -29.2478 163.521 -28.9618 -26.7643 298.504 -29.8347 -27.0289 596.082 -25.8784 -26.7643 298.504 -29.8347 -26.7643 298.504 -29.8347 -27.0289 596.082 -25.8784 -26.7643 298.504 -29.8347 -29.2478 163.521 -28.9618 -30.3276 326.098 -25.9596 -29.2478 163.521 -28.9618
-29.2898 163.523 -29.0034 -30.3499 326.1 -25.9712 -29.2898 163.523 -29.0034 -26.7819 298.506 -29.859 -27.0012 596.085 -25.8516 -26.7819 298.506 -29.859 -26.7819 298.506 -29.859 -27.0012 596.085 -25.8516 -26.7819 298.506 -29.859 -29.2898 163.523 -29.0034 -30.3499 326.1 -25.9712 -29.2898 163.523 -29.0034
-29.3315 163.524 -29.0445 -30.3728 326.102 -25.9817 -29.3315 163.524 -29.0445 -26.7983 298.508 -29.8843 -26.97 596.086 -25.8165 -26.7983 298.508 -29.8843 -26.7983 298.508 -29.8843 -26.97 596.086 -25.8165 -26.7983 298.508 -29.8843 -29.3315 163.524 -29.0445 -30.3728 326.102 -25.9817 -29.3315 163.524 -29.0445
-29.3726 163.525 -29.0851 -30.3952 326.104 -25.9915 -29.3726 163.525 -29.0851 -26.8141 298.509 -29.9091 -26.9381 596.087 -25.7804 -26.8141 298.509 -29.9091 -26.8141 298.509 -29.9091 -26.9381 596.087 -25.7804 -26.8141 298.509 -29.9091 -29.3726 163.525 -29.0851 -30.3952 326.104 -25.9915 -29.3726 163.525 -29.0851
-29.4131 163.527 -29.1251 -30.4171 326.108 -26.0006 -29.4131 163.527 -29.1251 -26.8292 298.511 -29.9334 -26.9054 596.089 -25.7436 -26.8292 298.511 -29.9334 -26.8292 298.511 -29.9334 -26.9054 596.089 -25.7436 -26.8292 298.511 -29.9334 -29.4131 163.527 -29.1251 -30.4171 326.108 -26.0006 -29.4131 163.527 -29.1251
-29.4531 163.528 -29.1646 -30.4384 326.11 -26.009 -29.4531 163.528 -29.1646 -26.8437 298.513 -29.957 -26.872 596.091 -25.706 -26.8437 298.513 -29.957 -26.8437 298.513 -29.957 -26.872 596.091 -25.706 -26.8437 298.513 -29.957 -29.4531 163.528 -29.1646 -30.4384 326.11 -26.009 -29.4531 163.528 -29.1646
-29.4925 163.53 -29.2035 -30.4591 326.113 -26.0168 -29.4925 163.53 -29.2035 -26.8576 298.515 -29.9801 -26.8378 596.093 -25.6677 -26.8576 298.515 -29.9801 -26.8576 298.515 -29.9801 -26.8378 596.093 -25.6677 -26.8576 298.515 -29.9801 -29.4925 163.53 -29.2035 -30.4591 326.113 -26.0168 -29.4925 163.53 -29.2035
-29.5311 163.532 -29.2423 -30.4773 326.118 -26.022 -29.5311 163.532 -29.2423 -26.871 298.518 -30.0026 -26.8037 596.096 -25.6283 -26.871 298.518 -30.0026 -26.871 298.518 -30.0026 -26.8037 596.096 -25.6283 -26.871 298.518 -30.0026 -29.5311 163.532 -29.2423 -30.4773 326.118 -26.022 -29.5311 163.532 -29.2423
-29.57 163.532 -29.2803 -30.4937 326.119 -26.0253 -29.57 163.532 -29.2803 -26.8807 298.52 -30.0217 -26.7687 596.098 -25.5897 -26.8807 298.52 -30.0217 -26.8807 298.52 -30.0217 -26.7687 596.098 -25.5897 -26.8807 298.52 -30.0217 -29.57 163.532 -29.2803 -30.4937 326.119 -26.0253 -29.57 163.532 -29.2803
-29.6082 163.534 -29.3175 -30.5094 326.121 -26.0281 -29.6082 163.534 -29.3175 -26.8897 298.521 -30.04 -26.7328 596.1 -25.5503 -26.8897 298.521 -30.04 -26.8897 298.521 -30.04 -26.7328 596.1 -25.5503 -26.8897 298.521 -30.04 -29.6082 163.534 -29.3175 -30.5094 326.121 -26.0281 -29.6082 163.534 -29.3175
-29.6454 163.536 -29.3539 -30.5243 326.123 -26.0304 -29.6454 163.536 -29.3539 -26.8981 298.523 -30.0575 -26.696 596.102 -25.5101 -26.8981 298.523 -30.0575 -26.8981 298.523 -30.0575 -26.696 596.102 -25.5101 -26.8981 298.523 -30.0575 -29.6454 163.536 -29.3539 -30.5243 326.123 -26.0304 -29.6454 163.536 -29.3539
-29.6794 163.538 -29.3875 -30.5379 326.124 -26.0334 -29.6794 163.538 -29.3875 -26.9069 298.525 -30.0738 -26.6585 596.105 -25.4692 -26.9069 298.525 -30.0738 -26.9069 298.525 -30.0738 -26.6585 596.105 -25.4692 -26.9069 298.525 -30.0738 -29.6794 163.538 -29.3875 -30.5379 326.124 -26.0334 -29.6794 163.538 -29.3875
-29.7112 163.539 -29.4191 -30.5502 326.126 -26.0361 -29.7112 163.539 -29.4191 -26.9153 298.526 -30.0889 -26.62 596.107 -25.4276 -26.9153 298.526 -30.0889 -26.9153 298.526 -30.0889 -26.62 596.107 -25.4276 -26.9153 298.526 -30.0889 -29.7112 163.539 -29.4191 -30.5502 326.126 -26.0361 -29.7112 163.539 -29.4191
-29.7418 163.54 -29.4495 -30.5612 326.127 -26.0381 -29.7418 163.54 -29.4495 -26.9229 298.527 -30.1027 -26.5807 596.109 -25.3851 -26.9229 298.527 -30.1027 -26.9229 298.527 -30.1027 -26.5807 596.109 -25.3851 -26.9229 298.527 -30.1027 -29.7418 163.54 -29.4495 -30.5612 326.127 -26.0381 -29.7418 163.54 -29.4495
-29.7711 163.54 -29.4787 -30.5707 326.129 -26.0392 -29.7711 163.54 -29.4787 -26.9296 298.529 -30.115 -26.5403 596.113 -25.342 -26.9296 298.529 -30.115 -26.9296 298.529 -30.115 -26.5403 596.113 -25.342 -26.9296 298.529 -30.115 -29.7711 163.54 -29.4787 -30.5707 326.129 -26.0392 -29.7711 163.54 -29.4787
-29.7989 163.541 -29.5065 -30.5784 326.131 -26.0393 -29.7989 163.541 -29.5065 -26.9352 298.53 -30.1257 -26.4989 596.117 -25.2982 -26.9352 298.53 -30.1257 -26.9352 298.53 -30.1257 -26.4989 596.117 -25.2982 -26.9352 298.53 -30.1257 -29.7989 163.541 -29.5065 -30.5784 326.131 -26.0393 -29.7989 163.541 -29.5065
-29.8251 163.541 -29.5328 -30.5842 326.132 -26.0383 -29.8251 163.541 -29.5328 -26.9395 298.532 -30.1344 -26.4566 596.119 -25.2537 -26.9395 298.532 -30.1344 -26.9395 298.532 -30.1344 -26.4566 596.119 -25.2537 -26.9395 298.532 -30.1344 -29.8251 163.541 -29.5328 -30.5842 326.132 -26.0383 -29.8251 163.541 -29.5328
-29.8497 163.541 -29.5574 -30.5877 326.135 -26.036 -29.8497 163.541 -29.5574 -26.9424 298.533 -30.1411 -26.4133 596.121 -25.2083 -26.9424 298.533 -30.1411 -26.9424 298.533 -30.1411 -26.4133 596.121 -25.2083 -26.9424 298.533 -30.1411 -29.8497 163.541 -29.5574 -30.5877 326.135 -26.036 -29.8497 163.541 -29.5574
-29.8728 163.541 -29.5803 -30.5897 326.137 -26.032 -29.8728 163.541 -29.5803 -26.9434 298.534 -30.1462 -26.367 596.128 -25.1601 -26.9434 298.534 -30.1462 -26.9434 298.534 -30.1462 -26.367 596.128 -25.1601 -26.9434 298.534 -30.1462 -29.8728 163.541 -29.5803 -30.5897 326.137 -26.032 -29.8728 163.541 -29.5803
-29.8942 163.541 -29.6017 -30.5904 326.138 -26.0259 -29.8942 163.541 -29.6017 -26.9424 298.536 -30.1499 -26.3166 596.13 -25.1075 -26.9424 298.536 -30.1499 -26.9424 298.536 -30.1499 -26.3166 596.13 -25.1075 -26.9424 298.536 -30.1499 -29.8942 163.541 -29.6017 -30.5904 326.138 -26.0259 -29.8942 163.541 -29.6017
-29.9141 163.541 -29.6214 -30.5888 326.138 -26.0179 -29.9141 163.541 -29.6214 -26.9395 298.537 -30.1513 -26.2651 596.133 -25.0543 -26.9395 298.537 -30.1513 -26.9395 298.537 -30.1513 -26.2651 596.133 -25.0543 -26.9395 298.537 -30.1513 -29.9141 163.541 -29.6214 -30.5888 326.138 -26.0179 -29.9141 163.541 -29.6214
-29.9324 163.541 -29.6395 -30.585 326.139 -26.0078 -29.9324 163.541 -29.6395 -26.9345 298.538 -30.1506 -26.2123 596.134 -25 -26.9345 298.538 -30.1506 -26.9345 298.538 -30.1506 -26.2123 596.134 -25 -26.9345 298.538 -30.1506 -29.9324 163.541 -29.6395 -30.585 326.139 -26.0078 -29.9324 163.541 -29.6395
-29.9493 163.541 -29.656 -30.5792 326.139 -25.9956 -29.9493 163.541 -29.656 -26.9275 298.539 -30.1479 -26.1582 596.134 -24.9445 -26.9275 298.539 -30.1479 -26.9275 298.539 -30.1479 -26.1582 596.134 -24.9445 -26.9275 298.539 -30.1479 -29.9493 163.541 -29.656 -30.5792 326.139 -25.9956 -29.9493 163.541 -29.656
-29.96 163.543 -29.6743 -30.5722 326.14 -25.9801 -29.96 163.543 -29.6743 -26.9199 298.54 -30.143 -26.1021 596.136 -24.8883 -26.9199 298.54 -30.143 -26.9199 298.54 -30.143 -26.1021 596.136 -24.8883 -26.9199 298.54 -30.143 -29.96 163.543 -29.6743 -30.5722 326.14 -25.9801 -29.96 163.543 -29.6743
-29.9724 163.546 -29.6872 -30.5629 326.139 -25.9643 -29.9724 163.546 -29.6872 -26.9097 298.542 -30.1367 -26.0448 596.137 -24.8303 -26.9097 298.542 -30.1367 -26.9097 298.542 -30.1367 -26.0448 596.137 -24.8303 -26.9097 298.542 -30.1367 -29.9724 163.546 -29.6872 -30.5629 326.139 -25.9643 -29.9724 163.546 -29.6872
-29.979 163.55 -29.7021 -30.55 326.143 -25.9432 -29.979 163.55 -29.7021 -26.8991 298.543 -30.1287 -25.987 596.138 -24.7708 -26.8991 298.543 -30.1287 -26.8991 298.543 -30.1287 -25.987 596.138 -24.7708 -26.8991 298.543 -30.1287 -29.979 163.55 -29.7021 -30.55 326.143 -25.9432 -29.979 163.55 -29.7021
-29.9866 163.553 -29.7135 -30.5335 326.14 -25.9187 -29.9866 163.553 -29.7135 -26.8836 298.546 -30.1163 -25.9278 596.139 -24.7115 -26.8836 298.546 -30.1163 -26.8836 298.546 -30.1163 -25.9278 596.139 -24.7115 -26.8836 298.546 -30.1163 -29.9866 163.553 -29.7135 -30.5335 326.14 -25.9187 -29.9866 163.553 -29.7135
-29.9954 163.553 -29.7216 -30.5157 326.139 -25.8942 -29.9954 163.553 -29.7216 -26.8647 298.545 -30.1016 -25.8674 596.138 -24.651 -26.8647 298.545 -30.1016 -26.8647 298.545 -30.1016 -25.8674 596.138 -24.651 -26.8647 298.545 -30.1016 -29.9954 163.553 -29.7216 -30.5157 326.139 -25.8942 -29.9954 163.553 -29.7216
-30.0032 163.553 -29.7287 -30.4972 326.139 -25.8686 -30.0032 163.553 -29.7287 -26.8447 298.545 -30.0862 -25.8057 596.138 -24.5891 -26.8447 298.545 -30.0862 -26.8447 298.545 -30.0862 -25.8057 596.138 -24.5891 -26.8447 298.545 -30.0862 -30.0032 163.553 -29.7287 -30.4972 326.139 -25.8686 -30.0032 163.553 -29.7287
-30.0101 163.554 -29.7348 -30.4781 326.139 -25.842 -30.0101 163.554 -29.7348 -26.8238 298.546 -30.0701 -25.7428 596.138 -24.5258 -26.8238 298.546 -30.0701 -26.8238 298.546 -30.0701 -25.7428 596.138 -24.5258 -26.8238 298.546 -30.0701 -30.0101 163.554 -29.7348 -30.4781 326.139 -25.842 -30.0101 163.554 -29.7348
-30.0138 163.56 -29.7382 -30.4579 326.139 -25.8162 -30.0138 163.56 -29.7382 -26.8033 298.546 -30.053 -25.679 596.138 -24.4614 -26.8033 298.546 -30.053 -26.8033 298.546 -30.053 -25.679 596.138 -24.4614 -26.8033 298.546 -30.053 -30.0138 163.56 -29.7382 -30.4579 326.139 -25.8162 -30.0138 163.56 -29.7382
-30.0142 163.558 -29.7387 -30.4368 326.138 -25.7907 -30.0142 163.558 -29.7387 -26.7828 298.545 -30.0353 -25.6145 596.139 -24.3962 -26.7828 298.545 -30.0353 -26.7828 298.545 -30.0353 -25.6145 596.139 -24.3962 -26.7828 298.545 -30.0353 -30.0142 163.558 -29.7387 -30.4368 326.138 -25.7907 -30.0142 163.558 -29.7387
-30.0141 163.558 -29.7385 -30.4153 326.138 -25.7647 -30.0141 163.558 -29.7385 -26.7619 298.545 -30.017 -25.5493 596.14 -24.3301 -26.7619 298.545 -30.017 -26.7619 298.545 -30.017 -25.5493 596.14 -24.3301 -26.7619 298.545 -30.017 -30.0141 163.558 -29.7385 -30.4153 326.138 -25.7647 -30.0141 163.558 -29.7385
-30.0134 163.558 -29.7378 -30.3934 326.138 -25.7381 -30.0134 163.558 -29.7378 -26.7405 298.545 -29.9983 -25.4834 596.141 -24.2633 -26.7405 298.545 -29.9983 -26.7405 298.545 -29.9983 -25.4834 596.141 -24.2633 -26.7405 298.545 -29.9983 -30.0134 163.558 -29.7378 -30.3934 326.138 -25.7381 -30.0134 163.558 -29.7378
-30.0121 163.559 -29.7366 -30.371 326.138 -25.7112 -30.0121 163.559 -29.7366 -26.7185 298.546 -29.9791 -25.4169 596.142 -24.1957 -26.7185 298.546 -29.9791 -26.7185 298.546 -29.9791 -25.4169 596.142 -24.1957 -26.7185 298.546 -29.9791 -30.0121 163.559 -29.7366 -30.371 326.138 -25.7112 -30.0121 163.559 -29.7366
-30.0104 163.559 -29.7349 -30.3482 326.139 -25.6838 -30.0104 163.559 -29.7349 -26.6963 298.547 -29.9595 -25.35 596.143 -24.1277 -26.6963 298.547 -29.9595 -26.6963 298.547 -29.9595 -25.35 596.143 -24.1277 -26.6963 298.547 -29.9595 -30.0104 163.559 -29.7349 -30.3482 326.139 -25.6838 -30.0104 163.559 -29.7349
-30.0083 163.56 -29.7328 -30.3251 326.14 -25.6562 -30.0083 163.56 -29.7328 -26.6736 298.547 -29.9396 -25.2826 596.144 -24.0591 -26.6736 298.547 -29.9396 -26.6736 298.547 -29.9396 -25.2826 596.144 -24.0591 -26.6736 298.547 -29.9396 -30.0083 163.56 -29.7328 -30.3251 326.14 -25.6562 -30.0083 163.56 -29.7328
-30.0057 163.56 -29.7303 -30.3016 326.142 -25.6282 -30.0057 163.56 -29.7303 -26.6507 298.548 -29.9193 -25.2148 596.144 -23.9901 -26.6507 298.548 -29.9193 -26.6507 298.548 -29.9193 -25.2148 596.144 -23.9901 -26.6507 298.548 -29.9193 -30.0057 163.56 -29.7303 -30.3016 326.142 -25.6282 -30.0057 163.56 -29.7303
-30.0028 163.561 -29.7274 -30.2779 326.144 -25.5998 -30.0028 163.561 -29.7274 -26.6274 298.549 -29.8987 -25.1466 596.144 -23.9207 -26.6274 298.549 -29.8987 -26.6274 298.549 -29.8987 -25.1466 596.144 -23.9207 -26.6274 298.549 -29.8987 -30.0028 163.561 -29.7274 -30.2779 326.144 -25.5998 -30.0028 163.561 -29.7274
-29.9996 163.562 -29.7243 -30.254 326.145 -25.5709 -29.9996 163.562 -29.7243 -26.6038 298.551 -29.8778 -25.078 596.144 -23.851 -26.6038 298.551 -29.8778 -26.6038 298.551 -29.8778 -25.078 596.144 -23.851 -26.6038 298.551 -29.8778 -29.9996 163.562 -29.7243 -30.254 326.145 -25.5709 -29.9996 163.562 -29.7243
-29.9961 163.562 -29.7208 -30.2299 326.145 -25.5417 -29.9961 163.562 -29.7208 -26.5797 298.552 -29.8567 -25.0091 596.145 -23.7808 -26.5797 298.552 -29.8567 -26.5797 298.552 -29.8567 -25.0091 596.145 -23.7808 -26.5797 298.552 -29.8567 -29.9961 163.562 -29.7208 -30.2299 326.145 -25.5417 -29.9961 163.562 -29.7208
-29.9921 163.564 -29.7171 -30.2056 326.146 -25.5121 -29.9921 163.564 -29.7171 -26.5567 298.559 -29.8335 -24.9396 596.145 -23.711 -26.5567 298.559 -29.8335 -26.5567 298.559 -29.8335 -24.9396 596.145 -23.711 -26.5567 298.559 -29.8335 -29.9921 163.564 -29.7171 -30.2056 326.146 -25.5121 -29.9921 163.564 -29.7171
-29.9874 163.565 -29.7133 -30.1813 326.146 -25.4821 -29.9874 163.565 -29.7133 -26.5346 298.561 -29.8087 -24.8695 596.146 -23.6418 -26.5346 298.561 -29.8087 -26.5346 298.561 -29.8087 -24.8695 596.146 -23.6418 -26.5346 298.561 -29.8087 -29.9874 163.565 -29.7133 -30.1813 326.146 -25.4821 -29.9874 163.565 -29.7133
-29.9826 163.565 -29.7094 -30.1581 326.147 -25.4512 -29.9826 163.565 -29.7094 -26.5119 298.562 -29.7846 -24.7959 596.151 -23.5686 -26.5119 298.562 -29.7846 -26.5119 298.562 -29.7846 -24.7959 596.151 -23.5686 -26.5119 298.562 -29.7846 -29.9826 163.565 -29.7094 -30.1581 326.147 -25.4512 -29.9826 163.565 -29.7094
-29.9776 163.566 -29.7049 -30.132 326.154 -25.4222 -29.9776 163.566 -29.7049 -26.4887 298.562 -29.7608 -24.7213 596.149 -23.4926 -26.4887 298.562 -29.7608 -26.4887 298.562 -29.7608 -24.7213 596.149 -23.4926 -26.4887 298.562 -29.7608 -29.9776 163.566 -29.7049 -30.132 326.154 -25.4222 -29.9776 163.566 -29.7049
-29.9726 163.567 -29.7001 -30.1052 326.154 -25.3935 -29.9726 163.567 -29.7001 -26.4652 298.563 -29.7368 -24.647 596.15 -23.4166 -26.4652 298.563 -29.7368 -26.4652 298.563 -29.7368 -24.647 596.15 -23.4166 -26.4652 298.563 -29.7368 -29.9726 163.567 -29.7001 -30.1052 326.154 -25.3935 -29.9726 163.567 -29.7001
-29.9671 163.568 -29.6951 -30.0781 326.155 -25.3645 -29.9671 163.568 -29.6951 -26.4427 298.571 -29.7106 -24.5724 596.149 -23.3411 -26.4427 298.571 -29.7106 -26.4427 298.571 -29.7106 -24.5724 596.149 -23.3411 -26.4427 298.571 -29.7106 -29.9671 163.568 -29.6951 -30.0781 326.155 -25.3645 -29.9671 163.568 -29.6951
-29.9609 163.569 -29.69 -30.0511 326.155 -25.335 -29.9609 163.569 -29.69 -26.4219 298.573 -29.6821 -24.4973 596.15 -23.2669 -26.4219 298.573 -29.6821 -26.4219 298.573 -29.6821 -24.4973 596.15 -23.2669 -26.4219 298.573 -29.6821 -29.9609 163.569 -29.69 -30.0511 326.155 -25.335 -29.9609 163.569 -29.69
-29.9543 163.57 -29.6847 -30.0238 326.155 -25.3051 -29.9543 163.57 -29.6847 -26.4008 298.573 -29.6534 -24.4221 596.15 -23.1927 -26.4008 298.573 -29.6534 -26.4008 298.573 -29.6534 -24.4221 596.15 -23.1927 -26.4008 298.573 -29.6534 -29.9543 163.57 -29.6847 -30.0238 326.155 -25.3051 -29.9543 163.57 -29.6847
-29.9476 163.571 -29.6792 -29.9952 326.162 -25.2755 -29.9476 163.571 -29.6792 -26.3794 298.573 -29.6244 -24.3471 596.15 -23.1183 -26.3794 298.573 -29.6244 -26.3794 298.573 -29.6244 -24.3471 596.15 -23.1183 -26.3794 298.573 -29.6244 -29.9476 163.571 -29.6792 -29.9952 326.162 -25.2755 -29.9476 163.571 -29.6792
-29.9409 163.572 -29.673 -29.9628 326.166 -25.2488 -29.9409 163.572 -29.673 -26.3575 298.574 -29.5954 -24.2733 596.15 -23.0433 -26.3575 298.574 -29.5954 -26.3575 298.574 -29.5954 -24.2733 596.15 -23.0433 -26.3575 298.574 -29.5954 -29.9409 163.572 -29.673 -29.9628 326.166 -25.2488 -29.9409 163.572 -29.673
-29.934 163.573 -29.6665 -29.9302 326.169 -25.2217 -29.934 163.573 -29.6665 -26.3352 298.574 -29.5662 -24.1996 596.151 -22.9684 -26.3352 298.574 -29.5662 -26.3352 298.574 -29.5662 -24.1996 596.151 -22.9684 -26.3352 298.574 -29.5662 -29.934 163.573 -29.6665 -29.9302 326.169 -25.2217 -29.934 163.573 -29.6665
-29.9268 163.573 -29.6605 -29.8949 326.172 -25.1914 -29.9268 163.573 -29.6605 -26.3128 298.575 -29.5368 -24.1267 596.151 -22.893 -26.3128 298.575 -29.5368 -26.3128 298.575 -29.5368 -24.1267 596.151 -22.893 -26.3128 298.575 -29.5368 -29.9268 163.573 -29.6605 -29.8949 326.172 -25.1914 -29.9268 163.573 -29.6605
-29.92 163.573 -29.6546 -29.8581 326.169 -25.1576 -29.92 163.573 -29.6546 -26.2881 298.581 -29.5056 -24.0539 596.151 -22.8186 -26.2881 298.581 -29.5056 -26.2881 298.581 -29.5056 -24.0539 596.151 -22.8186 -26.2881 298.581 -29.5056 -29.92 163.573 -29.6546 -29.8581 326.169 -25.1576 -29.92 163.573 -29.6546
-29.9142 163.572 -29.6483 -29.8213 326.168 -25.1239 -29.9142 163.572 -29.6483 -26.2593 298.577 -29.4722 -23.9807 596.151 -22.7453 -26.2593 298.577 -29.4722 -26.2593 298.577 -29.4722 -23.9807 596.151 -22.7453 -26.2593 298.577 -29.4722 -29.9142 163.572 -29.6483 -29.8213 326.168 -25.1239 -29.9142 163.572 -29.6483
-29.9082 163.572 -29.6417 -29.7846 326.168 -25.0903 -29.9082 163.572 -29.6417 -26.2305 298.576 -29.4389 -23.9075 596.151 -22.6719 -26.2305 298.576 -29.4389 -26.2305 298.576 -29.4389 -23.9075 596.151 -22.6719 -26.2305 298.576 -29.4389 -29.9082 163.572 -29.6417 -29.7846 326.168 -25.0903 -29.9082 163.572 -29.6417
-29.9019 163.573 -29.6349 -29.7477 326.168 -25.0566 -29.9019 163.573 -29.6349 -26.2017 298.577 -29.4055 -23.8342 596.151 -22.5985 -26.2017 298.577 -29.4055 -26.2017 298.577 -29.4055 -23.8342 596.151 -22.5985 -26.2017 298.577 -29.4055 -29.9019 163.573 -29.6349 -29.7477 326.168 -25.0566 -29.9019 163.573 -29.6349
-29.8954 163.573 -29.6279 -29.7108 326.168 -25.023 -29.8954 163.573 -29.6279 -26.1728 298.577 -29.372 -23.7608 596.152 -22.525 -26.1728 298.577 -29.372 -26.1728 298.577 -29.372 -23.7608 596.152 -22.525 -26.1728 298.577 -29.372 -29.8954 163.573 -29.6279 -29.7108 326.168 -25.023 -29.8954 163.573 -29.6279
-29.8887 163.574 -29.6205 -29.6738 326.168 -24.9893 -29.8887 163.574 -29.6205 -26.1439 298.577 -29.3384 -23.6873 596.153 -22.4514 -26.1439 298.577 -29.3384 -26.1439 298.577 -29.3384 -23.6873 596.153 -22.4514 -26.1439 298.577 -29.3384 -29.8887 163.574 -29.6205 -29.6738 326.168 -24.9893 -29.8887 163.574 -29.6205
-29.8816 163.576 -29.613 -29.6367 326.169 -24.9556 -29.8816 163.576 -29.613 -26.1149 298.578 -29.3048 -23.6137 596.154 -22.3777 -26.1149 298.578 -29.3048 -26.1149 298.578 -29.3048 -23.6137 596.154 -22.3777 -26.1149 298.578 -29.3048 -29.8816 163.576 -29.613 -29.6367 326.169 -24.9556 -29.8816 163.576 -29.613
-29.8708 163.579 -29.6023 -29.5989 326.167 -24.9236 -29.8708 163.579 -29.6023 -26.0873 298.576 -29.2707 -23.5402 596.154 -22.304 -26.0873 298.576 -29.2707 -26.0873 298.576 -29.2707 -23.5402 596.154 -22.304 -26.0873 298.576 -29.2707 -29.8708 163.579 -29.6023 -29.5989 326.167 -24.9236 -29.8708 163.579 -29.6023
-29.8584 163.577 -29.5903 -29.5609 326.166 -24.8922 -29.8584 163.577 -29.5903 -26.06 298.576 -29.2365 -23.4667 596.154 -22.2304 -26.06 298.576 -29.2365 -26.06 298.576 -29.2365 -23.4667 596.154 -22.2304 -26.06 298.576 -29.2365 -29.8584 163.577 -29.5903 -29.5609 326.166 -24.8922 -29.8584 163.577 -29.5903
-29.8466 163.576 -29.578 -29.5227 326.166 -24.8609 -29.8466 163.576 -29.578 -26.0305 298.583 -29.2038 -23.3934 596.155 -22.1562 -26.0305 298.583 -29.2038 -26.0305 298.583 -29.2038 -23.3934 596.155 -22.1562 -26.0305 298.583 -29.2038 -29.8466 163.576 -29.578 -29.5227 326.166 -24.8609 -29.8466 163.576 -29.578
-29.8348 163.576 -29.5657 -29.4843 326.166 -24.8295 -29.8348 163.576 -29.5657 -26.0008 298.584 -29.1712 -23.32 596.156 -22.0816 -26.0008 298.584 -29.1712 -26.0008 298.584 -29.1712 -23.32 596.156 -22.0816 -26.0008 298.584 -29.1712 -29.8348 163.576 -29.5657 -29.4843 326.166 -24.8295 -29.8348 163.576 -29.5657
-29.8229 163.576 -29.5534 -29.4459 326.167 -24.798 -29.8229 163.576 -29.5534 -25.9711 298.584 -29.1386 -23.2465 596.156 -22.0069 -25.9711 298.584 -29.1386 -25.9711 298.584 -29.1386 -23.2465 596.156 -22.0069 -25.9711 298.584 -29.1386 -29.8229 163.576 -29.5534 -29.4459 326.167 -24.798 -29.8229 163.576 -29.5534
-29.8109 163.577 -29.5409 -29.4075 326.167 -24.7664 -29.8109 163.577 -29.5409 -25.9412 298.585 -29.1058 -23.1729 596.157 -21.932 -25.9412 298.585 -29.1058 -25.9412 298.585 -29.1058 -23.1729 596.157 -21.932 -25.9412 298.585 -29.1058 -29.8109 163.577 -29.5409 -29.4075 326.167 -24.7664 -29.8109 163.577 -29.5409
-29.7989 163.577 -29.5284 -29.369 326.167 -24.7346 -29.7989 163.577 -29.5284 -25.9113 298.585 -29.073 -23.0992 596.157 -21.8571 -25.9113 298.585 -29.073 -25.9113 298.585 -29.073 -23.0992 596.157 -21.8571 -25.9113 298.585 -29.073 -29.7989 163.577 -29.5284 -29.369 326.167 -24.7346 -29.7989 163.577 -29.5284
-29.7868 163.577 -29.5158 -29.3305 326.167 -24.7027 -29.7868 163.577 -29.5158 -25.8812 298.586 -29.0402 -23.0253 596.158 -21.782 -25.8812 298.586 -29.0402 -25.8812 298.586 -29.0402 -23.0253 596.158 -21.782 -25.8812 298.586 -29.0402 -29.7868 163.577 -29.5158 -29.3305 326.167 -24.7027 -29.7868 163.577 -29.5158
-29.7747 163.577 -29.5032 -29.2919 326.167 -24.6707 -29.7747 163.577 -29.5032 -25.851 298.586 -29.0072 -22.9513 596.158 -21.7068 -25.851 298.586 -29.0072 -25.851 298.586 -29.0072 -22.9513 596.158 -21.7068 -25.851 298.586 -29.0072 -29.7747 163.577 -29.5032 -29.2919 326.167 -24.6707 -29.7747 163.577 -29.5032
-29.7624 163.578 -29.4905 -29.2533 326.168 -24.6384 -29.7624 163.578 -29.4905 -25.8208 298.587 -28.9743 -22.8772 596.159 -21.6315 -25.8208 298.587 -28.9743 -25.8208 298.587 -28.9743 -22.8772 596.159 -21.6315 -25.8208 298.587 -28.9743 -29.7624 163.578 -29.4905 -29.2533 326.168 -24.6384 -29.7624 163.578 -29.4905
-29.7501 163.578 -29.4777 -29.2146 326.168 -24.6061 -29.7501 163.578 -29.4777 -25.7904 298.587 -28.9412 -22.803 596.159 -21.5561 -25.7904 298.587 -28.9412 -25.7904 298.587 -28.9412 -22.803 596.159 -21.5561 -25.7904 298.587 -28.9412 -29.7501 163.578 -29.4777 -29.2146 326.168 -24.6061 -29.7501 163.578 -29.4777
-29.7379 163.577 -29.4648 -29.1758 326.168 -24.5736 -29.7379 163.577 -29.4648 -25.7588 298.594 -28.9088 -22.7287 596.16 -21.4803 -25.7588 298.594 -28.9088 -25.7588 298.594 -28.9088 -22.7287 596.16 -21.4803 -25.7588 298.594 -28.9088 -29.7379 163.577 -29.4648 -29.1758 326.168 -24.5736 -29.7379 163.577 -29.4648
-29.7263 163.576 -29.4517 -29.1369 326.168 -24.5412 -29.7263 163.576 -29.4517 -25.7253 298.598 -28.8778 -22.6546 596.162 -21.4038 -25.7253 298.598 -28.8778 -25.7253 298.598 -28.8778 -22.6546 596.162 -21.4038 -25.7253 298.598 -28.8778 -29.7263 163.576 -29.4517 -29.1369 326.168 -24.5412 -29.7263 163.576 -29.4517
-29.7146 163.576 -29.4385 -29.0978 326.168 -24.5087 -29.7146 163.576 -29.4385 -25.6919 298.599 -28.8466 -22.5803 596.162 -21.3271 -25.6919 298.599 -28.8466 -25.6919 298.599 -28.8466 -22.5803 596.162 -21.3271 -25.6919 298.599 -28.8466 -29.7146 163.576 -29.4385 -29.0978 326.168 -24.5087 -29.7146 163.576 -29.4385
-29.7027 163.577 -29.4252 -29.0586 326.168 -24.476 -29.7027 163.577 -29.4252 -25.6585 298.6 -28.8154 -22.506 596.162 -21.2502 -25.6585 298.6 -28.8154 -25.6585 298.6 -28.8154 -22.506 596.162 -21.2502 -25.6585 298.6 -28.8154 -29.7027 163.577 -29.4252 -29.0586 326.168 -24.476 -29.7027 163.577 -29.4252
-29.6908 163.577 -29.4119 -29.0194 326.169 -24.4432 -29.6908 163.577 -29.4119 -25.6249 298.6 -28.7841 -22.4315 596.163 -21.1733 -25.6249 298.6 -28.7841 -25.6249 298.6 -28.7841 -22.4315 596.163 -21.1733 -25.6249 298.6 -28.7841 -29.6908 163.577 -29.4119 -29.0194 326.169 -24.4432 -29.6908 163.577 -29.4119
-29.6788 163.577 -29.3985 -28.9802 326.169 -24.4102 -29.6788 163.577 -29.3985 -25.5912 298.601 -28.7528 -22.3568 596.163 -21.0962 -25.5912 298.601 -28.7528 -25.5912 298.601 -28.7528 -22.3568 596.163 -21.0962 -25.5912 298.601 -28.7528 -29.6788 163.577 -29.3985 -28.9802 326.169 -24.4102 -29.6788 163.577 -29.3985
-29.6667 163.577 -29.385 -28.9409 326.169 -24.3771 -29.6667 163.577 -29.385 -25.5575 298.601 -28.7213 -22.2821 596.163 -21.0189 -25.5575 298.601 -28.7213 -25.5575 298.601 -28.7213 -22.2821 596.163 -21.0189 -25.5575 298.601 -28.7213 -29.6667 163.577 -29.385 -28.9409 326.169 -24.3771 -29.6667 163.577 -29.385
-29.6545 163.578 -29.3715 -28.9016 326.169 -24.3438 -29.6545 163.578 -29.3715 -25.5237 298.601 -28.6897 -22.2072 596.164 -20.9416 -25.5237 298.601 -28.6897 -25.5237 298.601 -28.6897 -22.2072 596.164 -20.9416 -25.5237 298.601 -28.6897 -29.6545 163.578 -29.3715 -28.9016 326.169 -24.3438 -29.6545 163.578 -29.3715
-29.6421 163.577 -29.3582 -28.8636 326.176 -24.3084 -29.6421 163.577 -29.3582 -25.4898 298.602 -28.6581 -22.1318 596.165 -20.8643 -25.4898 298.602 -28.6581 -25.4898 298.602 -28.6581 -22.1318 596.165 -20.8643 -25.4898 298.602 -28.6581 -29.6421 163.577 -29.3582 -28.8636 326.176 -24.3084 -29.6421 163.577 -29.3582
-29.6296 163.577 -29.3449 -28.8259 326.177 -24.2727 -29.6296 163.577 -29.3449 -25.4559 298.602 -28.6263 -22.0562 596.165 -20.7869 -25.4559 298.602 -28.6263 -25.4559 298.602 -28.6263 -22.0562 596.165 -20.7869 -25.4559 298.602 -28.6263 -29.6296 163.577 -29.3449 -28.8259 326.177 -24.2727 -29.6296 163.577 -29.3449
-29.617 163.577 -29.3315 -28.7881 326.178 -24.237 -29.617 163.577 -29.3315 -25.4219 298.603 -28.5944 -21.9803 596.165 -20.7094 -25.4219 298.603 -28.5944 -25.4219 298.603 -28.5944 -21.9803 596.165 -20.7094 -25.4219 298.603 -28.5944 -29.617 163.577 -29.3315 -28.7881 326.178 -24.237 -29.617 163.577 -29.3315
-29.6044 163.578 -29.318 -28.7503 326.178 -24.2011 -29.6044 163.578 -29.318 -25.3878 298.603 -28.5624 -21.9044 596.165 -20.6318 -25.3878 298.603 -28.5624 -25.3878 298.603 -28.5624 -21.9044 596.165 -20.6318 -25.3878 298.603 -28.5624 -29.6044 163.578 -29.318 -28.7503 326.178 -24.2011 -29.6044 163.578 -29.318
-29.5916 163.578 -29.3045 -28.7123 326.178 -24.1651 -29.5916 163.578 -29.3045 -25.3537 298.604 -28.5303 -21.8283 596.166 -20.5541 -25.3537 298.604 -28.5303 -25.3537 298.604 -28.5303 -21.8283 596.166 -20.5541 -25.3537 298.604 -28.5303 -29.5916 163.578 -29.3045 -28.7123 326.178 -24.1651 -29.5916 163.578 -29.3045
-29.5788 163.578 -29.2909 -28.6743 326.178 -24.129 -29.5788 163.578 -29.2909 -25.3194 298.604 -28.4981 -21.7521 596.166 -20.4762 -25.3194 298.604 -28.4981 -25.3194 298.604 -28.4981 -21.7521 596.166 -20.4762 -25.3194 298.604 -28.4981 -29.5788 163.578 -29.2909 -28.6743 326.178 -24.129 -29.5788 163.578 -29.2909
-29.5659 163.578 -29.2772 -28.6363 326.179 -24.0927 -29.5659 163.578 -29.2772 -25.2851 298.604 -28.4658 -21.6758 596.166 -20.3983 -25.2851 298.604 -28.4658 -25.2851 298.604 -28.4658 -21.6758 596.166 -20.3983 -25.2851 298.604 -28.4658 -29.5659 163.578 -29.2772 -28.6363 326.179 -24.0927 -29.5659 163.578 -29.2772
-29.5528 163.578 -29.2634 -28.5981 326.179 -24.0563 -29.5528 163.578 -29.2634 -25.2507 298.605 -28.4335 -21.5993 596.167 -20.3202 -25.2507 298.605 -28.4335 -25.2507 298.605 -28.4335 -21.5993 596.167 -20.3202 -25.2507 298.605 -28.4335 -29.5528 163.578 -29.2634 -28.5981 326.179 -24.0563 -29.5528 163.578 -29.2634
-29.5397 163.578 -29.2495 -28.5605 326.179 -24.0196 -29.5397 163.578 -29.2495 -25.2161 298.605 -28.4013 -21.5212 596.173 -20.2407 -25.2161 298.605 -28.4013 -25.2161 298.605 -28.4013 -21.5212 596.173 -20.2407 -25.2161 298.605 -28.4013 -29.5397 163.578 -29.2495 -28.5605 326.179 -24.0196 -29.5397 163.578 -29.2495
-29.5266 163.578 -29.2357 -28.5234 326.179 -23.9825 -29.5266 163.578 -29.2357 -25.1812 298.605 -28.3696 -21.4408 596.171 -20.1581 -25.1812 298.605 -28.3696 -25.1812 298.605 -28.3696 -21.4408 596.171 -20.1581 -25.1812 298.605 -28.3696 -29.5266 163.578 -29.2357 -28.5234 326.179 -23.9825 -29.5266 163.578 -29.2357
-29.5134 163.578 -29.2217 -28.4863 326.179 -23.9453 -29.5134 163.578 -29.2217 -25.1462 298.605 -28.3379 -21.3605 596.171 -20.0756 -25.1462 298.605 -28.3379 -25.1462 298.605 -28.3379 -21.3605 596.171 -20.0756 -25.1462 298.605 -28.3379 -29.5134 163.578 -29.2217 -28.4863 326.179 -23.9453 -29.5134 163.578 -29.2217
-29.5001 163.578 -29.2077 -28.4491 326.179 -23.908 -29.5001 163.578 -29.2077 -25.1112 298.606 -28.306 -21.2801 596.171 -19.993 -25.1112 298.606 -28.306 -25.1112 298.606 -28.306 -21.2801 596.171 -19.993 -25.1112 298.606 -28.306 -29.5001 163.578 -29.2077 -28.4491 326.179 -23.908 -29.5001 163.578 -29.2077
-29.4866 163.579 -29.1936 -28.4118 326.18 -23.8705 -29.4866 163.579 -29.1936 -25.0761 298.606 -28.274 -21.1998 596.172 -19.9105 -25.0761 298.606 -28.274 -25.0761 298.606 -28.274 -21.1998 596.172 -19.9105 -25.0761 298.606 -28.274 -29.4866 163.579 -29.1936 -28.4118 326.18 -23.8705 -29.4866 163.579 -29.1936
-29.4731 163.579 -29.1793 -28.3743 326.18 -23.833 -29.4731 163.579 -29.1793 -25.0409 298.607 -28.2418 -21.1195 596.172 -19.828 -25.0409 298.607 -28.2418 -25.0409 298.607 -28.2418 -21.1195 596.172 -19.828 -25.0409 298.607 -28.2418 -29.4731 163.579 -29.1793 -28.3743 326.18 -23.833 -29.4731 163.579 -29.1793
-29.4593 163.579 -29.1651 -28.3376 326.189 -23.7939 -29.4593 163.579 -29.1651 -25.0057 298.607 -28.2095 -21.039 596.173 -19.7457 -25.0057 298.607 -28.2095 -25.0057 298.607 -28.2095 -21.039 596.173 -19.7457 -25.0057 298.607 -28.2095 -29.4593 163.579 -29.1651 -28.3376 326.189 -23.7939 -29.4593 163.579 -29.1651
-29.4454 163.582 -29.1509 -28.3017 326.192 -23.7538 -29.4454 163.582 -29.1509 -24.9705 298.608 -28.1769 -20.9582 596.174 -19.6636 -24.9705 298.608 -28.1769 -24.9705 298.608 -28.1769 -20.9582 596.174 -19.6636 -24.9705 298.608 -28.1769 -29.4454 163.582 -29.1509 -28.3017 326.192 -23.7538 -29.4454 163.582 -29.1509
-29.4308 163.583 -29.1371 -28.2657 326.194 -23.7137 -29.4308 163.583 -29.1371 -24.9354 298.608 -28.1441 -20.8773 596.174 -19.5815 -24.9354 298.608 -28.1441 -24.9354 298.608 -28.1441 -20.8773 596.174 -19.5815 -24.9354 298.608 -28.1441 -29.4308 163.583 -29.1371 -28.2657 326.194 -23.7137 -29.4308 163.583 -29.1371
-29.416 163.585 -29.1232 -28.2294 326.195 -23.6735 -29.416 163.585 -29.1232 -24.9001 298.608 -28.1112 -20.7964 596.174 -19.4995 -24.9001 298.608 -28.1112 -24.9001 298.608 -28.1112 -20.7964 596.174 -19.4995 -24.9001 298.608 -28.1112 -29.416 163.585 -29.1232 -28.2294 326.195 -23.6735 -29.416 163.585 -29.1232
-29.4014 163.587 -29.1088 -28.1929 326.196 -23.6335 -29.4014 163.587 -29.1088 -24.8647 298.608 -28.0781 -20.7155 596.175 -19.4175 -24.8647 298.608 -28.0781 -24.8647 298.608 -28.0781 -20.7155 596.175 -19.4175 -24.8647 298.608 -28.0781 -29.4014 163.587 -29.1088 -28.1929 326.196 -23.6335 -29.4014 163.587 -29.1088
-29.3868 163.587 -29.0941 -28.1562 326.196 -23.5933 -29.3868 163.587 -29.0941 -24.8292 298.608 -28.0449 -20.6347 596.175 -19.3355 -24.8292 298.608 -28.0449 -24.8292 298.608 -28.0449 -20.6347 596.175 -19.3355 -24.8292 298.608 -28.0449 -29.3868 163.587 -29.0941 -28.1562 326.196 -23.5933 -29.3868 163.587 -29.0941
-29.372 163.587 -29.0793 -28.1194 326.196 -23.5532 -29.372 163.587 -29.0793 -24.7936 298.609 -28.0115 -20.5539 596.175 -19.2536 -24.7936 298.609 -28.0115 -24.7936 298.609 -28.0115 -20.5539 596.175 -19.2536 -24.7936 298.609 -28.0115 -29.372 163.587 -29.0793 -28.1194 326.196 -23.5532 -29.372 163.587 -29.0793
-29.3571 163.587 -29.0644 -28.0823 326.198 -23.5129 -29.3571 163.587 -29.0644 -24.758 298.609 -27.9779 -20.4732 596.176 -19.1718 -24.758 298.609 -27.9779 -24.758 298.609 -27.9779 -20.4732 596.176 -19.1718 -24.758 298.609 -27.9779 -29.3571 163.587 -29.0644 -28.0823 326.198 -23.5129 -29.3571 163.587 -29.0644
-29.3419 163.587 -29.0493 -28.0434 326.201 -23.4723 -29.3419 163.587 -29.0493 -24.7223 298.609 -27.9441 -20.393 596.176 -19.0897 -24.7223 298.609 -27.9441 -24.7223 298.609 -27.9441 -20.393 596.176 -19.0897 -24.7223 298.609 -27.9441 -29.3419 163.587 -29.0493 -28.0434 326.201 -23.4723 -29.3419 163.587 -29.0493
-29.3265 163.587 -29.0343 -28.0031 326.203 -23.4307 -29.3265 163.587 -29.0343 -24.6865 298.61 -27.9103 -20.3133 596.175 -19.0076 -24.6865 298.61 -27.9103 -24.6865 298.61 -27.9103 -20.3133 596.175 -19.0076 -24.6865 298.61 -27.9103 -29.3265 163.587 -29.0343 -28.0031 326.203 -23.4307 -29.3265 163.587 -29.0343
-29.3109 163.586 -29.0195 -27.962 326.204 -23.3876 -29.3109 163.586 -29.0195 -24.6506 298.613 -27.8757 -20.2338 596.175 -18.9257 -24.6506 298.613 -27.8757 -24.6506 298.613 -27.8757 -20.2338 596.175 -18.9257 -24.6506 298.613 -27.8757 -29.3109 163.586 -29.0195 -27.962 326.204 -23.3876 -29.3109 163.586 -29.0195
-29.2955 163.586 -29.0045 -27.9208 326.202 -23.3436 -29.2955 163.586 -29.0045 -24.6137 298.616 -27.8391 -20.154 596.175 -18.8448 -24.6137 298.616 -27.8391 -24.6137 298.616 -27.8391 -20.154 596.175 -18.8448 -24.6137 298.616 -27.8391 -29.2955 163.586 -29.0045 -27.9208 326.202 -23.3436 -29.2955 163.586 -29.0045
-29.2804 163.585 -28.9892 -27.8796 326.202 -23.2998 -29.2804 163.585 -28.9892 -24.5749 298.615 -27.8015 -20.0741 596.174 -18.7646 -24.5749 298.615 -27.8015 -24.5749 298.615 -27.8015 -20.0741 596.174 -18.7646 -24.5749 298.615 -27.8015 -29.2804 163.585 -28.9892 -27.8796 326.202 -23.2998 -29.2804 163.585 -28.9892
-29.2653 163.584 -28.9736 -27.8383 326.202 -23.2561 -29.2653 163.584 -28.9736 -24.5356 298.614 -27.7638 -19.9942 596.174 -18.6845 -24.5356 298.614 -27.7638 -24.5356 298.614 -27.7638 -19.9942 596.174 -18.6845 -24.5356 298.614 -27.7638 -29.2653 163.584 -28.9736 -27.8383 326.202 -23.2561 -29.2653 163.584 -28.9736
-29.25 163.584 -28.9578 -27.7968 326.202 -23.2126 -29.25 163.584 -28.9578 -24.4963 298.614 -27.7259 -19.9142 596.174 -18.6045 -24.4963 298.614 -27.7259 -24.4963 298.614 -27.7259 -19.9142 596.174 -18.6045 -24.4963 298.614 -27.7259 -29.25 163.584 -28.9578 -27.7968 326.202 -23.2126 -29.25 163.584 -28.9578
-29.2345 163.584 -28.9417 -27.7552 326.202 -23.1691 -29.2345 163.584 -28.9417 -24.4571 298.614 -27.6879 -19.8343 596.174 -18.5245 -24.4571 298.614 -27.6879 -24.4571 298.614 -27.6879 -19.8343 596.174 -18.5245 -24.4571 298.614 -27.6879 -29.2345 163.584 -28.9417 -27.7552 326.202 -23.1691 -29.2345 163.584 -28.9417
-29.2186 163.584 -28.9255 -27.7135 326.202 -23.1258 -29.2186 163.584 -28.9255 -24.4179 298.614 -27.6498 -19.7543 596.174 -18.4446 -24.4179 298.614 -27.6498 -24.4179 298.614 -27.6498 -19.7543 596.174 -18.4446 -24.4179 298.614 -27.6498 -29.2186 163.584 -28.9255 -27.7135 326.202 -23.1258 -29.2186 163.584 -28.9255
-29.2025 163.584 -28.9089 -27.6716 326.202 -23.0826 -29.2025 163.584 -28.9089 -24.3788 298.614 -27.6116 -19.6744 596.174 -18.3647 -24.3788 298.614 -27.6116 -24.3788 298.614 -27.6116 -19.6744 596.174 -18.3647 -24.3788 298.614 -27.6116 -29.2025 163.584 -28.9089 -27.6716 326.202 -23.0826 -29.2025 163.584 -28.9089
-29.1861 163.584 -28.8922 -27.6295 326.202 -23.0395 -29.1861 163.584 -28.8922 -24.3397 298.614 -27.5732 -19.5945 596.174 -18.2848 -24.3397 298.614 -27.5732 -24.3397 298.614 -27.5732 -19.5945 596.174 -18.2848 -24.3397 298.614 -27.5732 -29.1861 163.584 -28.8922 -27.6295 326.202 -23.0395 -29.1861 163.584 -28.8922
-29.1694 163.584 -28.8751 -27.5872 326.202 -22.9965 -29.1694 163.584 -28.8751 -24.3007 298.614 -27.5346 -19.5146 596.174 -18.2049 -24.3007 298.614 -27.5346 -24.3007 298.614 -27.5346 -19.5146 596.174 -18.2049 -24.3007 298.614 -27.5346 -29.1694 163.584 -28.8751 -27.5872 326.202 -22.9965 -29.1694 163.584 -28.8751
-29.1525 163.584 -28.8579 -27.5447 326.202 -22.9536 -29.1525 163.584 -28.8579 -24.2618 298.614 -27.4959 -19.4347 596.175 -18.1251 -24.2618 298.614 -27.4959 -24.2618 298.614 -27.4959 -19.4347 596.175 -18.1251 -24.2618 298.614 -27.4959 -29.1525 163.584 -28.8579 -27.5447 326.202 -22.9536 -29.1525 163.584 -28.8579
-29.1352 163.589 -28.8403 -27.5021 326.202 -22.911 -29.1352 163.589 -28.8403 -24.223 298.614 -27.457 -19.3548 596.175 -18.0453 -24.223 298.614 -27.457 -24.223 298.614 -27.457 -19.3548 596.175 -18.0453 -24.223 298.614 -27.457 -29.1352 163.589 -28.8403 -27.5021 326.202 -22.911 -29.1352 163.589 -28.8403
-29.1144 163.589 -28.8199 -27.4588 326.201 -22.8695 -29.1144 163.589 -28.8199 -24.1851 298.613 -27.4177 -19.275 596.174 -17.9657 -24.1851 298.613 -27.4177 -24.1851 298.613 -27.4177 -19.275 596.174 -17.9657 -24.1851 298.613 -27.4177 -29.1144 163.589 -28.8199 -27.4588 326.201 -22.8695 -29.1144 163.589 -28.8199
-29.0932 163.587 -28.799 -27.4153 326.2 -22.8286 -29.0932 163.587 -28.799 -24.1475 298.612 -27.3781 -19.1954 596.174 -17.8861 -24.1475 298.612 -27.3781 -24.1475 298.612 -27.3781 -19.1954 596.174 -17.8861 -24.1475 298.612 -27.3781 -29.0932 163.587 -28.799 -27.4153 326.2 -22.8286 -29.0932 163.587 -28.799
-29.0719 163.586 -28.7779 -27.3715 326.2 -22.7877 -29.0719 163.586 -28.7779 -24.1099 298.612 -27.3384 -19.1157 596.174 -17.8067 -24.1099 298.612 -27.3384 -24.1099 298.612 -27.3384 -19.1157 596.174 -17.8067 -24.1099 298.612 -27.3384 -29.0719 163.586 -28.7779 -27.3715 326.2 -22.7877 -29.0719 163.586 -28.7779
-29.0504 163.586 -28.7568 -27.3276 326.2 -22.7469 -29.0504 163.586 -28.7568 -24.0723 298.612 -27.2986 -19.0361 596.174 -17.7272 -24.0723 298.612 -27.2986 -24.0723 298.612 -27.2986 -19.0361 596.174 -17.7272 -24.0723 298.612 -27.2986 -29.0504 163.586 -28.7568 -27.3276 326.2 -22.7469 -29.0504 163.586 -28.7568
-29.0289 163.586 -28.7355 -27.2834 326.2 -22.706 -29.0289 163.586 -28.7355 -24.0346 298.612 -27.2586 -18.9564 596.174 -17.6478 -24.0346 298.612 -27.2586 -24.0346 298.612 -27.2586 -18.9564 596.174 -17.6478 -24.0346 298.612 -27.2586 -29.0289 163.586 -28.7355 -27.2834 326.2 -22.706 -29.0289 163.586 -28.7355
-29.0072 163.586 -28.7141 -27.2391 326.201 -22.6652 -29.0072 163.586 -28.7141 -23.9968 298.612 -27.2184 -18.8768 596.174 -17.5683 -23.9968 298.612 -27.2184 -23.9968 298.612 -27.2184 -18.8768 596.174 -17.5683 -23.9968 298.612 -27.2184 -29.0072 163.586 -28.7141 -27.2391 326.201 -22.6652 -29.0072 163.586 -28.7141
-28.9855 163.586 -28.6926 -27.1945 326.201 -22.6243 -28.9855 163.586 -28.6926 -23.959 298.612 -27.1781 -18.7972 596.174 -17.4889 -23.959 298.612 -27.1781 -23.959 298.612 -27.1781 -18.7972 596.174 -17.4889 -23.959 298.612 -27.1781 -28.9855 163.586 -28.6926 -27.1945 326.201 -22.6243 -28.9855 163.586 -28.6926
-28.9637 163.586 -28.671 -27.1498 326.201 -22.5834 -28.9637 163.586 -28.671 -23.9211 298.612 -27.1377 -18.7175 596.174 -17.4095 -23.9211 298.612 -27.1377 -23.9211 298.612 -27.1377 -18.7175 596.174 -17.4095 -23.9211 298.612 -27.1377 -28.9637 163.586 -28.671 -27.1498 326.201 -22.5834 -28.9637 163.586 -28.671
-28.9417 163.586 -28.6493 -27.105 326.201 -22.5425 -28.9417 163.586 -28.6493 -23.8831 298.611 -27.0971 -18.6378 596.174 -17.3301 -23.8831 298.611 -27.0971 -23.8831 298.611 -27.0971 -18.6378 596.174 -17.3301 -23.8831 298.611 -27.0971 -28.9417 163.586 -28.6493 -27.105 326.201 -22.5425 -28.9417 163.586 -28.6493
-28.9197 163.586 -28.6275 -27.0599 326.201 -22.5015 -28.9197 163.586 -28.6275 -23.8449 298.611 -27.0564 -18.558 596.174 -17.2507 -23.8449 298.611 -27.0564 -23.8449 298.611 -27.0564 -18.558 596.174 -17.2507 -23.8449 298.611 -27.0564 -28.9197 163.586 -28.6275 -27.0599 326.201 -22.5015 -28.9197 163.586 -28.6275
-28.8977 163.585 -28.6056 -27.0148 326.201 -22.4603 -28.8977 163.585 -28.6056 -23.8066 298.611 -27.0155 -18.4783 596.174 -17.1712 -23.8066 298.611 -27.0155 -23.8066 298.611 -27.0155 -18.4783 596.174 -17.1712 -23.8066 298.611 -27.0155 -28.8977 163.585 -28.6056 -27.0148 326.201 -22.4603 -28.8977 163.585 -28.6056
-28.8756 163.585 -28.5836 -26.9695 326.202 -22.4191 -28.8756 163.585 -28.5836 -23.7683 298.611 -26.9746 -18.3985 596.174 -17.0918 -23.7683 298.611 -26.9746 -23.7683 298.611 -26.9746 -18.3985 596.174 -17.0918 -23.7683 298.611 -26.9746 -28.8756 163.585 -28.5836 -26.9695 326.202 -22.4191 -28.8756 163.585 -28.5836
-28.8534 163.585 -28.5615 -26.924 326.202 -22.3777 -28.8534 163.585 -28.5615 -23.7297 298.611 -26.9335 -18.3186 596.174 -17.0123 -23.7297 298.611 -26.9335 -23.7297 298.611 -26.9335 -18.3186 596.174 -17.0123 -23.7297 298.611 -26.9335 -28.8534 163.585 -28.5615 -26.924 326.202 -22.3777 -28.8534 163.585 -28.5615
-28.8312 163.585 -28.5394 -26.8785 326.202 -22.3363 -28.8312 163.585 -28.5394 -23.6911 298.611 -26.8924 -18.2387 596.174 -16.9328 -23.6911 298.611 -26.8924 -23.6911 298.611 -26.8924 -18.2387 596.174 -16.9328 -23.6911 298.611 -26.8924 -28.8312 163.585 -28.5394 -26.8785 326.202 -22.3363 -28.8312 163.585 -28.5394
-28.809 163.585 -28.5173 -26.8328 326.202 -22.2947 -28.809 163.585 -28.5173 -23.6522 298.611 -26.8511 -18.1588 596.174 -16.8533 -23.6522 298.611 -26.8511 -23.6522 298.611 -26.8511 -18.1588 596.174 -16.8533 -23.6522 298.611 -26.8511 -28.809 163.585 -28.5173 -26.8328 326.202 -22.2947 -28.809 163.585 -28.5173
-28.7867 163.585 -28.4951 -26.7871 326.202 -22.2529 -28.7867 163.585 -28.4951 -23.6133 298.611 -26.8098 -18.0788 596.174 -16.7737 -23.6133 298.611 -26.8098 -23.6133 298.611 -26.8098 -18.0788 596.174 -16.7737 -23.6133 298.611 -26.8098 -28.7867 163.585 -28.4951 -26.7871 326.202 -22.2529 -28.7867 163.585 -28.4951
-28.7644 163.585 -28.4728 -26.7413 326.202 -22.211 -28.7644 163.585 -28.4728 -23.5742 298.611 -26.7684 -17.9987 596.174 -16.694 -23.5742 298.611 -26.7684 -23.5742 298.611 -26.7684 -17.9987 596.174 -16.694 -23.5742 298.611 -26.7684 -28.7644 163.585 -28.4728 -26.7413 326.202 -22.211 -28.7644 163.585 -28.4728
-28.7421 163.585 -28.4505 -26.6954 326.202 -22.169 -28.7421 163.585 -28.4505 -23.5349 298.611 -26.727 -17.9185 596.174 -16.6143 -23.5349 298.611 -26.727 -23.5349 298.611 -26.727 -17.9185 596.174 -16.6143 -23.5349 298.611 -26.727 -28.7421 163.585 -28.4505 -26.6954 326.202 -22.169 -28.7421 163.585 -28.4505
-28.7198 163.585 -28.4282 -26.6495 326.202 -22.1267 -28.7198 163.585 -28.4282 -23.4955 298.611 -26.6854 -17.8382 596.174 -16.5345 -23.4955 298.611 -26.6854 -23.4955 298.611 -26.6854 -17.8382 596.174 -16.5345 -23.4955 298.611 -26.6854 -28.7198 163.585 -28.4282 -26.6495 326.202 -22.1267 -28.7198 163.585 -28.4282
-28.6974 163.585 -28.4059 -26.6035 326.203 -22.0843 -28.6974 163.585 -28.4059 -23.456 298.611 -26.6439 -17.7578 596.174 -16.4547 -23.456 298.611 -26.6439 -23.456 298.611 -26.6439 -17.7578 596.174 -16.4547 -23.456 298.611 -26.6439 -28.6974 163.585 -28.4059 -26.6035 326.203 -22.0843 -28.6974 163.585 -28.4059
