0.001 -0.000311943 0.001
0.002 -0.000312277 0.002
0.003 -0.000306336 0.003
0.004 -0.000291378 0.004
0.005 -0.000270358 0.005
0.006 -0.000245507 0.006
0.007 -0.000218141 0.007
0.008 -0.000187885 0.008
0.009 -0.000156037 0.009
0.01 -0.0001228 0.01
0.011 -8.75713e-05 0.011
0.012 -5.11651e-05 0.012
0.013 -1.47518e-05 0.013
0.014 2.36555e-05 0.014
0.015 6.28481e-05 0.015
0.016 0.000102437 0.016
0.017 0.000141918 0.017
0.018 0.000182337 0.018
0.019 0.000224256 0.019
0.02 0.000266324 0.02
0.021 0.000308764 0.021
0.022 0.0003511 0.022
0.023 0.000393573 0.023
0.024 0.000436537 0.024
0.025 0.000479722 0.025
0.026 0.00052311 0.026
0.027 0.000567243 0.027
0.028 0.000612019 0.028
0.029 0.000656775 0.029
0.03 0.000701517 0.03
0.031 0.000746295 0.031
0.032 0.000791347 0.032
0.033 0.000836649 0.033
0.034 0.000882622 0.034
0.035 0.000928595 0.035
0.036 0.000974557 0.036
0.037 0.00102055 0.037
0.038 0.00106665 0.038
0.039 0.00111294 0.039
0.04 0.00115963 0.04
0.041 0.00120625 0.041
0.042 0.00125287 0.042
0.043 0.00129942 0.043
0.044 0.0013459 0.044
0.045 0.00139228 0.045
0.046 0.00143855 0.046
0.047 0.0014848 0.047
0.048 0.00153126 0.048
0.049 0.00157793 0.049
0.05 0.00162457 0.05
0.051 0.00167108 0.051
0.052 0.00171748 0.052
0.053 0.00176381 0.053
0.054 0.00181001 0.054
0.055 0.00185624 0.055
0.056 0.00190256 0.056
0.057 0.00194894 0.057
0.058 0.00199536 0.058
0.059 0.00204177 0.059
0.06 0.00208813 0.06
0.061 0.00213443 0.061
0.062 0.00218043 0.062
0.063 0.00222635 0.063
0.064 0.0022722 0.064
0.065 0.002318 0.065
0.066 0.00236373 0.066
0.067 0.00240939 0.067
0.068 0.00245499 0.068
0.069 0.00250053 0.069
0.07 0.00254602 0.07
0.071 0.00259145 0.071
0.072 0.00263682 0.072
0.073 0.00268212 0.073
0.074 0.00272729 0.074
0.075 0.00277219 0.075
0.076 0.00281705 0.076
0.077 0.00286187 0.077
0.078 0.00290666 0.078
0.079 0.00295142 0.079
0.08 0.00299615 0.08
0.081 0.00304083 0.081
0.082 0.00308548 0.082
0.083 0.0031301 0.083
0.084 0.00317468 0.084
0.085 0.00321923 0.085
0.086 0.00326375 0.086
0.087 0.00330824 0.087
0.088 0.00335269 0.088
0.089 0.00339711 0.089
0.09 0.0034415 0.09
0.091 0.00348586 0.091
0.092 0.00353018 0.092
0.093 0.00357447 0.093
0.094 0.00361873 0.094
0.095 0.00366295 0.095
0.096 0.00370713 0.096
0.097 0.00375127 0.097
0.098 0.00379511 0.098
0.099 0.00383889 0.099
0.1 0.00388265 0.1
0.101 0.00392639 0.101
0.102 0.00397011 0.102
0.103 0.00401381 0.103
0.104 0.00405749 0.104
0.105 0.00410116 0.105
0.106 0.0041448 0.106
0.107 0.00418844 0.107
0.108 0.00423205 0.108
0.109 0.00427565 0.109
0.11 0.00431923 0.11
0.111 0.0043628 0.111
0.112 0.00440638 0.112
0.113 0.00444996 0.113
0.114 0.00449353 0.114
0.115 0.00453708 0.115
0.116 0.00458062 0.116
0.117 0.00462414 0.117
0.118 0.00466764 0.118
0.119 0.00471113 0.119
0.12 0.0047546 0.12
0.121 0.00479806 0.121
0.122 0.00484149 0.122
0.123 0.00488491 0.123
0.124 0.00492831 0.124
0.125 0.0049717 0.125
0.126 0.00501506 0.126
0.127 0.00505841 0.127
0.128 0.00510174 0.128
0.129 0.00514506 0.129
0.13 0.00518835 0.13
0.131 0.00523162 0.131
0.132 0.00527488 0.132
0.133 0.00531811 0.133
0.134 0.00536133 0.134
0.135 0.00540453 0.135
0.136 0.0054477 0.136
0.137 0.00549086 0.137
0.138 0.005534 0.138
0.139 0.00557712 0.139
0.14 0.00562023 0.14
0.141 0.00566332 0.141
0.142 0.00570639 0.142
0.143 0.00574944 0.143
0.144 0.00579247 0.144
0.145 0.00583549 0.145
0.146 0.00587849 0.146
0.147 0.00592148 0.147
0.148 0.00596445 0.148
0.149 0.0060074 0.149
0.15 0.00605032 0.15
0.151 0.00609323 0.151
0.152 0.00613623 0.152
0.153 0.00617937 0.153
0.154 0.00622241 0.154
0.155 0.00626525 0.155
0.156 0.00630805 0.156
0.157 0.00635085 0.157
0.158 0.00639364 0.158
0.159 0.00643643 0.159
0.16 0.00647922 0.16
0.161 0.006522 0.161
0.162 0.00656478 0.162
0.163 0.00660754 0.163
0.164 0.0066503 0.164
0.165 0.00669305 0.165
0.166 0.0067358 0.166
0.167 0.00677854 0.167
0.168 0.00682127 0.168
0.169 0.00686399 0.169
0.17 0.00690671 0.17
0.171 0.00694942 0.171
0.172 0.00699213 0.172
0.173 0.00703484 0.173
0.174 0.00707754 0.174
0.175 0.00712024 0.175
0.176 0.00716292 0.176
0.177 0.0072056 0.177
0.178 0.00724827 0.178
0.179 0.00729093 0.179
0.18 0.00733358 0.18
0.181 0.00737643 0.181
0.182 0.00741953 0.182
0.183 0.00746262 0.183
