-5.57193e-06 -0.000278679 -4.33873e-06
-2.66498e-05 -0.00027907 -2.00753e-05
-6.38782e-05 -0.000278342 -4.5765e-05
-0.000109801 -0.00027686 -7.31731e-05
-0.000159473 -0.000276369 -9.65145e-05
-0.000211565 -0.000277521 -0.000113322
-0.000266153 -0.000278655 -0.000121714
-0.000323004 -0.00027877 -0.000120375
-0.000381635 -0.000278881 -0.000110704
-0.000443237 -0.000278292 -9.66363e-05
-0.00050912 -0.000276258 -8.21434e-05
-0.000578966 -0.000275506 -6.96074e-05
-0.000651947 -0.000278026 -6.00115e-05
-0.000725523 -0.000281082 -5.36367e-05
-0.00079566 -0.000281395 -5.06408e-05
-0.000862061 -0.000279782 -5.24235e-05
-0.000929751 -0.000278009 -6.31522e-05
-0.00100232 -0.000276656 -8.67559e-05
-0.00107589 -0.00027679 -0.000123142
-0.00114224 -0.000277746 -0.000169143
-0.00119447 -0.000278288 -0.000219159
-0.00122746 -0.000279551 -0.000266634
-0.00123909 -0.000281224 -0.000307843
-0.00123131 -0.000281233 -0.000341841
-0.00120558 -0.000279814 -0.000367943
-0.00116089 -0.000278817 -0.000385241
-0.00109707 -0.000278521 -0.000394634
-0.00101564 -0.000277885 -0.000400863
-0.000917338 -0.000277275 -0.000410876
-0.000802671 -0.00027807 -0.000430111
-0.000673799 -0.00027982 -0.000460797
-0.000533126 -0.000280585 -0.000502832
-0.000381714 -0.000280009 -0.000555093
-0.000219581 -0.000279305 -0.000616263
-4.75467e-05 -0.000278342 -0.000685116
0.000132985 -0.000276744 -0.000759096
0.000320285 -0.000277226 -0.00083371
0.000510225 -0.000280379 -0.000905157
0.000694642 -0.000282038 -0.000971864
0.000862307 -0.000281193 -0.00103312
0.00100461 -0.000280047 -0.00108812
0.00112129 -0.000278862 -0.00113588
0.00122045 -0.000276898 -0.00117552
0.00131422 -0.000275595 -0.00120608
0.00141223 -0.000276952 -0.00122734
0.00151813 -0.000279781 -0.0012412
0.00163348 -0.000282049 -0.00124997
0.00176119 -0.000283067 -0.00125316
0.00190474 -0.000282322 -0.00124697
0.0020674 -0.000281068 -0.00122653
0.00225152 -0.000280513 -0.00118965
0.00245699 -0.000278362 -0.00113776
0.00268059 -0.000274024 -0.00107267
0.00291774 -0.000271231 -0.000995247
0.00316526 -0.000271516 -0.000906507
0.00342124 -0.000272484 -0.000808148
0.00368162 -0.000273124 -0.000704019
0.00393911 -0.000273668 -0.000599264
0.00418742 -0.000272605 -0.000496961
0.00442453 -0.000269928 -0.000399381
0.00464995 -0.000267881 -0.000310501
0.00486109 -0.000265914 -0.000234408
0.00505525 -0.000262442 -0.000174477
0.00523295 -0.000259356 -0.000133403
0.00539676 -0.000257991 -0.000111276
0.00554725 -0.000255901 -0.000105268
0.00568203 -0.000251389 -0.000110738
0.00579651 -0.000246975 -0.000122853
0.0058817 -0.000244892 -0.000138664
0.00592373 -0.000244162 -0.000157407
0.00590718 -0.000244251 -0.000181256
0.00581915 -0.000245907 -0.00021528
0.00565177 -0.000249616 -0.000263768
0.00540175 -0.000255099 -0.000328089
0.00507015 -0.000261273 -0.000406815
0.00466468 -0.000267104 -0.000495194
0.00419923 -0.000273192 -0.000585869
0.00368853 -0.000279893 -0.000670896
0.00314621 -0.000284667 -0.000743849
0.0025863 -0.000285743 -0.000801125
0.00201994 -0.000284251 -0.000839383
0.00145296 -0.000281808 -0.000852259
0.000888581 -0.000279697 -0.000833174
0.000330228 -0.000279157 -0.000779361
-0.000218082 -0.000280231 -0.000692625
-0.000752821 -0.000280858 -0.000579974
-0.00127065 -0.000279782 -0.000452134
-0.00176601 -0.000278207 -0.000317857
-0.0022324 -0.00027781 -0.000180391
-0.00266877 -0.00027913 -4.05129e-05
-0.00308176 -0.000281178 0.000100965
-0.00347996 -0.000281945 0.000243457
-0.00386687 -0.000279705 0.000384738
-0.00423824 -0.000274578 0.000521108
-0.00458437 -0.000267873 0.000652184
-0.00489435 -0.000260909 0.000780562
-0.00516069 -0.000255259 0.000905956
-0.00537947 -0.000251724 0.00102349
-0.00554602 -0.000249765 0.00112813
-0.00565574 -0.000248559 0.00121934
-0.00571007 -0.000247934 0.00130051
-0.00571827 -0.000248256 0.00137531
-0.00569185 -0.000248728 0.00144497
-0.00563888 -0.000248153 0.00150903
-0.00556502 -0.000247308 0.00156768
-0.00547494 -0.000248084 0.00162204
-0.00536875 -0.000251595 0.00167398
-0.00524059 -0.000256797 0.00172739
-0.00508424 -0.000260888 0.00178805
-0.00490105 -0.000262546 0.0018611
-0.00469825 -0.000263897 0.00194985
-0.00448061 -0.000266289 0.00205616
-0.00424983 -0.000267221 0.00217937
-0.00400929 -0.000267289 0.0023144
-0.0037639 -0.000271506 0.00245265
-0.00351525 -0.000278273 0.00258788
-0.00325921 -0.000280064 0.00272034
-0.00298867 -0.000277047 0.00285348
-0.00269775 -0.000275489 0.00298945
-0.00238428 -0.000276446 0.0031261
-0.00204666 -0.000277674 0.003255
-0.00168064 -0.000279061 0.00336456
-0.00128315 -0.000281124 0.00344622
-0.000857782 -0.000282627 0.00349685
-0.00041494 -0.000282433 0.00351754
3.33832e-05 -0.000281425 0.00351298
0.000480431 -0.000280526 0.00348993
0.00092682 -0.000279898 0.00345485
0.00137307 -0.000279416 0.00341299
0.00181381 -0.000278447 0.00336674
0.00224233 -0.000275807 0.00331567
0.00265351 -0.000271548 0.00325803
0.0030406 -0.000267894 0.00319021
0.00339497 -0.000265369 0.00311002
0.003709 -0.000263131 0.00302062
0.00397659 -0.000262022 0.00292855
0.00419406 -0.000262104 0.00283895
0.00436412 -0.000262149 0.00275259
0.004498 -0.000262524 0.00266505
0.00461245 -0.0002631 0.00257061
0.00472104 -0.000261309 0.0024661
0.00482455 -0.000257937 0.00234575
0.00491261 -0.000256089 0.00219826
0.00497587 -0.00025641 0.0020157
0.00501366 -0.000258502 0.0018011
0.00503196 -0.000260483 0.00156402
0.00503699 -0.000261169 0.00131228
0.00503106 -0.000261777 0.00105089
0.00501207 -0.000262474 0.00078483
0.00497592 -0.000262356 0.000517201
0.00491894 -0.000262489 0.000245909
0.00483522 -0.000264599 -3.41654e-05
0.00471406 -0.000267582 -0.000327361
0.00454354 -0.000269598 -0.000636881
0.00431687 -0.000271484 -0.000966321
0.00403505 -0.000274201 -0.00131824
0.00370365 -0.000276498 -0.00168967
0.00332774 -0.000277208 -0.00207052
0.00291121 -0.000277462 -0.00244544
0.00245985 -0.000278495 -0.00279563
0.00198258 -0.000278616 -0.00310269
0.0014878 -0.000277118 -0.00335597
0.00097806 -0.000276734 -0.00355794
0.000449125 -0.000278398 -0.00372201
-0.000107418 -0.00027915 -0.00386336
-0.000699765 -0.000277024 -0.00399055
-0.0013293 -0.000273433 -0.00410629
-0.00198888 -0.000268921 -0.00420954
-0.002667 -0.000263493 -0.00429317
-0.00334993 -0.000259006 -0.00434594
-0.00402401 -0.000254819 -0.00435816
-0.0046803 -0.000248591 -0.00432294
-0.00531776 -0.000240839 -0.00423588
-0.00594265 -0.000232627 -0.00409767
-0.00656356 -0.000222972 -0.00391651
-0.00718499 -0.00021117 -0.00370837
-0.00780202 -0.000199306 -0.00349401
-0.00840023 -0.000189914 -0.00329003
-0.00896124 -0.000182597 -0.00310197
-0.00946727 -0.000174801 -0.00292794
-0.00990277 -0.000166667 -0.00276467
-0.0102538 -0.000160808 -0.00261042
-0.0105079 -0.00015673 -0.00246761
-0.0106558 -0.000152975 -0.00233995
-0.010692 -0.000151069 -0.00222681
-0.0106148 -0.000152974 -0.00212642
-0.0104305 -0.000157872 -0.00204167
-0.0101546 -0.000163856 -0.00197629
-0.00980914 -0.000171917 -0.00192749
-0.00942033 -0.000183148 -0.00188635
-0.00901519 -0.000194051 -0.00184174
-0.00861477 -0.000201671 -0.0017849
-0.00823064 -0.000209032 -0.00171493
-0.00786511 -0.000219208 -0.00163732
-0.00751285 -0.00022838 -0.00155618
-0.00716161 -0.000232945 -0.00147132
-0.00679265 -0.000236855 -0.00137939
-0.00638661 -0.00024199 -0.00127451
-0.00593069 -0.000246117 -0.00115161
-0.00541981 -0.000252924 -0.00100973
-0.00485668 -0.000265204 -0.000852652
-0.00425545 -0.000276473 -0.000685928
-0.00364142 -0.000281216 -0.000510937
-0.0030439 -0.000281207 -0.000322468
-0.00248841 -0.000279242 -0.000112936
-0.00199084 -0.000276628 0.000120542
-0.001555 -0.000276116 0.000372112
-0.0011734 -0.000279961 0.00063009
-0.00083272 -0.000286144 0.000883212
-0.000522937 -0.000291643 0.0011242
-0.000242411 -0.000294858 0.00134927
6.96833e-06 -0.000293315 0.00155648
0.000228034 -0.000287261 0.00174533
0.000429031 -0.000281016 0.00191647
0.000621252 -0.000277812 0.0020699
0.000820407 -0.000278632 0.00220552
0.00104327 -0.000281953 0.0023257
0.00129937 -0.000284838 0.00243354
0.0015876 -0.000286636 0.00252911
0.00189959 -0.000287448 0.00261077
0.00222539 -0.000285428 0.00267892
0.00255634 -0.000280516 0.00273492
0.00288507 -0.000275262 0.00277723
0.00320661 -0.000271837 0.00280084
0.00351872 -0.000271516 0.00279955
0.00381769 -0.000272821 0.00276755
0.00409518 -0.000272082 0.00270147
0.00433866 -0.000268319 0.00260025
0.00453068 -0.000264002 0.00246237
0.00465128 -0.000260991 0.00228807
0.00468751 -0.0002594 0.00208449
0.00464258 -0.000259245 0.00186312
0.00453383 -0.000261681 0.00163485
0.00438419 -0.000267951 0.001407
0.00421776 -0.000274814 0.00117949
0.00405734 -0.000275967 0.000946191
0.00392236 -0.000271939 0.0007006
0.00382863 -0.000269517 0.000438845
0.00378728 -0.00027128 0.000159004
0.003805 -0.000274529 -0.000140976
0.00388321 -0.000276661 -0.000461149
0.00401431 -0.000276927 -0.000798076
0.00417947 -0.00027506 -0.0011499
0.0043516 -0.000270856 -0.00151979
0.00450059 -0.000264581 -0.00191425
0.00459727 -0.000257829 -0.00233928
0.00462454 -0.000252641 -0.00279638
0.00458933 -0.000248799 -0.00328117
0.00451606 -0.000245709 -0.00378438
0.00443486 -0.000244264 -0.00429438
0.00438048 -0.000243984 -0.00479852
0.00438569 -0.000241724 -0.00528128
0.00446673 -0.000235073 -0.00572607
0.00462144 -0.000225982 -0.00612437
0.00483857 -0.000217252 -0.00648362
0.00510422 -0.000207526 -0.00682346
0.00540335 -0.000196076 -0.00716107
0.00572102 -0.000185973 -0.00750168
0.00604239 -0.000178553 -0.00784072
0.00635224 -0.000171415 -0.00816957
0.00663825 -0.000160534 -0.00848105
0.00689335 -0.000145553 -0.00876942
0.00711444 -0.000132841 -0.00902532
0.00729852 -0.00012679 -0.00923901
0.00744116 -0.000124391 -0.00940957
0.00754135 -0.000121975 -0.00954335
0.00760541 -0.000119841 -0.00964236
0.00764455 -0.000119716 -0.00969976
0.00766834 -0.000121634 -0.009704
0.00767975 -0.000123653 -0.0096432
0.00767688 -0.000124229 -0.0095088
0.00765661 -0.000124053 -0.00929931
0.00761448 -0.000126032 -0.00902127
0.00754476 -0.000134009 -0.00868802
0.00744334 -0.000148059 -0.00831795
0.00730945 -0.00016271 -0.00792692
0.0071452 -0.000172951 -0.00751939
0.00695464 -0.000179432 -0.00709208
0.00674201 -0.000186329 -0.00664118
0.0065104 -0.000194751 -0.00616363
0.00626233 -0.000202279 -0.00565736
0.00599977 -0.000209827 -0.00512069
0.005724 -0.000222498 -0.00455156
0.00543573 -0.00024077 -0.00394869
0.00513502 -0.000257263 -0.00331267
0.00482084 -0.000267206 -0.00264522
0.00448706 -0.000274036 -0.00194926
0.00411715 -0.000280987 -0.00123217
0.0036849 -0.000287096 -0.00050583
0.00316681 -0.00029162 0.000219975
0.00255568 -0.000293184 0.000938295
0.00185985 -0.000289717 0.00163981
0.00109274 -0.000284709 0.0023153
0.000266693 -0.000283253 0.00296154
-0.000605897 -0.000282861 0.00358167
-0.00151235 -0.000278851 0.00418535
-0.00244353 -0.000270465 0.00478743
-0.00339744 -0.000256399 0.00539965
-0.00437976 -0.000235263 0.00602681
-0.00539577 -0.000208793 0.0066714
-0.0064386 -0.000178942 0.00733337
-0.00749274 -0.000148161 0.00800578
-0.0085474 -0.000120624 0.00867694
-0.00959584 -9.60668e-05 0.00933523
-0.0106275 -6.9427e-05 0.00996903
-0.0116304 -3.88341e-05 0.0105669
-0.0125984 -5.91111e-06 0.0111206
-0.0135307 2.73504e-05 0.0116241
-0.0144252 5.81501e-05 0.0120695
-0.0152745 8.54414e-05 0.0124477
-0.016069 0.000109768 0.0127511
-0.0168059 0.000129211 0.0129806
-0.0174889 0.000141826 0.0131532
-0.0181178 0.000150323 0.0132962
-0.0186876 0.000158713 0.0134295
-0.0191943 0.000168654 0.0135563
-0.0196306 0.000182391 0.013668
-0.0199782 0.000199829 0.0137538
-0.0202177 0.000214415 0.0138068
-0.0203387 0.000220779 0.0138253
-0.0203433 0.00022049 0.0138137
-0.0202484 0.000216774 0.0137791
-0.020083 0.000209965 0.0137251
-0.0198771 0.000200763 0.0136527
-0.0196457 0.000192805 0.013565
-0.0193818 0.000188339 0.0134684
-0.0190654 0.000185279 0.0133686
-0.0186798 0.000178393 0.013268
-0.0182163 0.000160699 0.0131668
-0.017669 0.000131094 0.0130644
-0.0170347 0.000101551 0.0129621
-0.016316 8.42954e-05 0.0128651
-0.0155211 7.76677e-05 0.0127787
-0.0146606 7.16145e-05 0.0127025
-0.0137446 5.61976e-05 0.0126299
-0.0127817 2.94263e-05 0.0125527
-0.0117836 3.47881e-08 0.012466
-0.0107688 -2.36973e-05 0.01237
-0.00975689 -4.33768e-05 0.0122689
-0.00875466 -6.4763e-05 0.0121658
-0.00775731 -8.60593e-05 0.01206
-0.00676327 -0.000101874 0.0119482
-0.00577845 -0.00011309 0.0118253
-0.00480533 -0.000123822 0.011684
-0.00383669 -0.000136294 0.0115147
-0.00286508 -0.000149601 0.0113062
-0.0018935 -0.000162919 0.0110501
-0.000933695 -0.000175806 0.0107428
1.65299e-06 -0.000183424 0.0103818
0.000906344 -0.000183632 0.00996326
0.00178592 -0.000182125 0.00948317
0.00265582 -0.000184772 0.00893544
0.00353529 -0.000193119 0.00831055
0.00444158 -0.000203559 0.00760494
0.00538357 -0.000210091 0.00683347
0.00635892 -0.000209909 0.00602701
0.00735607 -0.000205624 0.00521275
0.0083559 -0.000201385 0.00440344
0.00933264 -0.000196406 0.00360668
0.0102553 -0.000186979 0.00283072
0.0110895 -0.000173778 0.00207958
0.0118003 -0.000160831 0.00134988
0.012359 -0.000149111 0.000633941
0.0127543 -0.000135483 -7.77489e-05
0.0129948 -0.000119312 -0.000798215
0.0130978 -0.000105189 -0.00154085
0.0130861 -9.57532e-05 -0.00231235
0.0129954 -9.06353e-05 -0.00311188
0.012871 -8.92494e-05 -0.0039361
0.0127556 -8.77549e-05 -0.00478245
0.0126767 -8.35326e-05 -0.00564938
0.0126446 -7.83376e-05 -0.0065383
0.012662 -7.12326e-05 -0.00745178
0.0127237 -5.93277e-05 -0.0083806
0.0128039 -4.31912e-05 -0.00929713
0.0128584 -2.4749e-05 -0.0101749
0.0128413 -4.29826e-06 -0.0110118
0.0127249 1.68028e-05 -0.0118293
0.0125125 3.41908e-05 -0.0126525
0.0122337 4.51047e-05 -0.0134913
0.0119274 5.26383e-05 -0.0143391
0.011633 6.06815e-05 -0.0151791
0.0113878 6.92897e-05 -0.0159841
0.0112186 7.84402e-05 -0.0167248
0.0111326 9.02749e-05 -0.0173821
0.0111207 0.000107948 -0.017952
0.0111629 0.000130772 -0.0184431
0.0112332 0.000150199 -0.0188694
0.0113032 0.000159054 -0.0192467
0.0113447 0.00016023 -0.0195897
0.0113325 0.000159351 -0.0199043
0.0112499 0.000157609 -0.0201863
0.0110883 0.000156875 -0.0204288
0.0108441 0.000161039 -0.020627
0.0105205 0.000167151 -0.020779
0.0101235 0.000168583 -0.0208848
0.00965467 0.000167568 -0.0209448
0.00911001 0.000168974 -0.0209593
0.00848653 0.000168204 -0.0209263
0.00778413 0.000160959 -0.0208382
0.00700316 0.000149981 -0.0206835
0.00614757 0.000132974 -0.0204525
0.00522853 0.000105254 -0.0201413
0.00425993 7.29856e-05 -0.0197509
0.00325457 4.7681e-05 -0.0192871
0.00222679 3.33016e-05 -0.0187633
0.00119456 2.52344e-05 -0.0182032
0.000180338 1.60412e-05 -0.0176349
-0.000796193 -9.75457e-07 -0.0170762
-0.00173206 -2.48937e-05 -0.0165274
-0.0026405 -4.4955e-05 -0.0159733
-0.00353895 -5.50438e-05 -0.0153894
-0.00444636 -6.00666e-05 -0.0147524
-0.00538222 -6.56046e-05 -0.0140505
-0.00635596 -7.34612e-05 -0.0132859
-0.00736279 -8.09406e-05 -0.0124719
-0.00838917 -8.35479e-05 -0.0116271
-0.009413 -8.38805e-05 -0.0107691
-0.010402 -8.58929e-05 -0.00991194
-0.0113219 -8.5862e-05 -0.00906381
-0.0121458 -8.04215e-05 -0.0082271
-0.0128565 -7.25975e-05 -0.00739844
-0.0134483 -6.75838e-05 -0.00657124
-0.0139279 -6.5155e-05 -0.00573691
-0.0143068 -6.10461e-05 -0.00488595
-0.0145981 -5.86413e-05 -0.00400833
-0.0148186 -6.47767e-05 -0.0030896
-0.0149902 -7.61365e-05 -0.00211383
-0.0151416 -8.30447e-05 -0.00107403
-0.0153058 -8.18674e-05 2.41921e-05
-0.0155073 -7.37871e-05 0.0011681
-0.015756 -5.59856e-05 0.00234401
-0.0160471 -2.99219e-05 0.00353914
-0.0163582 -5.94103e-06 0.00474046
-0.0166467 1.38308e-05 0.00593449
-0.0168603 3.72541e-05 0.00711201
-0.0169505 6.36638e-05 0.00826981
-0.0168828 8.12037e-05 0.00940408
-0.0166447 8.37445e-05 0.0105049
-0.0162446 7.86738e-05 0.0115566
-0.0157063 7.58251e-05 0.0125431
-0.0150585 7.70653e-05 0.0134576
-0.0143234 8.00279e-05 0.01431
-0.0135158 8.39982e-05 0.0151186
-0.0126521 8.90678e-05 0.0158912
-0.011752 9.23861e-05 0.0166173
-0.0108337 8.96538e-05 0.0172769
-0.00990788 8.29236e-05 0.0178519
-0.00897648 7.79672e-05 0.0183338
-0.00803355 7.43608e-05 0.0187261
-0.00706857 6.8649e-05 0.0190377
-0.00606883 6.27229e-05 0.0192824
-0.00501912 6.0844e-05 0.01948
-0.0039037 6.40356e-05 0.0196483
-0.00271657 6.94089e-05 0.0197969
-0.00146964 7.31447e-05 0.019928
-0.000190671 7.47812e-05 0.0200358
0.00108376 7.49316e-05 0.0201067
0.00231759 7.12047e-05 0.0201267
0.0034806 6.15989e-05 0.0200896
0.00454963 5.22757e-05 0.0199954
0.00551451 5.40759e-05 0.0198413
0.00638297 6.92468e-05 0.0196179
0.00717432 8.93038e-05 0.0193184
0.00790619 0.00010271 0.018951
0.00858668 0.000103627 0.0185341
0.00921883 9.45391e-05 0.0180838
0.00980705 8.14213e-05 0.0176063
0.0103565 7.01612e-05 0.0170956
0.010872 6.19455e-05 0.0165421
0.0113615 5.35618e-05 0.0159432
0.0118337 4.50196e-05 0.0153004
0.0122917 3.96068e-05 0.0146134
0.0127332 3.85608e-05 0.0138826
0.0131528 3.78255e-05 0.0131135
0.0135407 2.94441e-05 0.0123173
0.013886 1.28696e-05 0.0115104
0.0141844 1.45522e-07 0.0107135
0.0144365 -2.5878e-06 0.00994391
0.0146402 -5.63863e-06 0.00920991
0.0147882 -1.45276e-05 0.00851531
0.0148715 -2.30925e-05 0.00786252
0.0148821 -3.2037e-05 0.0072488
0.0148142 -4.44761e-05 0.00666557
0.0146669 -5.31549e-05 0.00610327
0.0144461 -5.34969e-05 0.0055474
0.0141627 -5.38276e-05 0.00496947
0.0138284 -6.52476e-05 0.00433521
0.0134469 -8.88919e-05 0.00362037
0.0130089 -0.00011393 0.0028118
0.0125029 -0.000132712 0.00190402
0.0119279 -0.000150295 0.000901106
0.0112921 -0.000168737 -0.000180891
0.0106066 -0.000182062 -0.00131555
0.00988361 -0.000190138 -0.00247253
0.00914173 -0.000196864 -0.00362804
0.00840351 -0.000202354 -0.00477553
0.00768401 -0.000203666 -0.00592379
0.00698303 -0.000198465 -0.00708566
0.00629079 -0.000187432 -0.00826941
0.00560242 -0.000170651 -0.00947521
0.00492379 -0.000150157 -0.0106959
0.00425997 -0.000130437 -0.0119167
0.00360399 -0.000110429 -0.013115
0.00294151 -8.8918e-05 -0.0142597
0.00226237 -6.7365e-05 -0.0153151
0.0015657 -4.20392e-05 -0.0162516
0.00085491 -8.94157e-06 -0.0170561
0.000131961 2.66755e-05 -0.0177345
-0.000599497 5.251e-05 -0.018306
-0.00132952 6.10001e-05 -0.0187939
-0.00204793 5.79462e-05 -0.0192152
-0.00275139 5.47957e-05 -0.0195723
-0.00343746 5.57339e-05 -0.0198554
-0.00409436 5.96379e-05 -0.0200532
-0.00470005 6.83954e-05 -0.0201587
-0.00523273 8.30976e-05 -0.0201711
-0.00568468 9.79489e-05 -0.0200962
-0.00606687 0.000106206 -0.0199409
-0.00640191 0.00010513 -0.0197078
-0.00671627 9.52207e-05 -0.0193949
-0.00703364 8.08579e-05 -0.0189919
-0.00736182 6.73788e-05 -0.0184825
-0.00768665 5.72005e-05 -0.0178564
-0.00798301 4.77857e-05 -0.0171154
-0.00822805 3.32147e-05 -0.0162694
-0.00840896 1.10477e-05 -0.0153328
-0.00852612 -1.42565e-05 -0.0143224
-0.00859049 -3.88076e-05 -0.0132591
-0.00861995 -6.62267e-05 -0.0121647
-0.00863612 -9.74898e-05 -0.0110535
-0.00865798 -0.000125191 -0.00992692
-0.00869547 -0.000145931 -0.00877908
-0.0087512 -0.000162856 -0.00760455
-0.00882387 -0.000176678 -0.00640212
-0.00890306 -0.000186002 -0.00517525
-0.00896539 -0.000190707 -0.00393186
-0.00898452 -0.000194301 -0.00268165
-0.00894599 -0.000203323 -0.00143476
-0.00884926 -0.000215669 -0.000201852
-0.00869742 -0.000222338 0.00100866
-0.00848898 -0.000222692 0.00218947
-0.00821851 -0.000220166 0.00333085
-0.0078857 -0.000214564 0.00442351
-0.00750112 -0.00020653 0.00545775
-0.0070817 -0.000198436 0.00642081
-0.00664598 -0.000192852 0.00730163
-0.00621286 -0.000190109 0.00809435
-0.00579986 -0.000185735 0.00879844
-0.00541717 -0.000175488 0.00942169
-0.00505927 -0.000161114 0.00997982
-0.00470708 -0.000147205 0.010487
-0.00434068 -0.000136169 0.0109484
-0.00394625 -0.000129269 0.011361
-0.00351536 -0.000127981 0.0117174
-0.00304356 -0.000131604 0.0120118
-0.00253156 -0.000138261 0.0122513
-0.00198895 -0.000146473 0.0124591
-0.00143678 -0.000149689 0.012665
-0.000906497 -0.000140765 0.0128879
-0.000430024 -0.000126276 0.0131276
-2.37234e-05 -0.000117908 0.0133686
0.000316671 -0.000113281 0.0135928
0.000604763 -0.000103875 0.0137882
0.000850686 -9.25033e-05 0.0139512
0.00106235 -8.80054e-05 0.0140797
0.00125692 -9.12648e-05 0.0141649
0.00146188 -9.67415e-05 0.0141921
0.00170316 -0.000100157 0.0141479
0.00199619 -0.000100126 0.0140248
0.00234483 -9.84837e-05 0.0138235
0.00274512 -9.93833e-05 0.0135541
0.00318865 -0.000106105 0.0132322
0.00366378 -0.00011598 0.0128706
0.00415857 -0.000123408 0.0124808
0.00466597 -0.000128449 0.0120706
0.0051864 -0.000131624 0.0116396
0.0057235 -0.000132144 0.0111817
0.00627865 -0.000133045 0.0106942
0.0068467 -0.000134886 0.0101793
0.00741402 -0.000135684 0.00963692
0.00796594 -0.000137931 0.00905835
0.00849467 -0.000144844 0.00843201
0.00899639 -0.000152705 0.00775578
0.009465 -0.000154223 0.00703685
0.00989317 -0.000150735 0.00628036
0.0102746 -0.000149234 0.00548466
0.0106014 -0.000149375 0.00464866
0.0108653 -0.000148276 0.00377973
0.0110667 -0.000148628 0.0028888
0.0112145 -0.000151819 0.00197989
0.0113196 -0.000155242 0.00105399
0.011388 -0.000157994 0.000122736
0.0114212 -0.000159192 -0.000794368
0.0114236 -0.000155688 -0.00168291
0.0114052 -0.000148605 -0.00253284
0.0113717 -0.000144509 -0.00333486
0.0113159 -0.000143152 -0.00408586
0.0112231 -0.000137756 -0.00479229
0.0110807 -0.000127872 -0.00546641
0.0108743 -0.00011734 -0.00612191
0.0105859 -0.000109386 -0.00677048
0.0102045 -0.000107484 -0.00741956
0.00973656 -0.00011071 -0.00807301
0.00920231 -0.000112791 -0.00873224
0.00862686 -0.000110864 -0.00939614
0.00803029 -0.000107154 -0.0100584
0.00741993 -0.000101875 -0.0107025
0.00679759 -9.40643e-05 -0.0113044
0.00617165 -8.78531e-05 -0.0118449
0.00555584 -9.07599e-05 -0.0123148
0.00495877 -0.000103128 -0.0127083
0.00438114 -0.000114836 -0.013021
0.00382004 -0.000118742 -0.0132566
0.00326843 -0.000117156 -0.0134295
0.00271287 -0.000113223 -0.0135561
0.00213424 -0.000108763 -0.0136454
0.00151467 -0.000106427 -0.0136963
0.000849061 -0.000108544 -0.0137017
0.000148614 -0.000113913 -0.0136541
-0.00056825 -0.000118542 -0.0135482
-0.00128616 -0.000122317 -0.0133814
-0.00199537 -0.000127485 -0.0131539
-0.00268818 -0.000133263 -0.0128684
-0.00335295 -0.000136257 -0.0125286
-0.00397346 -0.000134759 -0.0121338
-0.0045359 -0.000132321 -0.0116803
-0.00503506 -0.000132486 -0.0111704
-0.00547589 -0.000133913 -0.0106169
-0.00586698 -0.000136293 -0.0100402
-0.00621369 -0.000143576 -0.00946225
-0.00652475 -0.000156773 -0.00890126
-0.00681563 -0.000170393 -0.00836989
-0.00709877 -0.000178271 -0.00787897
-0.00738237 -0.000178433 -0.00743819
-0.00767761 -0.000172764 -0.0070481
-0.00799498 -0.00016465 -0.0066901
-0.00833677 -0.000157039 -0.0063247
-0.00870017 -0.000153464 -0.00590728
-0.00908287 -0.000156672 -0.00541532
-0.00948203 -0.000163329 -0.00485906
-0.00989108 -0.000167893 -0.00426293
-0.0102996 -0.000170004 -0.00364226
-0.0106927 -0.00017017 -0.00300056
-0.0110478 -0.000166071 -0.00234204
-0.0113373 -0.000160236 -0.0016731
-0.0115341 -0.000159364 -0.000992035
-0.011619 -0.000164439 -0.000289892
-0.0115847 -0.000173703 0.000441199
-0.011437 -0.000184498 0.00120481
-0.0111889 -0.000190011 0.00200003
-0.0108537 -0.000187759 0.00282211
-0.010443 -0.000181658 0.00366251
-0.00996807 -0.000174986 0.00451217
-0.00944044 -0.000171028 0.00536991
-0.0088757 -0.000171733 0.00624391
-0.00829374 -0.000172067 0.00714347
-0.0077102 -0.000166064 0.0080737
-0.00713181 -0.000155978 0.00903335
-0.00655981 -0.000146214 0.0100115
-0.00599308 -0.000135232 0.0109877
-0.00543258 -0.000121468 0.0119352
-0.00488626 -0.000108619 0.0128231
-0.00436728 -9.66467e-05 0.0136213
-0.00388937 -8.06489e-05 0.0143105
-0.00346781 -6.27656e-05 0.0148885
-0.00311722 -4.9665e-05 0.0153666
-0.00284499 -4.12818e-05 0.015761
-0.00265053 -3.15813e-05 0.0160887
-0.00252669 -2.00863e-05 0.0163631
-0.0024638 -1.40955e-05 0.0165897
-0.00245426 -1.50069e-05 0.0167693
-0.00249243 -1.71557e-05 0.016905
-0.00257487 -1.69661e-05 0.017
-0.00270112 -1.30838e-05 0.0170552
-0.00287181 -8.90761e-06 0.0170708
-0.00308716 -1.08009e-05 0.0170471
-0.00334998 -1.64279e-05 0.0169818
-0.00366759 -1.7983e-05 0.0168708
-0.00404645 -1.42408e-05 0.0167081
-0.00448742 -9.4839e-06 0.0164839
-0.00498694 -7.0482e-06 0.0161892
-0.00553438 -9.6312e-06 0.0158282
-0.00610401 -1.85827e-05 0.015416
-0.00665723 -2.88126e-05 0.014966
-0.00715725 -3.41225e-05 0.0144892
-0.00758102 -3.44607e-05 0.0139973
-0.00792214 -3.35541e-05 0.0134954
-0.00818724 -3.61457e-05 0.012975
-0.00838808 -4.64041e-05 0.0124186
-0.00853365 -6.54789e-05 0.0118122
-0.00862774 -8.90538e-05 0.0111564
-0.00867245 -0.000108318 0.0104619
-0.00867223 -0.000117847 0.00974027
-0.0086326 -0.000122817 0.00900184
-0.00855468 -0.000131433 0.00825473
-0.00843677 -0.000145082 0.0075008
-0.00828355 -0.000163896 0.00673189
-0.00810779 -0.000187046 0.00593169
-0.00792228 -0.000205933 0.00508676
-0.00772644 -0.000215872 0.00419389
-0.00749492 -0.000224137 0.00325127
-0.00718274 -0.0002344 0.00225532
-0.00674557 -0.00024297 0.00121571
-0.00615897 -0.000251054 0.00016126
-0.00542351 -0.000261538 -0.000872009
-0.00455862 -0.000271458 -0.00185403
-0.00359756 -0.000279749 -0.00277276
-0.0025784 -0.000289402 -0.00363983
-0.00152869 -0.000297951 -0.00448322
-0.00045853 -0.00029882 -0.0053328
0.00063207 -0.000289711 -0.00620465
0.00174326 -0.000271106 -0.00709589
0.0028743 -0.000241719 -0.00799332
0.00402686 -0.00020037 -0.00888193
0.0052026 -0.00015285 -0.0097479
0.00639754 -0.000113607 -0.0105776
0.00760247 -9.08086e-05 -0.0113599
0.0088093 -7.32662e-05 -0.0120949
0.0100132 -4.40118e-05 -0.0127943
0.0112045 -6.46969e-07 -0.0134722
0.01236 4.74711e-05 -0.0141392
0.0134476 9.37486e-05 -0.0148045
0.0144367 0.000137243 -0.0154751
0.0153058 0.000177118 -0.0161548
0.016042 0.000208468 -0.0168417
0.0166444 0.00022355 -0.017527
0.0171296 0.00022342 -0.0181979
0.0175261 0.00022301 -0.0188394
0.0178643 0.000236541 -0.0194354
0.0181768 0.00026182 -0.0199739
0.0184969 0.000284914 -0.020452
0.0188542 0.000301043 -0.0208748
0.019274 0.000318891 -0.0212466
0.0197717 0.00034663 -0.0215687
0.0203503 0.000384826 -0.0218448
0.0210005 0.000425138 -0.0220846
0.0216998 0.000455615 -0.0223018
0.0224184 0.000471617 -0.0225109
0.0231306 0.000477491 -0.0227207
0.0238155 0.000480416 -0.0229329
0.0244554 0.000483741 -0.0231474
0.0250421 0.000486395 -0.0233634
0.0255768 0.000489189 -0.0235768
0.0260666 0.000498254 -0.0237844
0.0265274 0.000520032 -0.0239844
0.0269813 0.000552385 -0.0241732
0.0274416 0.000588479 -0.0243496
0.0279124 0.000625304 -0.0245189
0.0283975 0.000659575 -0.0246871
0.0289012 0.000682811 -0.0248556
0.0294223 0.000685028 -0.0250229
0.0299519 0.000669069 -0.0251855
0.0304714 0.000655249 -0.0253342
0.0309529 0.000661631 -0.0254584
0.031366 0.000689905 -0.0255534
0.0316773 0.000726862 -0.0256202
0.0318455 0.000753469 -0.0256601
0.0318331 0.000758929 -0.0256771
0.0316173 0.000744892 -0.0256799
0.0311897 0.000721383 -0.0256714
0.0305512 0.000698586 -0.0256421
0.0297081 0.000675889 -0.0255776
0.0286702 0.000646967 -0.0254634
0.0274566 0.000614295 -0.0252816
0.0261043 0.000583943 -0.0250103
0.0246668 0.000552729 -0.0246318
0.0231903 0.000512654 -0.0241358
0.0216939 0.000459892 -0.0235183
0.020178 0.000396449 -0.0227848
0.0186361 0.000327458 -0.0219535
0.0170569 0.000260339 -0.0210504
0.015427 0.000203323 -0.0200998
0.0137288 0.000156939 -0.0191196
0.0119412 0.000114649 -0.0181199
0.010051 7.23024e-05 -0.0170962
0.0080537 2.65465e-05 -0.0160274
0.00594722 -2.65702e-05 -0.014884
0.00373207 -8.39432e-05 -0.0136402
0.00141365 -0.000139529 -0.0122798
-0.000998669 -0.000190934 -0.0107938
-0.00349376 -0.000228246 -0.0091814
-0.006056 -0.000232974 -0.007456
-0.00865736 -0.000201242 -0.00564213
-0.0112577 -0.000150251 -0.00376822
-0.0138163 -9.51261e-05 -0.00186591
-0.0162991 -3.50339e-05 3.39495e-05
-0.0186784 3.52672e-05 0.00191331
-0.0209354 0.000113675 0.00377038
-0.0230608 0.000194397 0.00561021
-0.0250482 0.000269473 0.00743943
-0.0268889 0.000330359 0.00926926
-0.0285732 0.00037628 0.0111128
-0.0300956 0.000416415 0.0129758
-0.0314616 0.000466339 0.0148539
-0.0326914 0.000536831 0.0167348
-0.0338154 0.000621214 0.0185994
-0.0348654 0.000701343 0.0204232
-0.0358611 0.000765506 0.0221851
-0.0368012 0.000812117 0.0238757
-0.0376763 0.000844769 0.0254916
-0.0384844 0.000874193 0.0270281
-0.0392278 0.000915807 0.0284826
-0.0399031 0.000978506 0.0298541
-0.0405048 0.0010535 0.0311398
-0.0410328 0.00112214 0.0323366
-0.041491 0.00117685 0.0334424
-0.0418826 0.00121774 0.0344547
-0.0422076 0.00124197 0.0353756
-0.0424615 0.00125538 0.0362191
-0.0426383 0.00127398 0.0370086
-0.0427322 0.0013012 0.0377654
-0.0427373 0.00132425 0.038498
-0.0426488 0.00133325 0.0392053
-0.0424708 0.00132869 0.0398875
-0.0422151 0.00131857 0.0405542
-0.0418873 0.00131211 0.0412187
-0.041477 0.00131405 0.0418847
-0.0409616 0.00132505 0.0425362
-0.040316 0.00133984 0.0431455
-0.0395213 0.00134835 0.0436891
-0.0385701 0.00134359 0.0441519
-0.0374644 0.00132383 0.0445223
-0.0362124 0.00129316 0.0447919
-0.0348285 0.00125864 0.0449551
-0.0333329 0.00122056 0.0450124
-0.0317469 0.00117674 0.0449754
-0.030093 0.00113342 0.0448614
-0.0283934 0.0010991 0.044688
-0.0266607 0.00107535 0.0444723
-0.0248909 0.00105912 0.0442244
-0.0230715 0.00104213 0.043934
-0.0211959 0.00101324 0.0435702
-0.0192653 0.00097049 0.0430998
-0.0172846 0.000918003 0.042498
-0.0152614 0.00086085 0.041751
-0.0132095 0.000807755 0.0408588
-0.0111481 0.000765625 0.0398302
-0.00909318 0.000730855 0.0386722
-0.00705169 0.000689211 0.0373895
-0.00502604 0.000630048 0.0359865
-0.00302241 0.000555447 0.0344646
-0.0010509 0.000480475 0.0328214
0.000878491 0.000426958 0.0310574
0.00275599 0.000400179 0.0291827
0.00457096 0.000380323 0.0272134
0.00631552 0.000344835 0.0251658
0.0079915 0.000289089 0.0230562
0.00961484 0.000226004 0.0209022
0.011217 0.000173158 0.01872
0.0128396 0.000137673 0.0165209
0.0145133 0.000114598 0.0143117
0.0162407 0.000108561 0.012098
0.0180054 0.000129935 0.00988662
0.0197896 0.000167456 0.00768858
0.0215779 0.000207536 0.0055188
0.0233602 0.000255911 0.00339428
0.0251341 0.000309237 0.00132985
0.0269013 0.000343422 -0.000666616
0.0286594 0.000352078 -0.00259515
0.0303934 0.000366564 -0.00446217
0.032072 0.000418396 -0.00627596
0.0336542 0.000506978 -0.00803647
0.0351037 0.000610395 -0.00973326
0.0364002 0.000705217 -0.0113591
0.0375391 0.000774166 -0.0129233
0.0385258 0.000813023 -0.0144494
0.0393668 0.000836697 -0.0159599
0.0400632 0.000862445 -0.0174667
0.0406084 0.000891458 -0.0189732
0.0409939 0.000919369 -0.0204808
0.0412173 0.000947718 -0.021998
0.0412854 0.000977752 -0.0235376
0.0412125 0.00100705 -0.025107
0.0410167 0.00103396 -0.0267057
0.040716 0.00105721 -0.0283334
0.0403259 0.00107154 -0.0299926
0.0398607 0.00107189 -0.03168
0.0393337 0.0010667 -0.0333743
0.0387562 0.00107737 -0.0350369
0.0381388 0.00111371 -0.0366237
0.0374928 0.00116282 -0.0380981
0.0368278 0.00120983 -0.0394346
0.0361497 0.00125032 -0.0406172
0.0354588 0.00127935 -0.0416371
0.0347458 0.00128618 -0.0424907
0.0339899 0.00127082 -0.0431793
0.0331603 0.00125183 -0.0437092
0.0322233 0.00124141 -0.0440859
0.031151 0.0012297 -0.0443045
0.0299255 0.00120383 -0.044354
0.0285377 0.00116501 -0.0442306
0.0269898 0.00112165 -0.0439426
0.0252946 0.00107743 -0.0435045
0.0234691 0.00103076 -0.0429333
0.0215344 0.000979756 -0.0422444
0.0195127 0.000924371 -0.0414495
0.017423 0.00087019 -0.0405562
0.0152817 0.000824809 -0.0395679
0.0131041 0.000784965 -0.0384823
0.0109012 0.000739063 -0.0372892
0.00867337 0.000678011 -0.035975
0.0064083 0.00060166 -0.0345293
0.00408504 0.000522578 -0.0329451
0.00168187 0.000452078 -0.0312189
-0.000816238 0.000388775 -0.0293531
-0.00341397 0.0003329 -0.0273549
-0.00610645 0.000289981 -0.0252333
-0.00888099 0.000262073 -0.0229978
-0.0117177 0.000249824 -0.0206595
-0.0145929 0.000248112 -0.0182322
-0.0174839 0.000250341 -0.0157316
-0.0203718 0.000264338 -0.0131741
-0.0232441 0.00029653 -0.0105707
-0.0260987 0.000336106 -0.00792574
-0.0289422 0.000380225 -0.00524209
-0.0317826 0.000448234 -0.00252554
-0.0346267 0.000551016 0.000216393
-0.0374786 0.000672847 0.00297653
-0.040339 0.000797112 0.00574958
-0.0432077 0.00091973 0.00853077
-0.0460848 0.0010393 0.0113137
-0.0489725 0.00115527 0.0140902
-0.0518773 0.00126625 0.0168509
-0.0548083 0.00137006 0.0195858
-0.057776 0.00146992 0.0222898
-0.0607914 0.00157504 0.0249648
-0.0638646 0.00169679 0.0276146
-0.0670018 0.00183828 0.030239
-0.0702031 0.00199512 0.0328341
-0.0734662 0.00216792 0.0353936
-0.0767908 0.00235497 0.0379102
-0.0801764 0.00254267 0.0403807
-0.0836227 0.00270777 0.042811
-0.0871285 0.00282883 0.0452106
-0.0906905 0.00291172 0.0475849
-0.0943053 0.00300033 0.0499364
-0.0979694 0.00314401 0.0522686
-0.101676 0.0033511 0.0545821
-0.105416 0.00358622 0.0568685
-0.10918 0.00380881 0.0591147
-0.112954 0.00399731 0.0613134
-0.116723 0.00414952 0.0634632
-0.12047 0.00428232 0.065563
-0.12418 0.0044176 0.0676125
-0.127836 0.00456617 0.0696099
-0.131422 0.00473196 0.0715499
-0.134922 0.00491068 0.0734258
-0.13832 0.00508387 0.0752303
-0.141594 0.00523027 0.0769541
-0.144733 0.00534364 0.0785857
-0.147729 0.00543386 0.0801109
-0.150575 0.00551022 0.0815186
-0.153261 0.00557952 0.0828094
-0.155785 0.00565686 0.0839977
-0.15815 0.00575713 0.0851066
-0.160362 0.00588371 0.0861585
-0.162422 0.00602361 0.087165
-0.164322 0.00614935 0.0881248
-0.166047 0.00623901 0.0890283
-0.167576 0.0062922 0.0898609
-0.168889 0.00632517 0.0906079
-0.169968 0.0063553 0.0912583
-0.170792 0.00638887 0.0918027
-0.171341 0.00642121 0.0922332
-0.171597 0.00644288 0.0925456
-0.171546 0.00644536 0.0927418
-0.171174 0.00642593 0.092828
-0.17047 0.00638843 0.09281
-0.169427 0.00634263 0.0926909
-0.168038 0.00629853 0.0924728
-0.166299 0.00625095 0.0921584
-0.164212 0.00618019 0.091748
-0.161779 0.00607793 0.0912383
-0.159011 0.00596111 0.0906235
-0.155917 0.0058547 0.0898947
-0.152515 0.00576563 0.0890403
-0.148825 0.00567629 0.0880494
-0.144878 0.00556035 0.0869162
-0.140719 0.00540588 0.0856393
-0.13641 0.00522954 0.0842205
-0.132028 0.00505866 0.0826644
-0.127636 0.0049046 0.0809783
-0.123274 0.00476632 0.0791719
-0.11895 0.00464328 0.0772561
-0.114657 0.00453336 0.0752411
-0.110374 0.00442408 0.0731346
-0.106074 0.00429653 0.0709418
-0.101728 0.00414123 0.0686679
-0.0973112 0.00396685 0.0663201
-0.0928254 0.0037908 0.0639102
-0.0882966 0.00362541 0.0614542
-0.0837512 0.00347385 0.0589707
-0.0792304 0.0033256 0.0564796
-0.0748145 0.00316305 0.0540002
-0.0705875 0.00298491 0.0515449
-0.0666067 0.00281055 0.0491168
-0.0629233 0.00265385 0.0467156
-0.0595882 0.00250805 0.044341
-0.0566282 0.00236678 0.0419929
-0.0540369 0.00223906 0.0396732
-0.0517981 0.00213753 0.0373833
-0.0499009 0.00206821 0.0351201
-0.0483294 0.00202701 0.0328739
-0.0470541 0.00199743 0.0306332
-0.0460236 0.00195916 0.0283858
-0.0451589 0.00190384 0.0261233
-0.0443594 0.00183526 0.0238402
-0.0435252 0.00175983 0.0215292
-0.0425828 0.00168704 0.0191866
-0.0414935 0.00162453 0.0168145
-0.0402399 0.00156684 0.0144128
-0.0388172 0.00150027 0.0119748
-0.0372418 0.00141844 0.00949042
-0.0355446 0.00133009 0.00694801
-0.0337484 0.00125234 0.00433408
-0.0318681 0.00119395 0.00163186
-0.0299184 0.00114761 -0.00117769
-0.0279078 0.00109741 -0.00410955
-0.0258369 0.00102934 -0.00716942
-0.0237018 0.000942034 -0.0103544
-0.0214984 0.000851869 -0.0136564
-0.0192261 0.000779047 -0.0170644
-0.0168896 0.000732335 -0.0205644
-0.014493 0.000707636 -0.0241404
-0.0120377 0.000698671 -0.0277736
-0.00952974 0.000728203 -0.0314428
-0.00698555 0.00082647 -0.0351278
-0.00442751 0.00096399 -0.0388155
-0.00187769 0.00108278 -0.0424975
0.000643323 0.00116725 -0.0461667
0.00311596 0.00124328 -0.0498186
0.00552478 0.00134626 -0.0534526
0.00786495 0.00149173 -0.05707
0.0101478 0.00166112 -0.0606709
0.0123979 0.00182484 -0.0642503
0.0146442 0.00197297 -0.0677967
0.0169133 0.00211063 -0.0712939
0.0192261 0.00224042 -0.0747242
0.0215999 0.00236366 -0.0780683
0.0240502 0.00248627 -0.0813056
0.0265934 0.00261092 -0.0844141
0.0292447 0.00273581 -0.0873677
0.0320136 0.00286609 -0.0901325
0.0349015 0.00300639 -0.0926657
0.0379035 0.0031414 -0.0949211
0.0410054 0.00324749 -0.0968578
0.0441784 0.00332006 -0.0984545
0.0473755 0.00337148 -0.0997101
0.0505381 0.00341522 -0.100632
0.0536164 0.00346378 -0.101228
0.0565784 0.00352605 -0.101501
0.0594071 0.00359822 -0.101454
0.0620928 0.00366542 -0.101091
0.0646266 0.00371059 -0.100416
0.0669981 0.00372303 -0.0994486
0.0691983 0.00370593 -0.0982388
0.0712247 0.00367176 -0.0968876
0.0730825 0.00363409 -0.0955096
0.0747805 0.00360626 -0.094177
0.0763249 0.00359571 -0.0929102
0.0777183 0.00359675 -0.0916993
0.0789651 0.00359397 -0.090523
0.0800763 0.0035726 -0.0893591
0.0810691 0.00353169 -0.0881865
0.081964 0.00349203 -0.0869828
0.0827792 0.00347769 -0.0857315
0.0835262 0.00348941 -0.0844275
0.0842074 0.0035096 -0.0830735
0.0848164 0.0035185 -0.0816734
0.0853418 0.00350212 -0.08023
0.0857717 0.00346476 -0.0787474
0.0860988 0.00342692 -0.0772345
0.0863268 0.00339812 -0.0756985
0.0864738 0.0033625 -0.0741331
0.0865703 0.00330458 -0.0725219
0.0866526 0.00323861 -0.0708558
0.0867512 0.00319298 -0.0691405
0.0868821 0.00317752 -0.0673867
0.0870439 0.00317983 -0.0656014
0.0872169 0.00318332 -0.0637896
0.0873695 0.00318202 -0.0619528
0.0874693 0.00317583 -0.0600846
0.0874904 0.00316306 -0.0581685
0.0874176 0.00314519 -0.0561837
0.0872491 0.00312298 -0.0541151
0.0869907 0.00308888 -0.0519561
0.0866514 0.00303476 -0.0497042
0.0862376 0.00296381 -0.0473598
0.0857465 0.00289344 -0.044925
0.0851699 0.00284437 -0.0423998
0.0845065 0.00282353 -0.0397824
0.0837628 0.00281941 -0.0370704
0.0829413 0.00281296 -0.0342611
0.0820405 0.00279301 -0.0313495
0.0810636 0.00276055 -0.0283279
0.0800177 0.00271864 -0.0251893
0.078908 0.00266755 -0.0219305
0.0777377 0.00260994 -0.0185535
0.0765106 0.00255125 -0.0150628
0.0752324 0.00250057 -0.0114617
0.0739126 0.00247038 -0.0077544
0.072563 0.00246098 -0.00395175
0.0711954 0.00245383 -7.3031e-05
0.0698196 0.00242989 0.00385525
0.0684412 0.00238231 0.00780508
0.067059 0.00231171 0.0117537
0.0656637 0.00223381 0.0156836
0.0642423 0.00217834 0.0195817
0.0627854 0.00215593 0.0234401
0.0612852 0.00215303 0.0272551
0.0597272 0.00215796 0.0310285
0.0580942 0.0021681 0.0347706
0.0563772 0.00218261 0.038499
0.0545775 0.00219942 0.042238
0.0526996 0.00221599 0.046012
0.0507441 0.00223073 0.0498375
0.0487099 0.00224703 0.0537205
0.0465972 0.00226829 0.0576606
0.0444077 0.00229119 0.0616557
0.042145 0.00231938 0.0657019
0.039821 0.00237237 0.0697919
0.03746 0.00246885 0.073915
0.0350948 0.00260152 0.0780618
0.032755 0.0027389 0.0822272
0.0304544 0.00286092 0.0864079
0.0281898 0.00297625 0.0905999
0.0259517 0.00310186 0.0947976
0.023734 0.00324436 0.0989935
0.0215302 0.00339821 0.103179
0.0193291 0.00355003 0.107342
0.0171193 0.00368625 0.111469
0.0148975 0.00379941 0.115548
0.0126692 0.00388952 0.119568
0.0104456 0.00396882 0.123522
0.00824284 0.00406374 0.127405
0.00607885 0.0041979 0.131212
0.00396788 0.00437259 0.134938
0.00191899 0.00456416 0.138575
-6.07267e-05 0.00474044 0.142111
-0.00196593 0.0048825 0.145536
-0.00379316 0.00499073 0.148836
-0.00553926 0.0050782 0.152002
-0.00720115 0.00515914 0.155019
-0.00878002 0.00524068 0.157876
-0.010287 0.00532568 0.16056
-0.0117431 0.00541625 0.163067
-0.0131706 0.00551105 0.165397
-0.0145833 0.00560534 0.167557
-0.0159843 0.00569759 0.169566
-0.0173722 0.00578993 0.171466
-0.0187407 0.00587819 0.173327
-0.0200744 0.00595159 0.17521
-0.0213538 0.00600609 0.177133
-0.0225663 0.00604942 0.179078
-0.0237086 0.00609492 0.181007
-0.0247839 0.00615614 0.182889
-0.025797 0.00624237 0.184707
-0.0267511 0.00634917 0.186448
-0.0276455 0.00645405 0.188096
-0.0284767 0.00653404 0.189632
-0.0292396 0.00658613 0.191041
-0.0299297 0.00662109 0.192312
-0.0305486 0.00664549 0.193432
-0.0311087 0.00665709 0.194382
-0.0316323 0.00665047 0.195146
-0.0321482 0.00662308 0.195714
-0.0326883 0.00658058 0.19608
-0.0332806 0.00654266 0.196246
-0.0339424 0.00653722 0.19622
-0.0346811 0.00657338 0.196016
-0.035498 0.00662398 0.195653
-0.0363863 0.00665345 0.195167
-0.0373262 0.00665366 0.194609
-0.0382871 0.00663677 0.19402
-0.0392387 0.00661505 0.193414
-0.0401614 0.00659668 0.192778
-0.0410517 0.00658477 0.192091
-0.04192 0.00657696 0.19134
-0.0427823 0.00657183 0.190526
-0.0436527 0.00657411 0.189654
-0.0445417 0.00658427 0.188724
-0.0454596 0.00658839 0.187731
-0.046418 0.00657012 0.18667
-0.0474282 0.00652511 0.185543
-0.0484982 0.00646221 0.184353
-0.0496323 0.00640089 0.1831
-0.0508285 0.00636023 0.181778
-0.0520738 0.00634377 0.180384
-0.0533409 0.00633955 0.178916
-0.0545915 0.00632633 0.177376
-0.0557874 0.00628557 0.175777
-0.0569009 0.00621937 0.174131
-0.0579171 0.00614791 0.172452
-0.058831 0.00609051 0.170749
-0.0596423 0.00604949 0.169026
-0.060351 0.00601224 0.16728
-0.0609595 0.00596768 0.165504
-0.0614769 0.00591136 0.163688
-0.0619202 0.00584542 0.161826
-0.0623136 0.0057812 0.159914
-0.0626798 0.00572783 0.157949
-0.06303 0.00567993 0.155929
-0.0633644 0.00562508 0.153855
-0.0636775 0.00556051 0.151731
-0.0639626 0.00549775 0.149559
-0.0642114 0.0054476 0.147343
-0.0644176 0.00540388 0.145085
-0.0645812 0.00534832 0.142785
-0.0647117 0.00527048 0.14044
-0.0648228 0.00517737 0.138047
-0.0649223 0.00508702 0.135601
-0.0650032 0.00501398 0.133103
-0.0650422 0.004954 0.130568
-0.0650109 0.00488874 0.128031
-0.064893 0.00480571 0.125532
-0.064689 0.0047057 0.123105
-0.0644125 0.00460304 0.120766
-0.0640849 0.00452078 0.118507
-0.0637296 0.00447171 0.116315
-0.0633676 0.00444918 0.114176
-0.0630109 0.00443625 0.11208
-0.0626583 0.00441405 0.110022
-0.0622955 0.00436578 0.108003
-0.0619004 0.00428614 0.106029
-0.0614513 0.0041876 0.104104
-0.0609338 0.00409039 0.102228
-0.0603425 0.00400996 0.100396
-0.0596794 0.00395273 0.0985909
-0.0589515 0.00391811 0.096789
-0.0581685 0.00390023 0.0949635
-0.0573375 0.00388678 0.093096
-0.0564609 0.00386263 0.0911798
-0.0555411 0.00381792 0.0892191
-0.0545864 0.00375422 0.087226
-0.0536111 0.00368267 0.0852171
-0.0526329 0.00361231 0.0832118
-0.0516695 0.00354221 0.0812292
-0.0507343 0.00346969 0.0792851
-0.0498307 0.00339711 0.0773895
-0.0489505 0.00332526 0.0755476
-0.0480795 0.00325181 0.0737615
-0.0472052 0.00318026 0.0720293
-0.0463202 0.00311965 0.0703427
-0.0454252 0.00307581 0.0686879
-0.0445274 0.00304945 0.0670511
-0.0436354 0.00303488 0.0654232
-0.0427585 0.00301817 0.0638012
-0.0419063 0.00298573 0.0621847
-0.0410871 0.00293348 0.060572
-0.0403038 0.00286274 0.0589579
-0.0395547 0.00277298 0.057333
-0.038837 0.00266615 0.0556862
-0.0381446 0.00255446 0.0540063
-0.0374641 0.002457 0.0522849
-0.0367766 0.00239017 0.0505174
-0.0360673 0.00235805 0.0487023
-0.0353332 0.00234592 0.046839
-0.0345802 0.00232853 0.0449281
-0.033817 0.00228427 0.0429749
-0.0330519 0.00220018 0.0409915
-0.0322891 0.00207344 0.0389978
-0.0315262 0.00191477 0.0370195
-0.0307556 0.00175253 0.0350791
-0.029967 0.00162471 0.0331891
-0.0291492 0.00155007 0.0313508
-0.0282943 0.00151079 0.0295612
-0.0274038 0.00147528 0.0278218
-0.0264931 0.00142523 0.0261412
-0.0255899 0.00135242 0.0245296
-0.0247249 0.00125212 0.022995
-0.0239184 0.00113244 0.0215416
-0.023176 0.00101485 0.0201705
-0.022497 0.000917544 0.0188782
-0.0218824 0.000845478 0.0176563
-0.0213341 0.000793951 0.0164948
-0.0208522 0.000753962 0.0153844
-0.0204342 0.000716116 0.01432
-0.0200799 0.000671957 0.0133033
-0.0197905 0.000616434 0.0123408
-0.0195605 0.000557401 0.0114397
-0.0193753 0.000513217 0.0106076
-0.0192135 0.000495252 0.00985307
-0.0190535 0.000498129 0.00918564
-0.0188791 0.000506687 0.00861187
-0.0186829 0.000512943 0.00813149
-0.0184644 0.000520011 0.00773707
-0.0182269 0.000526596 0.00741678
-0.0179763 0.000521632 0.00715709
-0.0177205 0.000499788 0.00694623
-0.0174703 0.000469579 0.00677899
-0.0172396 0.000443051 0.00665958
-0.0170392 0.000424983 0.00660011
-0.0168712 0.000415256 0.00661405
-0.016731 0.000416749 0.00671024
-0.0166149 0.000428339 0.0068919
-0.0165207 0.000436911 0.00715753
-0.0164434 0.000432639 0.00750266
-0.0163773 0.000419476 0.00792279
-0.0163196 0.000405809 0.00841562
-0.0162686 0.000398297 0.00898208
-0.0162192 0.000400131 0.0096262
-0.0161646 0.000409149 0.0103511
-0.0161006 0.000420303 0.011151
-0.0160275 0.000432034 0.0120046
-0.0159477 0.000446857 0.012881
-0.0158631 0.000463129 0.0137517
-0.0157773 0.000474199 0.0145982
-0.0156978 0.000476857 0.0154083
-0.0156337 0.000472459 0.016173
-0.0155932 0.000463477 0.0168847
-0.0155819 0.000455295 0.0175371
-0.015603 0.000455397 0.0181286
-0.0156593 0.000466926 0.0186704
-0.0157527 0.000486644 0.0191932
-0.0158854 0.000509396 0.0197378
-0.0160621 0.000530505 0.0203298
-0.0162897 0.00054545 0.020964
-0.0165733 0.000553116 0.0216089
-0.0169122 0.000558049 0.0222197
-0.0173012 0.00056621 0.0227507
-0.0177322 0.000578611 0.0231681
-0.0181923 0.000590309 0.0234582
-0.0186617 0.000596249 0.0236241
-0.0191148 0.000596887 0.0236758
-0.0195245 0.000596467 0.0236228
-0.0198676 0.000596033 0.0234728
-0.0201321 0.000593043 0.0232323
-0.0203153 0.000588236 0.0229099
-0.0204163 0.000585271 0.0225194
-0.0204299 0.000584134 0.0220802
-0.0203455 0.000579971 0.0216134
-0.0201528 0.000569025 0.0211374
-0.0198469 0.000552934 0.0206647
-0.0194289 0.000534808 0.0202023
-0.0189018 0.00051586 0.0197541
-0.0182676 0.000496502 0.0193234
-0.0175288 0.000477494 0.0189128
-0.0166897 0.000460793 0.0185242
-0.0157549 0.000447324 0.0181593
-0.0147292 0.000434449 0.0178213
-0.0136186 0.000419046 0.0175166
-0.0124326 0.000401499 0.0172517
-0.0111878 0.000383942 0.0170271
-0.00990868 0.000367242 0.0168398
-0.00862305 0.000350987 0.0166914
-0.00735732 0.000333038 0.0165901
-0.00613304 0.000311058 0.0165467
-0.00496586 0.000284918 0.0165714
-0.00386713 0.00025842 0.0166705
-0.00284517 0.000239467 0.0168438
-0.00190385 0.000234066 0.0170853
-0.00103914 0.000242064 0.017388
-0.000239023 0.000257902 0.0177471
0.000510908 0.000274329 0.0181575
0.00122255 0.000287833 0.0186117
0.0019063 0.000298062 0.0191026
0.00257374 0.000304114 0.0196223
0.00323753 0.000306588 0.0201617
0.00390815 0.000310496 0.0207137
0.00459123 0.000321715 0.0212747
0.0052888 0.000343528 0.0218452
0.00600033 0.000373975 0.0224314
0.00672026 0.000404597 0.0230458
0.00743544 0.000429654 0.0236989
0.00812804 0.00045089 0.0243923
0.00878259 0.000470451 0.0251218
0.00939045 0.000488352 0.0258808
0.00994978 0.000505719 0.0266596
0.0104627 0.00052661 0.0274456
0.010932 0.000554159 0.0282268
0.0113607 0.000585767 0.0289966
0.0117548 0.000616412 0.0297522
0.0121251 0.000642925 0.030491
0.0124849 0.000663807 0.0312071
0.0128452 0.000679483 0.0318919
0.0132112 0.000691217 0.032537
0.0135813 0.000701295 0.0331383
0.0139471 0.000715623 0.0336985
0.0142933 0.000738935 0.0342265
0.0145996 0.000768279 0.0347324
0.0148467 0.000795447 0.035223
0.0150196 0.000813955 0.0356999
0.0151071 0.000824418 0.0361612
0.0151022 0.000832993 0.0366003
0.0150032 0.000843246 0.0370076
0.0148122 0.000851652 0.0373769
0.0145341 0.000851524 0.0377065
0.0141768 0.00084076 0.0379985
0.0137514 0.000827359 0.0382568
0.0132711 0.000822688 0.0384853
0.0127511 0.000827314 0.038687
0.0122076 0.00083065 0.0388637
0.0116544 0.000825076 0.0390165
0.0110979 0.000813298 0.0391455
0.0105357 0.000800516 0.0392506
0.00995678 0.000787048 0.0393322
0.00934536 0.000772252 0.0393898
0.00868715 0.000759604 0.0394238
0.00797266 0.000753445 0.0394354
0.00719692 0.000753656 0.0394268
0.00635691 0.00075611 0.0394011
0.00544882 0.000756079 0.0393612
0.00447127 0.000748609 0.0393079
0.00343051 0.00073223 0.0392407
0.00234024 0.00071357 0.0391578
0.00121818 0.000700065 0.0390583
8.41445e-05 0.000692728 0.0389432
-0.00104204 0.000690328 0.0388135
-0.00214505 0.000691157 0.0386685
-0.00321655 0.000690226 0.0385031
-0.00425344 0.000684318 0.0383084
-0.00525813 0.000677134 0.0380756
-0.00624085 0.000673537 0.037801
-0.00721909 0.00067235 0.0374874
-0.00821399 0.000670165 0.037143
-0.00924521 0.00066822 0.0367777
-0.0103261 0.000669717 0.0364001
-0.0114614 0.000674258 0.036016
-0.0126471 0.000678312 0.0356262
-0.0138711 0.000679086 0.0352241
-0.0151154 0.000676948 0.0347993
-0.0163585 0.000674003 0.0343422
-0.0175797 0.000671079 0.0338486
-0.0187644 0.000668807 0.0333203
-0.0199029 0.000668964 0.032764
-0.0209861 0.000671457 0.0321899
-0.0220059 0.000674318 0.031611
-0.022962 0.000677526 0.0310399
-0.023862 0.000681973 0.0304852
-0.0247199 0.000688039 0.0299471
-0.0255519 0.000697975 0.0294159
-0.026372 0.000712846 0.0288773
-0.0271872 0.000728439 0.0283176
-0.0279957 0.000738364 0.0277256
-0.02879 0.00073934 0.0270931
-0.0295616 0.00073505 0.026416
-0.0303024 0.000733432 0.0256943
-0.0310054 0.000738838 0.0249322
-0.0316656 0.000749337 0.024137
-0.0322822 0.00076061 0.0233157
-0.0328603 0.000771066 0.0224731
-0.0334089 0.00078051 0.0216117
-0.0339383 0.000787382 0.0207343
-0.0344561 0.000792114 0.019844
-0.0349663 0.000797589 0.0189433
-0.0354685 0.000802856 0.0180319
-0.035958 0.0008047 0.0171051
-0.0364263 0.000805574 0.0161566
-0.0368597 0.000808846 0.0151812
-0.0372393 0.000812986 0.014175
-0.0375456 0.000815961 0.0131362
-0.0377611 0.00081761 0.0120643
-0.0378723 0.000818815 0.0109583
-0.0378727 0.000819956 0.00981622
-0.0377642 0.000818523 0.00863683
-0.0375528 0.000809343 0.0074213
-0.037244 0.000789829 0.00617198
-0.036842 0.000765754 0.00489109
-0.0363511 0.000747113 0.00358212
-0.0357756 0.000737221 0.00225223
-0.0351201 0.000729253 0.000912075
-0.0343904 0.000714113 -0.000423335
-0.0335952 0.000688646 -0.00173224
-0.0327478 0.000656702 -0.00299061
-0.0318637 0.000626587 -0.00418188
-0.0309543 0.000604391 -0.00530028
-0.0300227 0.000588022 -0.00634682
-0.029064 0.000572092 -0.00732606
-0.0280692 0.000555886 -0.00824486
-0.0270289 0.000540563 -0.00910809
-0.0259365 0.000521881 -0.0099147
-0.0247879 0.000494157 -0.0106585
-0.0235814 0.000460432 -0.0113312
-0.0223178 0.000428278 -0.0119258
-0.0209998 0.000397446 -0.0124392
-0.0196292 0.000363453 -0.0128757
-0.0182071 0.000327865 -0.0132454
-0.0167335 0.00029455 -0.0135583
-0.0152082 0.000262183 -0.0138188
-0.0136319 0.000226752 -0.0140256
-0.012008 0.000188428 -0.0141736
-0.0103411 0.000152284 -0.0142585
-0.00863625 0.00012325 -0.0142781
-0.00689911 0.000102511 -0.0142308
-0.00513832 8.63478e-05 -0.0141142
-0.00336827 6.98465e-05 -0.0139247
-0.0016083 5.09554e-05 -0.0136582
0.000121198 2.97452e-05 -0.0133115
0.00180439 7.32544e-06 -0.0128845
0.00343338 -1.41684e-05 -0.0123806
0.00500699 -3.19206e-05 -0.0118042
0.00652927 -4.39444e-05 -0.01116
0.00800894 -4.98832e-05 -0.0104552
0.00945662 -4.67384e-05 -0.00969993
0.0108811 -3.12628e-05 -0.00890428
0.0122869 -9.38197e-06 -0.00807423
0.0136724 1.21439e-05 -0.00721107
0.0150296 3.50661e-05 -0.00631493
0.016344 6.19901e-05 -0.00538662
0.0175939 9.18271e-05 -0.00442715
0.018756 0.000121826 -0.00343926
0.0198106 0.000149684 -0.00242878
0.0207442 0.000174515 -0.00140293
0.0215482 0.000195697 -0.00036907
0.0222179 0.000212951 0.000665229
0.0227507 0.000227749 0.00169366
0.0231456 0.000241946 0.00271289
0.0234071 0.000255552 0.00372179
0.0235465 0.000267734 0.0047215
0.0235787 0.000278479 0.00571494
0.0235199 0.000288406 0.00670356
0.0233874 0.000298447 0.00768556
0.0231991 0.000308179 0.00865561
0.0229705 0.000314371 0.00960483
0.0227092 0.000314314 0.0105245
0.0224149 0.000309269 0.0114105
0.0220824 0.000303657 0.0122624
0.0217042 0.000301843 0.0130815
0.0212732 0.000304585 0.0138693
0.0207821 0.000307101 0.014627
0.020224 0.000304106 0.015356
0.0195932 0.000296857 0.0160602
0.0188873 0.000290309 0.0167459
0.0181059 0.000286869 0.0174198
0.017252 0.000285138 0.0180873
0.016332 0.000282062 0.0187514
0.0153559 0.000275623 0.0194123
0.0143364 0.000266356 0.0200676
0.0132855 0.000256945 0.0207139
0.0122137 0.00025079 0.0213491
0.0111298 0.000250572 0.0219727
0.0100407 0.000256364 0.0225843
0.0089511 0.000265036 0.0231849
0.00786405 0.000272022 0.0237766
0.00678135 0.0002747 0.024363
0.00570381 0.000274043 0.0249493
0.00463195 0.000274075 0.0255395
0.00356506 0.000280625 0.0261349
0.00250163 0.000296688 0.0267356
0.0014419 0.000319408 0.0273422
0.000388313 0.000341317 0.0279563
-0.000656055 0.000354842 0.0285779
-0.00168937 0.00036118 0.0292059
-0.00271149 0.000370249 0.0298399
-0.00372305 0.000390125 0.0304808
-0.00472446 0.000420262 0.0311282
-0.00571578 0.000453238 0.0317809
-0.00669738 0.000482168 0.0324368
-0.0076691 0.000505274 0.0330932
-0.00862821 0.000525285 0.0337463
-0.00956862 0.000546048 0.0343897
-0.0104839 0.00056859 0.0350152
-0.0113726 0.000591891 0.0356172
-0.0122407 0.000616051 0.0361954
-0.013099 0.000642001 0.0367556
-0.0139583 0.00066899 0.037306
-0.0148271 0.000694901 0.0378537
-0.0157089 0.000720252 0.0384033
-0.0166025 0.000748039 0.0389565
-0.0175027 0.000778094 0.0395128
-0.0184005 0.000806821 0.0400705
-0.0192838 0.000832792 0.0406274
-0.0201396 0.000856544 0.0411811
-0.0209578 0.0008762 0.0417297
-0.021734 0.000891226 0.0422708
-0.0224714 0.000906776 0.0427984
-0.0231772 0.000927642 0.0433022
-0.0238599 0.0009522 0.0437682
-0.0245266 0.000975265 0.0441817
-0.0251824 0.000994492 0.0445282
-0.0258305 0.00101048 0.0447953
-0.0264696 0.00102502 0.0449748
-0.0270935 0.00104074 0.0450646
-0.0276949 0.00105622 0.0450685
-0.028267 0.00106584 0.0449958
-0.0288054 0.0010676 0.0448608
-0.0293056 0.00106634 0.0446784
-0.0297617 0.00106652 0.0444605
-0.0301691 0.00106659 0.0442145
-0.0305267 0.00106465 0.0439454
-0.0308372 0.00106224 0.0436553
-0.0311072 0.00106027 0.0433441
-0.0313448 0.00105783 0.0430096
-0.0315581 0.00105496 0.0426469
-0.0317523 0.00105162 0.0422499
-0.0319308 0.00104574 0.0418135
-0.0320955 0.00103687 0.0413366
-0.0322472 0.001028 0.0408225
-0.0323873 0.00102076 0.0402759
-0.0325169 0.00101393 0.0397029
-0.0326361 0.00100672 0.0391112
-0.0327439 0.000998886 0.0385084
-0.0328404 0.000989125 0.0379002
-0.0329255 0.000976108 0.0372893
-0.0329989 0.000960095 0.0366767
-0.0330621 0.000941677 0.0360611
-0.0331183 0.000921144 0.0354379
-0.0331721 0.000900767 0.0347997
-0.0332287 0.000884274 0.0341389
-0.0332935 0.000872865 0.0334473
-0.0333717 0.000863489 0.032717
-0.033469 0.000853266 0.0319414
-0.03359 0.000843427 0.0311162
-0.0337367 0.000834534 0.0302379
-0.0339072 0.00082402 0.0293025
-0.0340966 0.000811764 0.0283055
-0.0342999 0.000799069 0.0272423
-0.0345112 0.000784597 0.0261092
-0.0347241 0.000768476 0.0249053
-0.0349319 0.000753772 0.0236321
-0.0351276 0.000742107 0.0222921
-0.0353042 0.000733486 0.0208884
-0.0354551 0.000727271 0.0194235
-0.0355745 0.00072034 0.0178993
-0.0356583 0.00070994 0.0163191
-0.0357028 0.000697665 0.0146891
-0.0357044 0.000686887 0.0130177
-0.0356595 0.000679751 0.011314
-0.0355641 0.000676722 0.00958683
-0.0354123 0.000674125 0.00784376
-0.0351974 0.00066575 0.00609313
-0.0349137 0.000651197 0.00434404
-0.0345584 0.000635757 0.00260306
-0.0341322 0.000622364 0.000872975
-0.0336387 0.000611025 -0.000845696
-0.0330837 0.000602025 -0.00255338
-0.0324727 0.000595594 -0.00425169
-0.0318083 0.000592913 -0.00594244
-0.0310904 0.000594893 -0.00762623
-0.0303183 0.000597717 -0.00930425
-0.0294912 0.000594862 -0.0109801
-0.0286088 0.000583711 -0.0126586
-0.0276724 0.00056878 -0.0143436
-0.0266869 0.000556916 -0.0160381
-0.0256607 0.000550776 -0.0177429
-0.0246041 0.000550298 -0.0194558
-0.0235277 0.000554299 -0.0211719
-0.0224417 0.000561123 -0.0228842
-0.0213555 0.000571138 -0.0245838
-0.0202776 0.000585731 -0.02626
-0.019215 0.00060747 -0.0279017
-0.0181711 0.000636874 -0.0294967
-0.0171437 0.000667958 -0.0310326
-0.0161262 0.000695028 -0.0324977
-0.0151105 0.000718397 -0.0338816
-0.0140902 0.000741722 -0.0351759
-0.0130626 0.000768251 -0.0363748
-0.0120287 0.000797238 -0.0374734
-0.0109911 0.000823926 -0.0384689
-0.00995168 0.000844893 -0.0393594
-0.00891254 0.000861339 -0.0401448
-0.0078754 0.000874916 -0.040829
-0.00684183 0.000885578 -0.0414198
-0.00581405 0.000894985 -0.0419274
-0.00479486 0.000904915 -0.0423632
-0.00378769 0.000914316 -0.0427394
-0.00279499 0.000921292 -0.0430663
-0.00181555 0.00092467 -0.0433496
-0.000845473 0.000925248 -0.0435882
0.000118939 0.000926341 -0.0437745
0.00108042 0.000929971 -0.0438989
0.00204125 0.000935003 -0.0439535
0.00300328 0.000939585 -0.0439323
0.00396821 0.000942224 -0.0438304
0.00493828 0.000941275 -0.0436432
0.00591673 0.000935208 -0.0433672
0.00690748 0.000923281 -0.0430018
0.00791444 0.000906354 -0.0425488
0.00894125 0.000887094 -0.0420118
0.00999108 0.000868426 -0.0413945
0.0110647 0.000851864 -0.040701
0.0121596 0.000836696 -0.0399358
0.0132713 0.000821619 -0.0391042
0.0143938 0.000807258 -0.0382118
0.0155196 0.000794786 -0.0372637
0.0166413 0.000783351 -0.0362641
0.0177541 0.000770561 -0.0352162
0.0188574 0.000755512 -0.0341201
0.0199519 0.000738085 -0.0329735
0.0210368 0.000716821 -0.0317735
0.022108 0.000691844 -0.0305165
0.0231595 0.00066581 -0.029198
0.0241831 0.000641135 -0.0278144
0.0251688 0.000620071 -0.0263648
0.0261078 0.000605457 -0.0248516
0.0269936 0.00059824 -0.0232786
0.0278214 0.000595051 -0.0216496
0.028589 0.000589907 -0.0199687
0.0292961 0.000581701 -0.0182403
0.0299424 0.000575255 -0.0164691
0.0305267 0.000572878 -0.0146596
0.0310467 0.000571838 -0.0128167
0.0315008 0.000569211 -0.0109476
0.0318889 0.000566358 -0.00906003
0.0322133 0.000567345 -0.0071626
0.0324785 0.000573774 -0.00526652
0.0326886 0.000583131 -0.003385
0.0328458 0.000593157 -0.00153198
0.0329532 0.000604085 0.00027998
0.0330185 0.00061462 0.00204234
0.0330523 0.000621484 0.00375119
0.0330655 0.000623918 0.00540568
0.0330665 0.000625645 0.00700666
0.0330613 0.000632097 0.008556
0.0330537 0.000646776 0.0100555
0.0330445 0.000668341 0.0115058
0.0330293 0.000691279 0.0129052
0.0330001 0.000711075 0.0142511
0.0329477 0.000726275 0.0155416
0.0328618 0.000736677 0.016776
0.0327322 0.000743365 0.0179556
0.0325512 0.000748711 0.019082
0.0323156 0.000754577 0.0201547
0.0320247 0.000761466 0.0211717
0.0316768 0.000768342 0.0221279
0.0312686 0.000773364 0.0230173
0.0307975 0.000775104 0.0238364
0.0302619 0.000773532 0.0245845
0.0296632 0.00076973 0.0252617
0.0290039 0.000763781 0.025868
0.0282858 0.000755032 0.0264029
0.0275117 0.000743584 0.0268654
0.026684 0.000730134 0.0272535
0.0258036 0.000714982 0.0275646
0.02487 0.000697266 0.0277953
0.0238822 0.000676033 0.0279423
0.0228384 0.000651541 0.0280032
0.0217378 0.000626245 0.0279766
0.0205811 0.00060276 0.027862
0.0193704 0.000580223 0.0276588
0.0181078 0.000555866 0.0273673
0.0167968 0.00052748 0.026989
0.0154424 0.000493982 0.0265259
0.0140492 0.000456821 0.0259804
0.0126206 0.000418911 0.0253557
0.0111592 0.000381402 0.0246554
0.00966802 0.000343362 0.0238824
0.00815197 0.000304836 0.0230396
0.00661866 0.000268238 0.0221317
0.00507566 0.000234869 0.0211651
0.00352789 0.000203654 0.0201467
0.00197773 0.000172831 0.0190833
0.000425651 0.000139765 0.0179806
-0.00113049 0.000103455 0.0168423
-0.00269583 6.71089e-05 0.0156709
-0.00427693 3.40649e-05 0.0144683
-0.00587933 5.00509e-06 0.0132359
-0.00750638 -1.81597e-05 0.0119752
-0.00915875 -3.16237e-05 0.0106874
-0.010835 -3.00045e-05 0.00937369
-0.0125322 -9.70204e-06 0.0080348
-0.0142486 2.16152e-05 0.00667124
-0.0159829 5.22753e-05 0.00528281
-0.0177324 8.2378e-05 0.00387009
-0.0194942 0.000119737 0.00243618
-0.0212672 0.000168432 0.000985713
-0.0230509 0.000227257 -0.000477645
-0.0248464 0.000291519 -0.0019514
-0.0266557 0.000355185 -0.00343338
-0.0284812 0.000416022 -0.00492214
-0.0303256 0.000477131 -0.00641761
-0.0321908 0.000542379 -0.00792069
-0.0340775 0.000613022 -0.00943293
-0.0359848 0.000688388 -0.0109567
-0.0379102 0.0007677 -0.0124931
-0.0398491 0.000850185 -0.01404
-0.0417953 0.000933879 -0.0155922
-0.0437404 0.00101647 -0.0171443
-0.045675 0.00109716 -0.018692
-0.0475907 0.00117645 -0.0202313
-0.0494801 0.00125572 -0.0217582
-0.0513359 0.00133634 -0.0232702
-0.0531505 0.00141758 -0.0247661
-0.0549163 0.00149625 -0.0262443
-0.0566272 0.00156991 -0.0277021
-0.0582773 0.0016392 -0.0291368
-0.0598602 0.00170625 -0.0305464
-0.061369 0.00177281 -0.03193
-0.0627958 0.0018393 -0.0332867
-0.064134 0.00190484 -0.0346161
-0.0653798 0.00196823 -0.0359184
-0.0665301 0.00202789 -0.0371927
-0.0675828 0.00208172 -0.0384372
-0.0685374 0.00212902 -0.0396499
-0.0693953 0.00217141 -0.0408279
-0.0701601 0.00221052 -0.0419682
-0.0708381 0.00224646 -0.0430688
-0.0714368 0.00227968 -0.04413
-0.0719628 0.00231094 -0.0451545
-0.0724221 0.0023396 -0.0461454
-0.072818 0.00236505 -0.0471031
-0.0731524 0.00238818 -0.0480256
-0.0734258 0.00241002 -0.0489077
-0.0736375 0.00243087 -0.049742
-0.073786 0.00245001 -0.0505225
-0.0738694 0.00246586 -0.0512439
-0.0738858 0.0024779 -0.051901
-0.0738337 0.00248642 -0.0524872
-0.0737115 0.00249135 -0.0529951
-0.0735168 0.00249288 -0.0534168
-0.0732474 0.00249134 -0.0537448
-0.0729013 0.00248649 -0.0539731
-0.0724774 0.00247719 -0.0540983
-0.0719764 0.00246223 -0.0541206
-0.0714001 0.00244151 -0.054042
-0.0707526 0.0024166 -0.0538652
-0.0700399 0.00238936 -0.0535938
-0.0692677 0.00236007 -0.0532325
-0.0684395 0.00232819 -0.0527878
-0.0675559 0.00229377 -0.0522659
-0.066616 0.00225764 -0.0516716
-0.0656176 0.00222007 -0.0510071
-0.0645575 0.0021803 -0.0502731
-0.0634301 0.00213762 -0.0494689
-0.0622309 0.00209147 -0.0485949
-0.0609573 0.00204084 -0.0476522
-0.0596087 0.00198503 -0.0466426
-0.0581869 0.00192481 -0.0455699
-0.0566965 0.00186196 -0.0444396
-0.0551413 0.00179822 -0.0432582
-0.0535247 0.0017349 -0.0420328
-0.0518502 0.00167209 -0.0407695
-0.0501222 0.00160916 -0.0394723
-0.0483453 0.00154608 -0.0381441
-0.046524 0.00148271 -0.0367863
-0.0446629 0.00141853 -0.0354
-0.0427666 0.0013536 -0.0339881
-0.0408395 0.00128925 -0.0325542
-0.0388842 0.00122778 -0.0311013
-0.036902 0.00117056 -0.0296322
-0.0348925 0.00111637 -0.0281482
-0.0328552 0.00106237 -0.0266487
-0.0307897 0.00100519 -0.0251318
-0.0286967 0.000941735 -0.0235945
-0.026577 0.000871325 -0.0220334
-0.0244317 0.000795673 -0.0204468
-0.0222616 0.000717228 -0.0188359
-0.0200685 0.00063823 -0.0172036
-0.017855 0.000560392 -0.0155533
-0.0156242 0.000485643 -0.0138871
-0.0133797 0.000414769 -0.0122068
-0.0111251 0.000344879 -0.0105138
-0.00886321 0.000270794 -0.00880878
-0.00659568 0.000188625 -0.00709148
-0.00432367 9.70957e-05 -0.00536137
-0.00204885 -1.86982e-06 -0.00361839
0.000226756 -0.000102849 -0.00186289
0.00250054 -0.000195091 -9.57627e-05
0.00476665 -0.000246368 0.00168151
0.00701653 -0.000210573 0.00346656
0.00924536 -9.84013e-05 0.0052564
0.0114537 1.58413e-05 0.00704881
0.0136425 9.13398e-05 0.00884183
0.0158108 0.000148676 0.0106323
0.0179577 0.000216566 0.0124167
0.020084 0.000301091 0.0141917
0.022191 0.000391312 0.0159532
0.0242801 0.000477786 0.0176952
0.0263533 0.000560453 0.0194104
0.0284117 0.000643146 0.0210921
0.0304547 0.000727637 0.0227347
0.0324792 0.000812711 0.0243332
0.0344801 0.000895544 0.0258834
0.0364493 0.000974659 0.0273817
0.0383779 0.00105143 0.0288262
0.0402588 0.00112744 0.0302165
0.0420877 0.00120272 0.031553
0.0438634 0.00127684 0.0328359
0.045587 0.0013497 0.0340647
0.0472621 0.00142057 0.0352396
0.0488908 0.00148748 0.0363618
0.0504747 0.00155009 0.037433
0.0520157 0.00161118 0.0384544
0.0535135 0.0016733 0.0394249
0.0549662 0.00173517 0.0403413
0.05637 0.00179317 0.0411977
0.0577204 0.00184579 0.0419873
0.0590134 0.00189418 0.0427047
0.0602446 0.0019396 0.0433476
0.0614093 0.00198285 0.0439173
0.0625035 0.00202443 0.0444183
0.0635243 0.00206424 0.0448576
0.0644697 0.00210155 0.0452422
0.0653383 0.00213534 0.0455779
0.0661302 0.00216597 0.045867
0.0668465 0.00219505 0.0461095
0.0674881 0.00222304 0.0463049
0.0680559 0.00224849 0.0464535
0.0685496 0.00226987 0.0465569
0.0689683 0.00228675 0.0466168
0.0693117 0.00229885 0.046634
0.06958 0.00230609 0.0466103
0.0697738 0.00230937 0.0465486
0.0698952 0.00230948 0.0464527
0.0699477 0.00230635 0.0463266
0.0699361 0.0023007 0.0461736
0.0698651 0.00229495 0.0459955
0.0697376 0.00229053 0.0457931
0.0695548 0.00228599 0.0455675
0.069316 0.00227924 0.0453197
0.0690194 0.00226895 0.0450516
0.0686632 0.00225467 0.0447652
0.0682463 0.00223764 0.044464
0.067768 0.00221977 0.0441521
0.0672283 0.0022011 0.0438334
0.0666266 0.00218011 0.0435106
0.0659626 0.00215549 0.0431854
0.0652383 0.0021272 0.0428589
0.0644585 0.00209688 0.0425317
0.0636292 0.00206673 0.042204
0.0627564 0.00203822 0.0418763
0.0618444 0.00201124 0.0415497
0.0608961 0.00198415 0.0412253
0.0599135 0.00195482 0.0409048
0.0588977 0.00192207 0.0405909
0.0578483 0.0018866 0.0402864
0.0567648 0.00185008 0.0399942
0.0556458 0.00181378 0.0397165
0.0544896 0.0017785 0.039454
0.0532945 0.00174358 0.0392071
0.0520581 0.00170737 0.0389751
0.0507782 0.00166936 0.0387569
0.0494544 0.00162969 0.0385507
0.0480878 0.00158882 0.0383546
0.0466823 0.00154789 0.0381671
0.0452446 0.00150823 0.0379874
0.0437821 0.00147004 0.0378132
0.0423037 0.00143278 0.0376408
0.0408178 0.00139742 0.037466
0.039332 0.00136468 0.0372848
0.0378523 0.00133314 0.0370944
0.0363812 0.00130157 0.0368934
0.0349184 0.00126985 0.0366814
0.0334625 0.00123789 0.0364586
0.0320115 0.00120553 0.0362242
0.0305633 0.00117374 0.0359775
0.0291156 0.00114339 0.0357169
0.0276662 0.00111328 0.03544
0.0262137 0.00108267 0.0351425
0.0247579 0.0010521 0.0348182
0.0233005 0.00102184 0.0344599
0.0218455 0.000991705 0.0340613
0.0203991 0.000961496 0.0336183
0.0189672 0.00093176 0.0331282
0.017555 0.000902616 0.032589
0.0161654 0.000873238 0.0319991
0.014798 0.00084271 0.0313575
0.0134491 0.000810565 0.0306628
0.0121133 0.000776574 0.0299137
0.0107863 0.000739994 0.0291095
0.00946554 0.00070067 0.0282493
0.00814851 0.000659832 0.0273337
0.00683333 0.000618696 0.0263636
0.00551849 0.000577226 0.0253403
0.0042029 0.000535102 0.0242648
0.00288573 0.000492542 0.0231386
0.0015665 0.000449231 0.0219636
0.000245271 0.00040424 0.0207419
-0.00107688 0.000356879 0.0194768
-0.00239693 0.000307672 0.0181734
-0.00370987 0.000258726 0.0168382
-0.00500987 0.00021164 0.0154776
-0.00629004 0.000167505 0.0140969
-0.00754253 0.000128193 0.0126984
-0.00875999 9.46877e-05 0.0112833
-0.00993712 6.72084e-05 0.00985312
-0.011071 4.611e-05 0.00840905
-0.0121601 3.41332e-05 0.0069523
-0.013204 3.79095e-05 0.00548498
-0.0142035 5.63807e-05 0.00401001
-0.0151605 7.68259e-05 0.0025302
-0.0160771 9.22324e-05 0.00104727
-0.0169554 0.000107456 -0.000437471
-0.0177982 0.000128795 -0.00192259
-0.0186097 0.000157412 -0.00340611
-0.0193947 0.000189127 -0.00488559
-0.0201577 0.000219611 -0.00635896
-0.0209029 0.00024936 -0.00782388
-0.0216337 0.000281141 -0.00927681
-0.0223531 0.000315765 -0.0107137
-0.0230632 0.000351721 -0.0121303
-0.0237652 0.000387623 -0.0135224
-0.0244596 0.000423769 -0.0148863
-0.0251449 0.000460988 -0.0162185
-0.0258184 0.000499068 -0.0175157
-0.0264772 0.000536629 -0.0187747
-0.027118 0.000572738 -0.0199924
-0.0277391 0.000607317 -0.0211668
-0.0283394 0.000640602 -0.0222971
-0.0289182 0.000673724 -0.0233832
-0.0294747 0.000707475 -0.0244258
-0.0300083 0.000740783 -0.0254259
-0.0305181 0.000772049 -0.0263848
-0.0310018 0.000800683 -0.0273032
-0.0314568 0.000826775 -0.0281817
-0.0318793 0.000850858 -0.0290211
-0.0322639 0.000874246 -0.0298213
-0.032606 0.00089783 -0.0305818
-0.0329037 0.000921275 -0.0313019
-0.0331579 0.000944208 -0.0319805
-0.0333707 0.000966832 -0.0326156
-0.0335451 0.000988675 -0.033205
-0.0336842 0.00100746 -0.0337463
-0.0337899 0.00102108 -0.0342375
-0.0338619 0.00103017 -0.0346768
-0.0339 0.00103688 -0.0350639
-0.0339056 0.00104278 -0.0354001
-0.03388 0.00104863 -0.035687
-0.0338234 0.00105433 -0.0359263
-0.0337351 0.00105904 -0.0361204
-0.0336128 0.00106144 -0.0362727
-0.0334534 0.00106089 -0.0363857
-0.0332532 0.00105814 -0.0364592
-0.0330076 0.00105402 -0.0364904
-0.0327121 0.00104823 -0.0364741
-0.032363 0.00104007 -0.0364051
-0.0319563 0.0010292 -0.0362798
-0.031489 0.00101547 -0.0360971
-0.0309577 0.000998951 -0.0358577
-0.0303594 0.000980237 -0.0355634
-0.0296921 0.000959747 -0.0352156
-0.0289547 0.000937081 -0.0348154
-0.0281471 0.000911757 -0.0343629
-0.02727 0.000883067 -0.0338576
-0.0263249 0.000850286 -0.033298
-0.0253137 0.000814106 -0.0326824
-0.0242386 0.000775728 -0.0320085
-0.0231027 0.000735418 -0.031274
-0.0219113 0.000693827 -0.0304763
-0.0206714 0.000652453 -0.0296123
-0.019391 0.000612319 -0.0286798
-0.0180772 0.000573582 -0.0276766
-0.0167364 0.000534353 -0.0266001
-0.0153738 0.00049149 -0.0254487
-0.013993 0.000444439 -0.0242216
-0.0125968 0.000395769 -0.0229181
-0.0111887 0.000348943 -0.0215384
-0.00977334 0.000306553 -0.0200847
-0.00835561 0.000267889 -0.0185609
-0.00694067 0.000229096 -0.0169712
-0.00553402 0.000188343 -0.015321
-0.00414155 0.000146317 -0.0136179
-0.00276882 0.000102495 -0.0118712
-0.00141952 5.57971e-05 -0.0100917
-9.51355e-05 5.79074e-06 -0.00829025
0.0012041 -4.69058e-05 -0.00647721
0.00247756 -9.99167e-05 -0.00465953
0.00372388 -0.000148082 -0.0028394
0.00494116 -0.000177842 -0.00101703
0.00612649 -0.000171272 0.000807749
0.00727858 -0.000130964 0.00263567
0.00839973 -8.26185e-05 0.0044664
0.00949305 -4.27415e-05 0.00629876
0.0105605 -6.87692e-06 0.00813202
0.0116033 3.37418e-05 0.00996547
0.0126211 8.09746e-05 0.0117978
0.0136125 0.000131254 0.0136273
0.0145763 0.000182154 0.0154514
0.0155115 0.000234975 0.0172668
0.0164167 0.000290617 0.0190697
0.0172906 0.000347024 0.0208562
0.0181336 0.000401858 0.0226231
0.0189476 0.000454837 0.024367
0.0197353 0.000507128 0.0260841
0.0204985 0.000559572 0.0277695
0.0212375 0.000612006 0.0294186
0.0219519 0.000664869 0.0310267
0.0226405 0.000718909 0.0325889
0.0233024 0.00077299 0.0341001
0.0239362 0.000825123 0.0355561
0.0245404 0.000874146 0.0369565
0.025112 0.000919925 0.0383028
0.0256472 0.000962897 0.0395961
0.0261429 0.00100386 0.0408359
0.0265974 0.00104388 0.0420202
0.0270101 0.00108324 0.0431454
0.027381 0.00112096 0.0442061
0.0277114 0.00115566 0.0451964
0.0280036 0.00118661 0.0461111
0.0282606 0.00121386 0.0469464
0.0284847 0.00123831 0.0476995
0.0286766 0.00126107 0.0483685
0.0288368 0.00128159 0.0489517
0.0289659 0.00129848 0.0494484
0.0290645 0.00131145 0.0498597
0.0291326 0.00132114 0.0501887
0.029168 0.00132856 0.0504388
0.0291678 0.00133432 0.050612
0.0291298 0.00133786 0.0507111
0.0290533 0.00133847 0.0507394
0.028939 0.00133574 0.050702
0.0287884 0.00132989 0.0506057
0.0286014 0.00132248 0.0504567
0.0283768 0.00131479 0.0502608
0.0281142 0.00130672 0.0500253
0.0278134 0.00129777 0.0497575
0.0274755 0.00128717 0.0494639
0.0271026 0.0012735 0.0491506
0.0266971 0.00125631 0.048822
0.0262616 0.00123724 0.0484821
0.0258003 0.00121864 0.0481332
0.0253181 0.00120209 0.0477768
0.02482 0.00118754 0.0474137
0.0243096 0.00117351 0.047043
0.0237877 0.00115867 0.0466608
0.0232537 0.00114247 0.0462621
0.0227056 0.00112482 0.0458413
0.0221402 0.00110492 0.0453904
0.0215551 0.00108138 0.0449003
0.0209493 0.00105459 0.0443631
0.0203225 0.00102645 0.0437723
0.0196744 0.000997806 0.0431231
0.0190052 0.000968351 0.0424131
0.0183146 0.000937607 0.0416418
0.0176026 0.000905481 0.0408089
0.0168691 0.000872763 0.0399143
0.016113 0.000839561 0.0389591
0.015333 0.000804528 0.0379456
0.014527 0.000766439 0.0368766
0.0136933 0.000725639 0.0357555
0.0128314 0.000684192 0.0345876
0.0119417 0.000643584 0.0333804
0.0110256 0.000603823 0.0321429
0.0100856 0.000564704 0.030884
0.00912451 0.000526511 0.0296125
0.00814569 0.000490021 0.0283355
0.00715225 0.000454964 0.0270588
0.00614703 0.000420932 0.0257878
0.00513267 0.000388765 0.0245268
0.00411255 0.00035821 0.0232796
0.00309022 0.000327487 0.0220493
0.00206923 0.000295763 0.0208388
0.00105373 0.000263764 0.0196504
4.78605e-05 0.000232388 0.0184849
-0.000944301 0.000202228 0.0173417
-0.00191868 0.000173684 0.0162194
-0.0028712 0.000147222 0.0151141
-0.0037976 0.000123366 0.0140193
-0.00469412 0.000101321 0.0129284
-0.00555822 7.98203e-05 0.0118357
-0.0063885 5.90947e-05 0.0107375
-0.00718413 4.04292e-05 0.00963079
-0.00794414 2.43596e-05 0.00851279
-0.00866771 9.88658e-06 0.0073814
-0.00935411 -3.50965e-06 0.00623545
-0.0100021 -1.22366e-05 0.00507575
-0.0106107 -1.16062e-05 0.00390453
-0.0111795 -4.74679e-06 0.00272453
-0.01171 9.41185e-07 0.00153889
-0.0122044 3.9947e-06 0.000351445
-0.0126656 7.73726e-06 -0.000834078
-0.0130969 1.4858e-05 -0.00201524
-0.0135027 2.66067e-05 -0.00319032
-0.0138877 4.28589e-05 -0.00435748
-0.0142558 6.14395e-05 -0.00551486
-0.0146101 7.96812e-05 -0.00666059
-0.0149521 9.75156e-05 -0.0077927
-0.0152816 0.000116782 -0.00890959
-0.0155971 0.000137374 -0.0100102
-0.0158971 0.000157744 -0.0110928
-0.0161793 0.000178007 -0.0121551
-0.016441 0.000199034 -0.0131955
-0.0166791 0.000219559 -0.0142125
-0.0168908 0.000237743 -0.0152043
-0.0170735 0.000254814 -0.0161682
-0.017225 0.000274218 -0.0171001
-0.0173442 0.000297269 -0.0179948
-0.0174314 0.000320679 -0.0188479
-0.0174866 0.000340576 -0.0196548
-0.0175102 0.000357006 -0.0204119
-0.0175034 0.00037222 -0.0211164
-0.0174669 0.000387524 -0.0217648
-0.0174018 0.00040227 -0.0223512
-0.0173107 0.000414736 -0.0228678
-0.0171971 0.000423937 -0.0233077
-0.0170645 0.000430561 -0.0236649
-0.0169159 0.00043578 -0.0239347
-0.0167529 0.000439656 -0.024114
-0.0165753 0.000440952 -0.0242008
-0.0163823 0.00043872 -0.0241944
-0.0161722 0.000433947 -0.024095
-0.0159437 0.000427715 -0.0239039
-0.0156956 0.000419407 -0.0236224
-0.0154279 0.000407706 -0.0232518
-0.0151411 0.000391582 -0.0227934
-0.0148352 0.000371424 -0.0222491
-0.0145095 0.000348885 -0.021622
-0.014164 0.000325133 -0.0209152
-0.0137997 0.00030074 -0.0201311
-0.0134172 0.000275666 -0.0192718
-0.0130169 0.00024892 -0.0183393
-0.0125984 0.00021955 -0.017336
-0.0121615 0.00018807 -0.0162657
-0.0117052 0.000156361 -0.015134
-0.0112288 0.000125727 -0.0139488
-0.0107327 9.61722e-05 -0.0127208
-0.0102179 6.77029e-05 -0.0114614
-0.00968576 4.14418e-05 -0.0101833
-0.0091373 1.76899e-05 -0.00889712
-0.00857274 -4.97228e-06 -0.00761005
-0.00799247 -2.6204e-05 -0.00632669
-0.00739761 -4.52886e-05 -0.00505052
-0.00678888 -6.40271e-05 -0.00378433
-0.00616575 -8.3585e-05 -0.00253076
-0.00552727 -0.000103238 -0.00129179
-0.00487321 -0.000122223 -6.88221e-05
-0.00420439 -0.000140594 0.00113558
-0.00352197 -0.000157932 0.00231844
-0.00282778 -0.000170451 0.00347693
-0.00212477 -0.000171956 0.00460683
-0.00141619 -0.000159813 0.00570357
-0.000705197 -0.000139966 0.00676344
4.8987e-06 -0.000121535 0.00778265
0.000711371 -0.000106413 0.00875758
0.00141231 -9.05816e-05 0.00968541
0.00210541 -7.16158e-05 0.0105638
0.00278789 -5.10172e-05 0.011391
0.00345673 -3.13401e-05 0.0121652
0.00410857 -1.26829e-05 0.0128848
0.00474076 6.27227e-06 0.0135485
0.00535103 2.55643e-05 0.0141556
0.00593723 4.41258e-05 0.0147056
0.00649906 6.1033e-05 0.0151984
0.00703755 7.61455e-05 0.0156354
0.00755379 8.9675e-05 0.0160182
0.00804894 0.000101626 0.016348
0.00852441 0.000112039 0.016626
0.00898184 0.000120958 0.0168533
0.00942275 0.000129258 0.0170309
0.00984775 0.000137838 0.0171595
0.0102565 0.000145985 0.0172405
0.0106484 0.000152158 0.0172757
0.0110232 0.000155544 0.0172665
0.0113815 0.00015723 0.0172136
0.0117246 0.000158984 0.0171176
0.0120544 0.000160887 0.016979
0.0123724 0.000161974 0.0167985
0.012679 0.000162089 0.0165768
0.0129738 0.000161667 0.0163152
0.0132571 0.000161323 0.0160157
0.0135295 0.000161167 0.0156809
0.0137921 0.000160276 0.0153131
0.0140461 0.000157788 0.0149143
0.0142927 0.000154311 0.0144864
0.0145321 0.000151353 0.0140318
0.0147637 0.000149008 0.0135523
0.0149862 0.000146768 0.013049
0.0151981 0.000144733 0.0125225
0.015399 0.000142514 0.011972
0.0155889 0.000139986 0.0113955
0.0157674 0.000137523 0.010789
0.0159345 0.000134922 0.0101489
0.0160901 0.000132274 0.00947302
0.0162342 0.000129504 0.00875971
0.0163668 0.000125682 0.00800798
0.0164873 0.000120467 0.00721751
0.0165943 0.00011427 0.00638789
0.0166861 0.000107815 0.00551921
0.0167608 0.000102019 0.00461338
0.016816 9.72384e-05 0.00367427
0.016848 9.37265e-05 0.00270666
0.0168534 9.19279e-05 0.00171608
0.0168296 9.14826e-05 0.000709524
0.0167752 9.17053e-05 -0.000305874
0.0166888 9.22729e-05 -0.00132374
0.0165698 9.31433e-05 -0.0023382
0.0164192 9.34418e-05 -0.00334445
0.0162398 9.21684e-05 -0.00433951
0.0160366 9.06867e-05 -0.00532181
0.0158152 9.06081e-05 -0.00629
0.0155804 9.1817e-05 -0.0072426
0.0153352 9.38018e-05 -0.00817852
0.0150817 9.60251e-05 -0.00909741
0.0148212 9.82597e-05 -0.00999885
0.0145547 0.000101333 -0.0108816
0.0142831 0.000106278 -0.0117441
0.0140066 0.000112589 -0.0125847
0.013726 0.000120136 -0.0134013
0.0134415 0.000129983 -0.0141911
0.0131523 0.000141368 -0.0149506
0.0128573 0.000152362 -0.0156764
0.0125556 0.000161865 -0.0163649
0.012246 0.000169962 -0.0170131
0.0119263 0.000177685 -0.0176195
0.0115933 0.000185753 -0.0181828
0.0112432 0.000193595 -0.0187011
0.0108728 0.000200119 -0.0191721
0.0104788 0.000205125 -0.019592
0.0100589 0.00020889 -0.0199561
0.00961144 0.000211459 -0.0202594
0.00913626 0.000212674 -0.0204974
0.00863284 0.0002121 -0.0206656
0.0081007 0.000209827 -0.0207604
0.00753919 0.000206276 -0.0207791
0.00694774 0.000201537 -0.0207202
0.00632701 0.000195407 -0.0205835
0.00567856 0.000187296 -0.0203687
0.00500473 0.000176663 -0.0200757
0.00430806 0.000163788 -0.0197037
0.00359077 0.000149478 -0.0192516
0.0028559 0.000133777 -0.0187185
0.00210764 0.000117174 -0.0181043
0.00134992 0.000100085 -0.0174103
0.00058615 8.14474e-05 -0.0166382
-0.000180222 6.09818e-05 -0.0157907
-0.000946153 3.97496e-05 -0.0148704
-0.00170923 1.8735e-05 -0.0138805
-0.00246677 -2.14312e-06 -0.0128245