-5.55427 -6.08139 -5.55427 -6.29097 -5.88825 -6.29097 -6.29097 -5.88825 -6.29097 -5.55427 -6.08139 -5.55427
-8.19533 -10.856 -8.19533 -11.3193 -12.0976 -11.3193 -11.3193 -12.0976 -11.3193 -8.19533 -10.856 -8.19533
-10.153 -13.5884 -10.153 -14.3821 -17.7521 -14.3821 -14.3821 -17.7521 -14.3821 -10.153 -13.5884 -10.153
-11.8928 -15.9052 -11.8928 -16.7621 -21.6885 -16.7621 -16.7621 -21.6885 -16.7621 -11.8928 -15.9052 -11.8928
-13.5494 -17.8619 -13.5494 -18.6438 -24.7606 -18.6438 -18.6438 -24.7606 -18.6438 -13.5494 -17.8619 -13.5494
-15.118 -19.6219 -15.118 -20.3063 -27.3754 -20.3063 -20.3063 -27.3754 -20.3063 -15.118 -19.6219 -15.118
-16.7173 -21.2632 -16.7173 -21.8876 -29.6945 -21.8876 -21.8876 -29.6945 -21.8876 -16.7173 -21.2632 -16.7173
-18.28 -22.8786 -18.28 -23.2181 -31.7891 -23.2181 -23.2181 -31.7891 -23.2181 -18.28 -22.8786 -18.28
-19.8196 -24.3927 -19.8196 -24.524 -33.4732 -24.524 -24.524 -33.4732 -24.524 -19.8196 -24.3927 -19.8196
-21.2874 -25.9294 -21.2874 -25.7655 -35.1035 -25.7655 -25.7655 -35.1035 -25.7655 -21.2874 -25.9294 -21.2874
-22.7788 -27.4104 -22.7788 -26.9538 -36.64 -26.9538 -26.9538 -36.64 -26.9538 -22.7788 -27.4104 -22.7788
-24.191 -28.8581 -24.191 -28.1494 -38.0597 -28.1494 -28.1494 -38.0597 -28.1494 -24.191 -28.8581 -24.191
-25.6526 -30.3359 -25.6526 -29.3358 -39.4332 -29.3358 -29.3358 -39.4332 -29.3358 -25.6526 -30.3359 -25.6526
-27.0345 -31.8002 -27.0345 -30.5232 -40.7987 -30.5232 -30.5232 -40.7987 -30.5232 -27.0345 -31.8002 -27.0345
-28.4058 -33.2092 -28.4058 -31.7333 -42.01 -31.7333 -31.7333 -42.01 -31.7333 -28.4058 -33.2092 -28.4058
-29.671 -34.5402 -29.671 -32.8529 -43.0958 -32.8529 -32.8529 -43.0958 -32.8529 -29.671 -34.5402 -29.671
-30.6605 -35.6451 -30.6605 -33.9224 -44.1788 -33.9224 -33.9224 -44.1788 -33.9224 -30.6605 -35.6451 -30.6605
-31.4856 -36.5113 -31.4856 -34.8177 -45.1284 -34.8177 -34.8177 -45.1284 -34.8177 -31.4856 -36.5113 -31.4856
-32.2765 -37.3085 -32.2765 -35.5241 -45.793 -35.5241 -35.5241 -45.793 -35.5241 -32.2765 -37.3085 -32.2765
-32.9152 -37.9899 -32.9152 -36.179 -46.4247 -36.179 -36.179 -46.4247 -36.179 -32.9152 -37.9899 -32.9152
-33.4222 -38.4849 -33.4222 -36.747 -47.0756 -36.747 -36.747 -47.0756 -36.747 -33.4222 -38.4849 -33.4222
-33.8534 -38.8309 -33.8534 -37.1886 -47.6536 -37.1886 -37.1886 -47.6536 -37.1886 -33.8534 -38.8309 -33.8534
-34.2196 -39.1678 -34.2196 -37.5652 -48.0827 -37.5652 -37.5652 -48.0827 -37.5652 -34.2196 -39.1678 -34.2196
-34.5867 -39.5131 -34.5867 -37.9573 -48.4558 -37.9573 -37.9573 -48.4558 -37.9573 -34.5867 -39.5131 -34.5867
-34.8827 -39.9051 -34.8827 -38.3619 -48.6623 -38.3619 -38.3619 -48.6623 -38.3619 -34.8827 -39.9051 -34.8827
-35.0301 -40.276 -35.0301 -38.7047 -48.8325 -38.7047 -38.7047 -48.8325 -38.7047 -35.0301 -40.276 -35.0301
-35.1481 -40.4806 -35.1481 -38.9061 -49.0572 -38.9061 -38.9061 -49.0572 -38.9061 -35.1481 -40.4806 -35.1481
-35.2754 -40.4689 -35.2754 -38.9852 -49.3344 -38.9852 -38.9852 -49.3344 -38.9852 -35.2754 -40.4689 -35.2754
-35.4078 -40.4203 -35.4078 -39.0253 -49.5506 -39.0253 -39.0253 -49.5506 -39.0253 -35.4078 -40.4203 -35.4078
-35.5399 -40.3919 -35.5399 -39.0576 -49.6585 -39.0576 -39.0576 -49.6585 -39.0576 -35.5399 -40.3919 -35.5399
-35.6708 -40.3808 -35.6708 -39.0874 -49.7042 -39.0874 -39.0874 -49.7042 -39.0874 -35.6708 -40.3808 -35.6708
-35.8005 -40.3777 -35.8005 -39.1157 -49.7246 -39.1157 -39.1157 -49.7246 -39.1157 -35.8005 -40.3777 -35.8005
-35.929 -40.3744 -35.929 -39.1426 -49.7336 -39.1426 -39.1426 -49.7336 -39.1426 -35.929 -40.3744 -35.929
-36.0323 -40.3759 -36.0323 -39.175 -49.7182 -39.175 -39.175 -49.7182 -39.175 -36.0323 -40.3759 -36.0323
-36.0774 -40.3944 -36.0774 -39.2228 -49.6366 -39.2228 -39.2228 -49.6366 -39.2228 -36.0774 -40.3944 -36.0774
-36.121 -40.4374 -36.121 -39.269 -49.4626 -39.269 -39.269 -49.4626 -39.269 -36.121 -40.4374 -36.121
-36.1611 -40.4791 -36.1611 -39.314 -49.2842 -39.314 -39.314 -49.2842 -39.314 -36.1611 -40.4791 -36.1611
-36.1914 -40.5196 -36.1914 -39.3599 -49.1001 -39.3599 -39.3599 -49.1001 -39.3599 -36.1914 -40.5196 -36.1914
-36.1988 -40.5591 -36.1988 -39.41 -48.9104 -39.41 -39.41 -48.9104 -39.41 -36.1988 -40.5591 -36.1988
-36.1706 -40.5969 -36.1706 -39.4671 -48.7157 -39.4671 -39.4671 -48.7157 -39.4671 -36.1706 -40.5969 -36.1706
-36.1129 -40.6312 -36.1129 -39.5211 -48.5167 -39.5211 -39.5211 -48.5167 -39.5211 -36.1129 -40.6312 -36.1129
-36.0464 -40.6587 -36.0464 -39.5451 -48.3147 -39.5451 -39.5451 -48.3147 -39.5451 -36.0464 -40.6587 -36.0464
-35.9871 -40.6694 -35.9871 -39.5124 -48.1129 -39.5124 -39.5124 -48.1129 -39.5124 -35.9871 -40.6694 -35.9871
-35.937 -40.63 -35.937 -39.4336 -47.922 -39.4336 -39.4336 -47.922 -39.4336 -35.937 -40.63 -35.937
-35.8918 -40.5402 -35.8918 -39.3309 -47.7416 -39.3309 -39.3309 -47.7416 -39.3309 -35.8918 -40.5402 -35.8918
-35.849 -40.3942 -35.849 -39.2168 -47.5737 -39.2168 -39.2168 -47.5737 -39.2168 -35.849 -40.3942 -35.849
-35.8069 -40.2375 -35.8069 -39.0981 -47.4033 -39.0981 -39.0981 -47.4033 -39.0981 -35.8069 -40.2375 -35.8069
-35.7648 -40.0777 -35.7648 -38.9776 -47.2269 -38.9776 -38.9776 -47.2269 -38.9776 -35.7648 -40.0777 -35.7648
-35.7226 -39.9183 -35.7226 -38.8562 -47.0419 -38.8562 -38.8562 -47.0419 -38.8562 -35.7226 -39.9183 -35.7226
-35.6801 -39.761 -35.6801 -38.7343 -46.8451 -38.7343 -38.7343 -46.8451 -38.7343 -35.6801 -39.761 -35.6801
-35.6373 -39.6094 -35.6373 -38.6118 -46.6257 -38.6118 -38.6118 -46.6257 -38.6118 -35.6373 -39.6094 -35.6373
-35.5942 -39.4673 -35.5942 -38.489 -46.3672 -38.489 -38.489 -46.3672 -38.489 -35.5942 -39.4673 -35.5942
-35.5508 -39.328 -35.5508 -38.3657 -46.0967 -38.3657 -38.3657 -46.0967 -38.3657 -35.5508 -39.328 -35.5508
-35.5071 -39.1908 -35.5071 -38.242 -45.8162 -38.242 -38.242 -45.8162 -38.242 -35.5071 -39.1908 -35.5071
-35.4631 -39.055 -35.4631 -38.1178 -45.5283 -38.1178 -38.1178 -45.5283 -38.1178 -35.4631 -39.055 -35.4631
-35.4187 -38.92 -35.4187 -37.9933 -45.2349 -37.9933 -37.9933 -45.2349 -37.9933 -35.4187 -38.92 -35.4187
-35.3741 -38.7855 -35.3741 -37.8683 -44.9375 -37.8683 -37.8683 -44.9375 -37.8683 -35.3741 -38.7855 -35.3741
-35.3291 -38.6512 -35.3291 -37.7428 -44.6365 -37.7428 -37.7428 -44.6365 -37.7428 -35.3291 -38.6512 -35.3291
-35.2838 -38.5171 -35.2838 -37.6169 -44.3324 -37.6169 -37.6169 -44.3324 -37.6169 -35.2838 -38.5171 -35.2838
-35.2381 -38.3831 -35.2381 -37.4905 -44.0253 -37.4905 -37.4905 -44.0253 -37.4905 -35.2381 -38.3831 -35.2381
-35.1922 -38.253 -35.1922 -37.3636 -43.7015 -37.3636 -37.3636 -43.7015 -37.3636 -35.1922 -38.253 -35.1922
-35.1459 -38.1247 -35.1459 -37.2362 -43.3671 -37.2362 -37.2362 -43.3671 -37.2362 -35.1459 -38.1247 -35.1459
-35.0993 -37.9959 -35.0993 -37.1083 -43.0318 -37.1083 -37.1083 -43.0318 -37.1083 -35.0993 -37.9959 -35.0993
-35.0524 -37.8665 -35.0524 -36.9798 -42.6955 -36.9798 -36.9798 -42.6955 -36.9798 -35.0524 -37.8665 -35.0524
-35.0051 -37.7365 -35.0051 -36.8507 -42.3581 -36.8507 -36.8507 -42.3581 -36.8507 -35.0051 -37.7365 -35.0051
-34.9575 -37.6058 -34.9575 -36.7211 -42.0197 -36.7211 -36.7211 -42.0197 -36.7211 -34.9575 -37.6058 -34.9575
-34.9096 -37.4744 -34.9096 -36.5908 -41.6801 -36.5908 -36.5908 -41.6801 -36.5908 -34.9096 -37.4744 -34.9096
-34.8614 -37.3423 -34.8614 -36.4598 -41.3394 -36.4598 -36.4598 -41.3394 -36.4598 -34.8614 -37.3423 -34.8614
-34.8128 -37.2096 -34.8128 -36.3282 -40.9976 -36.3282 -36.3282 -40.9976 -36.3282 -34.8128 -37.2096 -34.8128
-34.7639 -37.0762 -34.7639 -36.1958 -40.6545 -36.1958 -36.1958 -40.6545 -36.1958 -34.7639 -37.0762 -34.7639
-34.7147 -36.9379 -34.7147 -36.0626 -40.3118 -36.0626 -36.0626 -40.3118 -36.0626 -34.7147 -36.9379 -34.7147
-34.6652 -36.7914 -34.6652 -35.9287 -39.9695 -35.9287 -35.9287 -39.9695 -35.9287 -34.6652 -36.7914 -34.6652
-34.6154 -36.6449 -34.6154 -35.7941 -39.6256 -35.7941 -35.7941 -39.6256 -35.7941 -34.6154 -36.6449 -34.6154
-34.5656 -36.4984 -34.5656 -35.6595 -39.2801 -35.6595 -35.6595 -39.2801 -35.6595 -34.5656 -36.4984 -34.5656
-34.5175 -36.3519 -34.5175 -35.5131 -38.9328 -35.5131 -35.5131 -38.9328 -35.5131 -34.5175 -36.3519 -34.5175
-34.4689 -36.2054 -34.4689 -35.3661 -38.5836 -35.3661 -35.3661 -38.5836 -35.3661 -34.4689 -36.2054 -34.4689
-34.4198 -36.0591 -34.4198 -35.2188 -38.2325 -35.2188 -35.2188 -38.2325 -35.2188 -34.4198 -36.0591 -34.4198
-34.3702 -35.913 -34.3702 -35.071 -37.8794 -35.071 -35.071 -37.8794 -35.071 -34.3702 -35.913 -34.3702
-34.3202 -35.767 -34.3202 -34.9229 -37.5241 -34.9229 -34.9229 -37.5241 -34.9229 -34.3202 -35.767 -34.3202
-34.2696 -35.6213 -34.2696 -34.7746 -37.1665 -34.7746 -34.7746 -37.1665 -34.7746 -34.2696 -35.6213 -34.2696
-34.2185 -35.4759 -34.2185 -34.6263 -36.8066 -34.6263 -34.6263 -36.8066 -34.6263 -34.2185 -35.4759 -34.2185
-34.167 -35.3307 -34.167 -34.478 -36.4442 -34.478 -34.478 -36.4442 -34.478 -34.167 -35.3307 -34.167
-34.1024 -35.1824 -34.1024 -34.3127 -36.0753 -34.3127 -34.3127 -36.0753 -34.3127 -34.1024 -35.1824 -34.1024
-34.0492 -35.038 -34.0492 -34.1631 -35.7075 -34.1631 -34.1631 -35.7075 -34.1631 -34.0492 -35.038 -34.0492
-33.9946 -34.8941 -33.9946 -34.0147 -35.3367 -34.0147 -34.0147 -35.3367 -34.0147 -33.9946 -34.8941 -33.9946
-33.9313 -34.7508 -33.9313 -33.8674 -34.9628 -33.8674 -33.8674 -34.9628 -33.8674 -33.9313 -34.7508 -33.9313
-33.8681 -34.6082 -33.8681 -33.72 -34.5858 -33.72 -33.72 -34.5858 -33.72 -33.8681 -34.6082 -33.8681
-33.8047 -34.4756 -33.8047 -33.5722 -34.1704 -33.5722 -33.5722 -34.1704 -33.5722 -33.8047 -34.4756 -33.8047
-33.7412 -34.3449 -33.7412 -33.4242 -33.7441 -33.4242 -33.4242 -33.7441 -33.4242 -33.7412 -34.3449 -33.7412
-33.6775 -34.2139 -33.6775 -33.2759 -33.3178 -33.2759 -33.2759 -33.3178 -33.2759 -33.6775 -34.2139 -33.6775
-33.6137 -34.0827 -33.6137 -33.1273 -32.8916 -33.1273 -33.1273 -32.8916 -33.1273 -33.6137 -34.0827 -33.6137
