-5.57915e-06 -0.000562922 -4.34847e-06
-2.66995e-05 -0.000563772 -2.01512e-05
-6.40444e-05 -0.000563073 -4.6062e-05
-0.000110171 -0.00056031 -7.39707e-05
-0.000160106 -0.000558104 -9.82008e-05
-0.000212476 -0.000559223 -0.000116352
-0.00026733 -0.000562331 -0.000126564
-0.000324439 -0.000564243 -0.00012749
-0.00038334 -0.000564491 -0.000120448
-0.00044524 -0.000562792 -0.000109251
-0.000511461 -0.000558785 -9.77272e-05
-0.00058168 -0.000556137 -8.81218e-05
-0.000655061 -0.000559398 -8.12955e-05
-0.00072905 -0.000566524 -7.74275e-05
-0.000799596 -0.000570491 -7.6598e-05
-0.000866386 -0.000568301 -8.01573e-05
-0.000934438 -0.000562625 -9.22636e-05
-0.00100736 -0.000557785 -0.0001169
-0.00108131 -0.00055736 -0.000154098
-0.00114803 -0.000560345 -0.000200875
-0.00120061 -0.00056309 -0.000251848
-0.00123386 -0.000565421 -0.000300671
-0.00124562 -0.000567933 -0.000343792
-0.00123783 -0.00056868 -0.000380396
-0.00121197 -0.000566594 -0.000409874
-0.00116708 -0.000563657 -0.000431334
-0.00110297 -0.000561963 -0.000445633
-0.00102119 -0.00056111 -0.000457424
-0.000922419 -0.000560535 -0.000473552
-0.000807185 -0.000561548 -0.00049937
-0.000677646 -0.0005646 -0.000537069
-0.000536224 -0.000567206 -0.000586555
-0.000383998 -0.000567127 -0.000646753
-0.000221002 -0.000565137 -0.000716425
-4.80564e-05 -0.000562357 -0.000794446
0.000133435 -0.000559155 -0.000878381
0.000321737 -0.000559116 -0.00096385
0.00051271 -0.000564508 -0.00104714
0.000698159 -0.000570065 -0.00112672
0.000866806 -0.000570767 -0.00120187
0.00100998 -0.000567514 -0.0012717
0.00112738 -0.000563113 -0.0013351
0.0012271 -0.000558871 -0.00139096
0.00132134 -0.000556397 -0.00143806
0.0014198 -0.000558289 -0.00147582
0.0015262 -0.000564028 -0.00150577
0.00164211 -0.000570181 -0.00152984
0.00177042 -0.000573583 -0.00154715
0.00191458 -0.000572388 -0.00155348
0.00207788 -0.000568751 -0.00154351
0.00226265 -0.000566484 -0.00151454
0.00246875 -0.000563989 -0.00146749
0.00269297 -0.000558253 -0.00140366
0.00293076 -0.000552671 -0.00132347
0.00317887 -0.000552717 -0.00122761
0.00343529 -0.000558416 -0.00111758
0.00369595 -0.000566117 -0.000997186
0.00395365 -0.000572459 -0.000871635
0.00420217 -0.000574693 -0.000744184
0.00443948 -0.000573334 -0.0006174
0.00466508 -0.000572439 -0.000495684
0.00487637 -0.000572964 -0.000383682
0.00507064 -0.000572262 -0.000285419
0.00524843 -0.000570741 -0.000204311
0.00541235 -0.000570705 -0.000141298
0.00556302 -0.000570647 -9.44806e-05
0.00569796 -0.00056729 -6.01191e-05
0.00581249 -0.000561888 -3.42351e-05
0.00589764 -0.00055826 -1.46947e-05
0.00593965 -0.000557348 -1.49074e-06
0.00592311 -0.000558219 2.51015e-06
0.00583511 -0.000560077 -8.38245e-06
0.00566772 -0.000562815 -3.90045e-05
0.00541765 -0.000566586 -9.11759e-05
0.00508599 -0.000570539 -0.000163865
0.00468042 -0.000573201 -0.000252734
0.0042148 -0.000575137 -0.000350819
0.00370378 -0.000577929 -0.000450436
0.00316089 -0.000579823 -0.00054527
0.00259985 -0.000578221 -0.000631676
0.00203144 -0.000573741 -0.000706093
0.00146146 -0.000568677 -0.000761705
0.000893624 -0.000564817 -0.00079112
0.000332052 -0.000563637 -0.000790299
-0.000218827 -0.000565543 -0.000759348
-0.000755644 -0.000567756 -0.000703323
-0.00127552 -0.000566924 -0.000630955
-0.00177328 -0.000563401 -0.000549046
-0.00224245 -0.000561063 -0.000458959
-0.00268154 -0.000563836 -0.000359752
-0.0030966 -0.000571956 -0.000250832
-0.00349593 -0.000581063 -0.000131742
-0.00388321 -0.000585459 -3.96179e-06
-0.00425462 -0.000583181 0.000129246
-0.0046008 -0.000576614 0.000267579
-0.00491099 -0.000569435 0.000413408
-0.00517757 -0.000564921 0.000565994
-0.00539647 -0.00056432 0.000719792
-0.00556295 -0.000566106 0.000868901
-0.00567241 -0.000567729 0.00101174
-0.00572638 -0.000568094 0.0011505
-0.00573419 -0.000568187 0.00128754
-0.00570738 -0.000568177 0.0014228
-0.00565397 -0.000566644 0.00155451
-0.00557962 -0.000563713 0.00168157
-0.005489 -0.000562008 0.00180379
-0.00538238 -0.000564518 0.00192181
-0.00525397 -0.000571026 0.00203833
-0.00509754 -0.000576887 0.00215804
-0.00491428 -0.00057779 0.00228507
-0.0047113 -0.000575495 0.0024219
-0.00449339 -0.000574166 0.00256979
-0.00426231 -0.000572857 0.00272767
-0.00402148 -0.000570984 0.00289018
-0.00377586 -0.000574042 0.00304872
-0.00352713 -0.000582544 0.00319728
-0.00327111 -0.000586649 0.00333652
-0.00300043 -0.000581223 0.00347033
-0.00270903 -0.000573124 0.00360144
-0.00239476 -0.000569732 0.00372858
-0.00205614 -0.000571683 0.00384426
-0.00168904 -0.000575815 0.00393781
-0.00129036 -0.000579355 0.00400155
-0.000863509 -0.000580795 0.00403312
-0.000418732 -0.00057971 0.00403431
3.18282e-05 -0.000577189 0.00401034
0.000481152 -0.000574853 0.00396833
0.000929749 -0.000573898 0.00391484
0.00137818 -0.000574357 0.00385514
0.00182105 -0.000574957 0.00379147
0.0022515 -0.000573612 0.0037232
0.00266423 -0.000569577 0.00364828
0.00305248 -0.000565784 0.00356287
0.0034077 -0.000564746 0.00346461
0.00372238 -0.000565887 0.00335657
0.00399054 -0.000568464 0.00324522
0.00420855 -0.000571589 0.00313573
0.00437906 -0.000573971 0.00302901
0.00451324 -0.000576213 0.0029208
0.0046278 -0.000578468 0.00280563
0.00473632 -0.000577424 0.00268051
0.00483961 -0.000572823 0.00253982
0.00492736 -0.000568748 0.00237238
0.00499035 -0.000568023 0.00217037
0.00502799 -0.00057104 0.00193692
0.00504624 -0.000574596 0.00168162
0.00505124 -0.000575398 0.0014123
0.00504522 -0.000574205 0.0011339
0.00502607 -0.000572788 0.000851353
0.00498971 -0.000571469 0.000567576
0.00493248 -0.000570979 0.000280226
0.00484863 -0.000572745 -1.60664e-05
0.00472754 -0.000575859 -0.000325862
0.00455727 -0.00057763 -0.000652639
0.00433086 -0.000577766 -0.00100044
0.00404917 -0.000577961 -0.00137246
0.00371763 -0.000578361 -0.00176631
0.0033412 -0.000577576 -0.00217237
0.00292378 -0.000575764 -0.00257571
0.00247117 -0.00057484 -0.00295806
0.00199236 -0.000574366 -0.00330146
0.00149578 -0.000572793 -0.00359536
0.000984048 -0.000572027 -0.00384195
0.000452918 -0.000574588 -0.00405421
-0.000106025 -0.000578182 -0.00424668
-0.000700924 -0.000578473 -0.00442696
-0.00133316 -0.00057522 -0.00459643
-0.00199545 -0.000570663 -0.00475255
-0.00267594 -0.000567325 -0.00488663
-0.00336063 -0.000568382 -0.00498602
-0.00403594 -0.000572835 -0.00503974
-0.00469323 -0.00057518 -0.00503969
-0.00533174 -0.000572753 -0.00498028
-0.00595773 -0.00056707 -0.0048612
-0.00657966 -0.00055937 -0.00468984
-0.00720187 -0.000549751 -0.00448156
-0.00781935 -0.000540283 -0.00425672
-0.00841779 -0.000534604 -0.00403176
-0.00897898 -0.000533331 -0.00381224
-0.00948522 -0.00053248 -0.0035965
-0.00992092 -0.000529415 -0.00338166
-0.0102721 -0.000525971 -0.00316669
-0.0105262 -0.000522988 -0.00295502
-0.0106741 -0.000519689 -0.00275158
-0.0107101 -0.000517209 -0.00255709
-0.0106325 -0.000517705 -0.0023712
-0.0104478 -0.000521075 -0.00219831
-0.0101716 -0.000525262 -0.00204375
-0.00982576 -0.000530792 -0.0019064
-0.00943663 -0.000539389 -0.00177914
-0.00903129 -0.000548129 -0.00165275
-0.00863072 -0.00055321 -0.00152015
-0.00824642 -0.000557103 -0.00138196
-0.00788076 -0.000564428 -0.00124508
-0.0075285 -0.000572416 -0.00111492
-0.00717732 -0.000574914 -0.000992333
-0.00680835 -0.000573347 -0.000874767
-0.00640222 -0.000570848 -0.000756974
-0.00594617 -0.000566958 -0.000634287
-0.00543522 -0.000566078 -0.000505916
-0.00487219 -0.000572806 -0.000375527
-0.00427123 -0.000581326 -0.000248174
-0.00365728 -0.000582862 -0.000124119
-0.00305923 -0.000575934 3.39546e-06
-0.00250231 -0.00056526 0.000143887
-0.0020025 -0.000556845 0.000302711
-0.00156395 -0.000555762 0.00047698
-0.00117979 -0.000564149 0.000658215
-0.000837179 -0.000578219 0.000838309
-0.000526101 -0.000591467 0.0010129
-0.000244557 -0.000599108 0.0011808
5.95783e-06 -0.000596803 0.00134223
0.000228421 -0.000584358 0.00149833
0.00043096 -0.000569009 0.00165083
0.000624666 -0.000559583 0.00180018
0.000825127 -0.000560916 0.00194624
0.00104914 -0.000570573 0.00209096
0.00130635 -0.000580943 0.00223675
0.00159575 -0.00058746 0.00238261
0.00190898 -0.000590171 0.00252543
0.00223593 -0.000588727 0.0026638
0.00256776 -0.000583365 0.00279703
0.002897 -0.000576988 0.00292135
0.00321878 -0.000573591 0.00302961
0.00353103 -0.000576538 0.00311345
0.0038302 -0.000584238 0.00316505
0.00410799 -0.000589492 0.00317896
0.00435176 -0.000587252 0.00315211
0.00454393 -0.00057985 0.00308107
0.00466449 -0.000572624 0.00296441
0.00470059 -0.000568258 0.00280778
0.00465551 -0.000566401 0.00262144
0.00454671 -0.000567217 0.0024153
0.0043972 -0.000572848 0.002196
0.00423106 -0.000581351 0.00196295
0.00407086 -0.000583858 0.00170962
0.00393587 -0.000576156 0.00142932
0.00384191 -0.000566267 0.00111831
0.00380043 -0.000564098 0.000775089
0.00381834 -0.000570861 0.000398301
0.00389707 -0.000580333 -1.11306e-05
0.00402882 -0.000586153 -0.000448426
0.00419449 -0.000586227 -0.000910037
0.00436679 -0.000582101 -0.00139713
0.00451558 -0.000575944 -0.00191391
0.00461175 -0.00056954 -0.00246398
0.00463837 -0.000564585 -0.00304667
0.00460253 -0.000561623 -0.00365573
0.00452873 -0.00056102 -0.00428033
0.00444705 -0.000563616 -0.00490748
0.00439217 -0.000568709 -0.00552331
0.00439684 -0.000572401 -0.00611111
0.00447729 -0.000569886 -0.00665318
0.00463144 -0.00056153 -0.00714004
0.00484816 -0.000552084 -0.00757832
0.00511361 -0.000542992 -0.00798698
0.00541273 -0.000533624 -0.00838258
0.00573048 -0.000526308 -0.00876989
0.00605199 -0.000523155 -0.00914414
0.00636203 -0.000522002 -0.00949666
0.00664823 -0.00051616 -0.00982033
0.00690351 -0.000501748 -0.0101096
0.00712477 -0.00048573 -0.0103555
0.00730912 -0.000477893 -0.0105491
0.00745219 -0.000479146 -0.0106902
0.00755283 -0.000483716 -0.0107856
0.00761728 -0.000487133 -0.0108381
0.0076567 -0.000489281 -0.0108415
0.00768076 -0.000492039 -0.0107855
0.00769249 -0.000495367 -0.0106589
0.00768994 -0.000496954 -0.0104542
0.00766988 -0.00049534 -0.0101707
0.00762785 -0.00049323 -0.00981568
0.00755819 -0.000497603 -0.00940352
0.00745686 -0.000512383 -0.00895349
0.0073231 -0.000531949 -0.00848216
0.00715885 -0.000545993 -0.00799469
0.00696804 -0.000549982 -0.00748852
0.00675496 -0.00054881 -0.00696076
0.00652288 -0.000548625 -0.0064093
0.00627443 -0.000549746 -0.00583288
0.00601161 -0.00055147 -0.00523059
0.00573569 -0.000557999 -0.00460108
0.00544752 -0.000572245 -0.00394384
0.00514723 -0.000587107 -0.00326011
0.00483365 -0.000593166 -0.00255216
0.00450047 -0.000591581 -0.00182315
0.00413101 -0.000589613 -0.0010804
0.00369892 -0.000590452 -0.000335234
0.00318049 -0.000593451 0.00040385
0.00256822 -0.000594813 0.00113201
0.0018701 -0.000589422 0.00184269
0.00109955 -0.000579769 0.00252954
0.000269414 -0.000575255 0.00319137
-0.000607128 -0.000579222 0.00383195
-0.00151688 -0.000586662 0.00446028
-0.00245047 -0.000591659 0.0050901
-0.0034057 -0.000589436 0.00573225
-0.00438844 -0.000578367 0.00639092
-0.00540455 -0.000560925 0.00706823
-0.00644786 -0.000538957 0.00776395
-0.0075032 -0.000514945 0.00847105
-0.00855962 -0.000495161 0.00917793
-0.00960993 -0.000481893 0.0098732
-0.010643 -0.000469274 0.0105454
-0.0116469 -0.000451072 0.0111831
-0.0126154 -0.000425119 0.0117784
-0.0135483 -0.000393711 0.0123251
-0.0144436 -0.000363176 0.0128154
-0.0152939 -0.000337881 0.0132403
-0.0160894 -0.000317948 0.013592
-0.0168272 -0.000303983 0.0138708
-0.0175108 -0.000297472 0.0140934
-0.0181404 -0.000296432 0.0142865
-0.0187106 -0.00029641 0.0144696
-0.0192178 -0.000293504 0.0146451
-0.0196544 -0.000282719 0.0148039
-0.0200022 -0.000262419 0.0149347
-0.0202417 -0.000240481 0.0150302
-0.0203627 -0.000227041 0.0150884
-0.0203673 -0.000224878 0.0151134
-0.0202723 -0.000230621 0.0151115
-0.0201066 -0.000240495 0.0150858
-0.0199003 -0.000251091 0.0150368
-0.0196685 -0.000258016 0.0149673
-0.0194042 -0.000258808 0.0148831
-0.0190875 -0.000255592 0.0147899
-0.0187015 -0.000255267 0.0146899
-0.0182377 -0.00026887 0.0145833
-0.0176902 -0.000301771 0.0144694
-0.0170555 -0.000340848 0.0143494
-0.0163363 -0.000364613 0.0142284
-0.0155406 -0.000364677 0.0141119
-0.014679 -0.000351141 0.0140002
-0.013762 -0.000345668 0.0138874
-0.0127986 -0.000363489 0.0137665
-0.0118002 -0.000397721 0.0136325
-0.0107848 -0.000429367 0.0134862
-0.00977178 -0.000449287 0.0133321
-0.0087682 -0.000463156 0.0131741
-0.00776954 -0.000476959 0.0130126
-0.0067742 -0.000489718 0.0128452
-0.00578781 -0.000499517 0.0126674
-0.00481281 -0.000506121 0.0124729
-0.00384229 -0.000510885 0.0122531
-0.00286903 -0.000515767 0.0119977
-0.00189597 -0.000523041 0.0116991
-0.000934732 -0.00053296 0.0113539
2.00876e-06 -0.0005391 0.0109597
0.00090805 -0.000536272 0.0105126
0.00178905 -0.000529116 0.0100086
0.00266063 -0.000527322 0.0094411
0.00354199 -0.000536603 0.00880026
0.00445012 -0.000552808 0.00808159
0.00539381 -0.000566038 0.00729868
0.00637073 -0.000570621 0.00648112
0.00736932 -0.000569696 0.00565503
0.00837048 -0.000570218 0.0048322
0.00934845 -0.000573353 0.00401911
0.0102722 -0.000573409 0.00322271
0.0111073 -0.000566608 0.00244597
0.011819 -0.000555563 0.00168518
0.0123783 -0.000544195 0.000933127
0.012774 -0.000531319 0.00018105
0.0130146 -0.000514458 -0.000583559
0.0131174 -0.000497314 -0.00137372
0.0131056 -0.000484917 -0.0021958
0.0130149 -0.000479257 -0.00304869
0.0128906 -0.000481183 -0.00392883
0.0127751 -0.000486381 -0.00483356
0.012696 -0.000488911 -0.00576144
0.0126636 -0.000488328 -0.00671412
0.0126809 -0.000484555 -0.00769455
0.0127425 -0.000475932 -0.00869368
0.0128226 -0.000462777 -0.00968387
0.0128767 -0.000445681 -0.0106385
0.012859 -0.000423764 -0.0115555
0.0127419 -0.000398403 -0.0124563
0.0125286 -0.000375973 -0.0133659
0.0122491 -0.00036272 -0.0142941
0.0119424 -0.000357894 -0.0152344
0.0116474 -0.000356573 -0.0161699
0.0114017 -0.000355284 -0.0170732
0.0112318 -0.000351415 -0.0179147
0.0111453 -0.000341926 -0.0186753
0.0111329 -0.000322827 -0.0193507
0.0111749 -0.000293897 -0.0199489
0.011245 -0.000265611 -0.0204838
0.011315 -0.000250966 -0.0209705
0.0113568 -0.000251914 -0.0214233
0.0113448 -0.000261552 -0.0218472
0.0112624 -0.000272793 -0.0222366
0.0111008 -0.000278296 -0.0225839
0.0108565 -0.000271415 -0.0228833
0.0105326 -0.000255843 -0.0231325
0.0101353 -0.000243 -0.0233309
0.00966625 -0.000235588 -0.0234782
0.00912124 -0.000228596 -0.0235741
0.00849715 -0.000223397 -0.0236159
0.00779391 -0.000223475 -0.0235955
0.00701199 -0.000227811 -0.0235006
0.00615541 -0.000240664 -0.0233209
0.00523538 -0.000268858 -0.0230511
0.00426573 -0.000307023 -0.0226911
0.00325924 -0.000339404 -0.0222454
0.00223023 -0.000353562 -0.0217262
0.00119678 -0.000349806 -0.0211565
0.000181488 -0.000341567 -0.0205642
-0.000796047 -0.000346918 -0.019967
-0.00173303 -0.000371796 -0.0193649
-0.00264289 -0.000403183 -0.0187421
-0.00354316 -0.000425594 -0.0180734
-0.00445268 -0.000434775 -0.0173355
-0.00539073 -0.000436343 -0.0165169
-0.00636655 -0.000439695 -0.0156199
-0.00737513 -0.000448184 -0.0146578
-0.0084029 -0.000457041 -0.013649
-0.0094278 -0.000464838 -0.0126122
-0.0104177 -0.000474166 -0.0115623
-0.0113383 -0.000482867 -0.0105092
-0.0121631 -0.000486952 -0.00945687
-0.0128746 -0.000486261 -0.00840377
-0.0134671 -0.000484748 -0.00734535
-0.0139472 -0.000483992 -0.00627538
-0.0143266 -0.000480807 -0.00518699
-0.0146183 -0.000477722 -0.00407318
-0.0148392 -0.000482444 -0.00292283
-0.0150114 -0.000495028 -0.00172319
-0.0151635 -0.000506493 -0.000470286
-0.0153281 -0.000508474 0.000827293
-0.01553 -0.00049877 0.00215419
-0.0157788 -0.000476955 0.00349483
-0.0160699 -0.000446325 0.00483498
-0.0163808 -0.000417324 0.00616038
-0.0166691 -0.000394078 0.00745718
-0.0168826 -0.000369715 0.00871689
-0.0169723 -0.000342175 0.00993762
-0.016904 -0.000321895 0.0111171
-0.0166654 -0.000319356 0.0122472
-0.0162652 -0.000331618 0.013314
-0.0157267 -0.000345985 0.0143028
-0.0150786 -0.000352595 0.0152081
-0.0143426 -0.000349193 0.0160415
-0.0135341 -0.000338711 0.0168233
-0.0126693 -0.000326104 0.0175633
-0.0117682 -0.000318114 0.0182527
-0.0108487 -0.0003212 0.0188736
-0.00992168 -0.000333361 0.0194092
-0.00898878 -0.00034547 0.0198527
-0.00804403 -0.00035312 0.0202088
-0.007077 -0.000358436 0.0204878
-0.00607518 -0.000362263 0.0207044
-0.00502347 -0.000362497 0.0208792
-0.0039062 -0.000357489 0.0210305
-0.00271749 -0.000349691 0.0211683
-0.0014694 -0.000344516 0.0212951
-0.000189644 -0.000343596 0.0214056
0.00108546 -0.000345752 0.0214861
0.00232012 -0.000352391 0.0215226
0.0034842 -0.000365824 0.0215085
0.00455443 -0.000381501 0.0214432
0.00552051 -0.00038639 0.0213236
0.00639009 -0.000370446 0.0211391
0.00718248 -0.000337673 0.020882
0.00791527 -0.000305412 0.0205601
0.00859662 -0.000291426 0.0201908
0.00922957 -0.000301163 0.0197888
0.00981847 -0.000326226 0.0193583
0.0103684 -0.000350789 0.0188914
0.0108844 -0.000364843 0.0183766
0.0113744 -0.000370607 0.0178097
0.0118472 -0.0003735 0.0171911
0.012306 -0.000375114 0.0165191
0.0127482 -0.000374039 0.0157926
0.0131683 -0.000371699 0.0150159
0.0135567 -0.00037678 0.0141992
0.0139027 -0.000394156 0.0133581
0.0142021 -0.000412653 0.0125123
0.0144552 -0.000420209 0.0116783
0.0146596 -0.000422618 0.0108642
0.0148082 -0.000428742 0.0100739
0.0148922 -0.000437434 0.00931054
0.0149034 -0.000449844 0.00857176
0.014836 -0.000466978 0.00784989
0.014689 -0.000478266 0.00713666
0.0144681 -0.000474616 0.00641928
0.0141843 -0.000463833 0.00567134
0.0138495 -0.000464228 0.00486089
0.0134679 -0.000485174 0.00396617
0.01303 -0.000514941 0.00297647
0.0125241 -0.000536124 0.00188857
0.0119487 -0.000546582 0.000708797
0.0113124 -0.000553194 -0.000544124
0.0106262 -0.000558917 -0.00184106
0.00990237 -0.00056384 -0.00314946
0.00915916 -0.000568152 -0.00444448
0.00841935 -0.000571169 -0.00571945
0.00769832 -0.000570135 -0.00698353
0.00699588 -0.000562884 -0.00825018
0.00630199 -0.000550561 -0.00952834
0.00561167 -0.000533631 -0.010819
0.0049309 -0.000514246 -0.0121158
0.00426507 -0.000497619 -0.0134056
0.00360742 -0.000483003 -0.0146667
0.00294355 -0.000467469 -0.0158696
0.00226328 -0.00045064 -0.0169794
0.00156582 -0.000427708 -0.0179674
0.000854612 -0.000393652 -0.018821
0.000131527 -0.000354135 -0.0195468
-0.000599968 -0.000324865 -0.0201647
-0.00133013 -0.000318813 -0.0206986
-0.00204891 -0.000332765 -0.0211656
-0.0027529 -0.000351123 -0.0215675
-0.00343954 -0.000362483 -0.021894
-0.00409702 -0.0003644 -0.0221337
-0.00470332 -0.000355035 -0.0222792
-0.00523667 -0.000333426 -0.0223297
-0.00568923 -0.00030678 -0.0222907
-0.00607196 -0.000286654 -0.0221687
-0.00640756 -0.000281553 -0.021966
-0.00672263 -0.00029347 -0.0216795
-0.00704086 -0.000315383 -0.021298
-0.00736999 -0.000335623 -0.0208036
-0.00769575 -0.000345817 -0.0201848
-0.00799293 -0.000347272 -0.0194419
-0.00823869 -0.000350564 -0.0185837
-0.00842031 -0.000365075 -0.0176232
-0.00853819 -0.000389346 -0.016576
-0.0086032 -0.000415872 -0.0154614
-0.00863319 -0.00044353 -0.0143001
-0.00864988 -0.000473538 -0.0131053
-0.00867233 -0.000500624 -0.0118781
-0.00871043 -0.000520724 -0.010612
-0.00876671 -0.000535965 -0.0093015
-0.00883988 -0.000547879 -0.00794552
-0.0089195 -0.000555596 -0.00654793
-0.0089821 -0.000557144 -0.00511727
-0.0090013 -0.000553952 -0.00366444
-0.00896283 -0.000556375 -0.00220149
-0.00886633 -0.000570446 -0.000741797
-0.00871478 -0.000587023 0.000702848
-0.00850619 -0.000596078 0.0021214
-0.00823484 -0.000595674 0.00350079
-0.00790082 -0.000586826 0.00482916
-0.00751514 -0.000572886 0.00609478
-0.00709489 -0.00055925 0.00728292
-0.00665851 -0.000550954 0.00838046
-0.00622467 -0.00054917 0.00937971
-0.00581083 -0.000547326 0.0102785
-0.00542718 -0.00053668 0.0110829
-0.00506825 -0.000516264 0.0118075
-0.00471512 -0.000492829 0.0124654
-0.00434792 -0.000473562 0.0130609
-0.00395281 -0.000462834 0.0135905
-0.00352124 -0.000462362 0.0140463
-0.00304868 -0.000469769 0.0144221
-0.00253579 -0.000480966 0.0147246
-0.00199216 -0.000493524 0.0149769
-0.00143894 -0.000500011 0.0152085
-0.000907657 -0.000489901 0.0154385
-0.000430326 -0.000468014 0.0156672
-2.33822e-05 -0.000451944 0.01588
0.000317473 -0.000447522 0.0160597
0.000605907 -0.000445654 0.0161953
0.000852058 -0.000441195 0.016284
0.00106388 -0.000439277 0.016325
0.00125861 -0.000444879 0.0163109
0.00146374 -0.000456603 0.0162286
0.00170518 -0.000468506 0.0160658
0.00199833 -0.000474147 0.0158163
0.00234708 -0.000472515 0.0154821
0.00274762 -0.000470356 0.0150751
0.00319171 -0.000477096 0.0146122
0.00366774 -0.000493534 0.0141077
0.00416362 -0.00051065 0.013574
0.00467204 -0.000522245 0.01302
0.00519328 -0.000526415 0.0124465
0.00573102 -0.000524484 0.0118489
0.00628685 -0.000523099 0.0112256
0.00685575 -0.000524979 0.0105803
0.00742412 -0.00052734 0.00991383
0.00797714 -0.000531235 0.00921868
0.00850693 -0.000540938 0.00848433
0.00900965 -0.000554146 0.00770967
0.00947916 -0.000560822 0.00690261
0.00990809 -0.000557467 0.0060688
0.0102903 -0.000550631 0.00520697
0.0106178 -0.000544017 0.00431624
0.0108827 -0.000537528 0.00340374
0.011085 -0.000533689 0.00247977
0.0112336 -0.000533519 0.00154768
0.0113393 -0.000533973 0.000608029
0.0114083 -0.000535217 -0.000327797
0.0114419 -0.000539284 -0.00124069
0.0114442 -0.000541031 -0.0021169
0.0114254 -0.000536782 -0.00294729
0.0113913 -0.000533959 -0.00372392
0.0113347 -0.000536053 -0.00444533
0.0112415 -0.000535403 -0.00511964
0.0110985 -0.000526792 -0.00576073
0.0108914 -0.000511899 -0.00638399
0.0106021 -0.000496727 -0.00700275
0.0102199 -0.000490035 -0.0076259
0.00975116 -0.000494515 -0.00825854
0.00921612 -0.000502096 -0.0089031
0.00863977 -0.00050441 -0.00955939
0.0080421 -0.00050102 -0.010222
0.0074305 -0.000494087 -0.0108753
0.00680682 -0.000484497 -0.0114959
0.0061795 -0.000477008 -0.0120655
0.00556239 -0.000481593 -0.0125749
0.00496422 -0.000501521 -0.0130187
0.00438577 -0.000524072 -0.0133924
0.00382399 -0.000533964 -0.0136991
0.00327164 -0.000528382 -0.0139522
0.00271523 -0.000513224 -0.0141674
0.00213582 -0.000496805 -0.0143527
0.00151567 -0.000486198 -0.0145059
0.000849661 -0.000484256 -0.0146185
0.000148877 -0.000488016 -0.0146814
-0.000568394 -0.00049198 -0.0146879
-0.00128688 -0.00049613 -0.0146337
-0.00199684 -0.000502957 -0.0145172
-0.00269062 -0.000510734 -0.0143393
-0.00335667 -0.000514461 -0.0141018
-0.00397861 -0.000510111 -0.0138016
-0.00454234 -0.000500091 -0.0134329
-0.00504249 -0.000490378 -0.0129962
-0.00548408 -0.000483223 -0.0125023
-0.00587587 -0.000479579 -0.0119698
-0.00622338 -0.000483669 -0.0114191
-0.00653539 -0.000497966 -0.0108671
-0.00682732 -0.00051718 -0.0103253
-0.00711147 -0.00053164 -0.00980368
-0.00739587 -0.000534488 -0.00931159
-0.00769164 -0.000525818 -0.0088497
-0.00800934 -0.000511935 -0.00840003
-0.00835143 -0.000500516 -0.00792411
-0.00871522 -0.000498293 -0.00737846
-0.0090985 -0.000509131 -0.00674177
-0.00949844 -0.000528319 -0.00602556
-0.00990831 -0.000545523 -0.00525573
-0.0103176 -0.000555448 -0.00444953
-0.0107112 -0.000558272 -0.00361288
-0.0110668 -0.000554232 -0.00275285
-0.0113565 -0.000547297 -0.00187898
-0.0115536 -0.000545424 -0.000992874
-0.0116387 -0.00055231 -8.89431e-05
-0.0116047 -0.000567814 0.000837414
-0.0114573 -0.000586804 0.00178665
-0.0112091 -0.000596731 0.00275502
-0.0108734 -0.00059118 0.00373555
-0.0104618 -0.000575308 0.0047182
-0.00998568 -0.000556121 0.00569313
-0.00945708 -0.000540985 0.00665913
-0.00889165 -0.000535494 0.00762483
-0.00830908 -0.000535035 0.00860023
-0.0077247 -0.000530025 0.0095911
-0.00714502 -0.000519707 0.010597
-0.00657142 -0.000510255 0.0116082
-0.00600302 -0.000503027 0.0126056
-0.00544092 -0.000495569 0.0135641
-0.00489317 -0.000488591 0.0144545
-0.00437294 -0.0004805 0.0152483
-0.00389383 -0.00046551 0.0159276
-0.00347111 -0.000445397 0.0164916
-0.00311955 -0.000429358 0.0169526
-0.0028467 -0.000420911 0.0173279
-0.00265192 -0.000413964 0.0176353
-0.00252793 -0.000404646 0.0178888
-0.00246497 -0.00039932 0.0180945
-0.00245541 -0.000402465 0.018254
-0.00249365 -0.000410119 0.0183706
-0.00257623 -0.000416223 0.0184479
-0.00270268 -0.000415386 0.0184868
-0.00287364 -0.000409653 0.0184881
-0.00308935 -0.000409108 0.0184522
-0.00335263 -0.000416264 0.0183771
-0.00367075 -0.000422459 0.0182585
-0.00405012 -0.000420715 0.0180902
-0.00449167 -0.000412179 0.017862
-0.00499204 -0.000402577 0.0175649
-0.00554075 -0.000399509 0.0172025
-0.00611192 -0.000408515 0.0167893
-0.00666663 -0.000424327 0.0163377
-0.00716774 -0.000434884 0.0158576
-0.00759206 -0.000433759 0.0153597
-0.00793335 -0.000423953 0.0148482
-0.00819859 -0.000415596 0.0143146
-0.00839976 -0.000419911 0.0137406
-0.00854589 -0.000441592 0.0131115
-0.00864064 -0.000473824 0.0124272
-0.00868589 -0.000500539 0.0116975
-0.00868591 -0.00050876 0.0109335
-0.00864626 -0.000502256 0.0101452
-0.00856827 -0.000496646 0.00934081
-0.00845049 -0.000502498 0.00852213
-0.00829763 -0.000522796 0.00768098
-0.00812239 -0.000553362 0.0068009
-0.00793738 -0.00057831 0.00586849
-0.00774184 -0.00058514 0.00488081
-0.0075104 -0.000580643 0.00383659
-0.00719825 -0.000576389 0.00273288
-0.00676119 -0.000575385 0.00157998
-0.00617473 -0.00057827 0.000407656
-0.00543918 -0.00058387 -0.000747078
-0.00457381 -0.000587943 -0.00185353
-0.00361165 -0.000592285 -0.00289928
-0.00259041 -0.000604515 -0.00389591
-0.00153739 -0.000624628 -0.00487138
-0.000462849 -0.000641863 -0.00585505
0.000632625 -0.000645493 -0.00686178
0.0017482 -0.000632014 -0.007887
0.00288205 -0.000602256 -0.00891564
0.00403549 -0.000558791 -0.00993105
0.00521097 -0.000509678 -0.0109182
0.00640593 -0.000471596 -0.0118627
0.00761221 -0.000458158 -0.012753
0.00882156 -0.000460578 -0.0135883
0.010028 -0.000453316 -0.0143798
0.0112209 -0.000421045 -0.0151408
0.0123769 -0.000369691 -0.0158822
0.0134644 -0.000314287 -0.0166138
0.0144538 -0.000265726 -0.0173431
0.0153236 -0.000228062 -0.0180748
0.0160609 -0.000204359 -0.0188071
0.0166644 -0.000201325 -0.019532
0.0171505 -0.000218983 -0.0202372
0.0175476 -0.000240721 -0.020908
0.0178862 -0.000244299 -0.0215286
0.0181986 -0.000223274 -0.0220875
0.0185185 -0.000192539 -0.0225828
0.0188759 -0.000167724 -0.0230207
0.0192961 -0.000148967 -0.0234062
0.0197942 -0.00012598 -0.023741
0.0203729 -8.89085e-05 -0.0240295
0.0210231 -4.03841e-05 -0.0242822
0.0217225 2.66128e-06 -0.0245137
0.0224417 2.3878e-05 -0.0247392
0.0231548 2.02195e-05 -0.0249676
0.0238405 1.95697e-06 -0.0252
0.024481 -1.77161e-05 -0.025436
0.0250681 -3.16807e-05 -0.0256744
0.0256032 -3.74991e-05 -0.0259111
0.0260935 -3.15225e-05 -0.0261428
0.0265551 -8.30938e-06 -0.0263677
0.0270096 3.12425e-05 -0.0265827
0.0274705 7.98452e-05 -0.0267869
0.0279417 0.000131292 -0.0269862
0.0284275 0.000178553 -0.0271874
0.0289319 0.00020919 -0.0273919
0.0294539 0.000208248 -0.0275982
0.0299845 0.000175349 -0.027802
0.0305048 0.000135129 -0.0279932
0.0309868 0.00011896 -0.02816
0.0314001 0.000143303 -0.0282973
0.0317113 0.000199134 -0.0284065
0.0318799 0.000255706 -0.0284894
0.0318681 0.000283121 -0.0285503
0.031653 0.000270949 -0.0285975
0.0312254 0.000232171 -0.0286327
0.030586 0.000191862 -0.0286455
0.0297413 0.000163812 -0.0286205
0.0287017 0.000144251 -0.0285429
0.0274869 0.000128038 -0.0283945
0.0261337 0.000114214 -0.0281526
0.0246951 9.77421e-05 -0.0277986
0.023217 7.02122e-05 -0.0273215
0.0217186 2.60151e-05 -0.0267164
0.0202008 -3.43154e-05 -0.0259872
0.0186573 -0.000104216 -0.0251502
0.0170766 -0.000172019 -0.0242296
0.0154453 -0.000224294 -0.0232479
0.0137455 -0.000256958 -0.022222
0.0119558 -0.000277538 -0.0211614
0.0100633 -0.000295733 -0.0200613
0.00806359 -0.000320995 -0.0189007
0.00595458 -0.000360054 -0.01765
0.00373674 -0.000407738 -0.0162835
0.00141517 -0.000456093 -0.0147852
-0.00100112 -0.000510494 -0.0131456
-0.00350129 -0.000568244 -0.0113627
-0.00606932 -0.000600623 -0.00944845
-0.0086759 -0.000587289 -0.00742514
-0.0112795 -0.00054167 -0.00531979
-0.0138391 -0.000489115 -0.00316431
-0.0163219 -0.00044339 -0.000992519
-0.0187013 -0.000404399 0.00117267
-0.0209591 -0.00036098 0.00332562
-0.0230859 -0.000299867 0.00546932
-0.0250755 -0.000224635 0.00760846
-0.026919 -0.000157322 0.00975182
-0.0286063 -0.000116294 0.0119102
-0.030131 -9.79206e-05 0.0140871
-0.0314984 -7.60032e-05 0.0162763
-0.0327285 -2.20468e-05 0.0184645
-0.0338525 6.8193e-05 0.0206318
-0.0349031 0.000171161 0.022754
-0.0359003 0.000257093 0.0248104
-0.0368426 0.000308318 0.0267913
-0.0377193 0.000324773 0.0286929
-0.0385282 0.000326626 0.0305096
-0.0392714 0.000346242 0.032238
-0.0399462 0.00040754 0.033877
-0.0405476 0.000504804 0.0354239
-0.0410759 0.000607502 0.0368765
-0.0415349 0.000690593 0.0382326
-0.041927 0.000743391 0.0394898
-0.0422519 0.000762741 0.0406498
-0.0425051 0.000761758 0.0417256
-0.0426806 0.000767444 0.0427401
-0.0427734 0.000792557 0.043714
-0.0427777 0.000825215 0.0446557
-0.0426888 0.000847003 0.0455638
-0.0425105 0.000847348 0.0464383
-0.0422544 0.000829044 0.0472878
-0.0419256 0.000805664 0.0481252
-0.0415138 0.000792945 0.0489535
-0.040997 0.000801669 0.049757
-0.0403502 0.000829059 0.0505083
-0.0395548 0.000858474 0.0511848
-0.0386031 0.000872182 0.0517719
-0.037497 0.000861191 0.0522579
-0.0362442 0.000829829 0.0526345
-0.0348592 0.000791631 0.0528957
-0.0333623 0.00075454 0.0530419
-0.0317751 0.000719542 0.0530842
-0.0301199 0.0006909 0.0530399
-0.0284189 0.00067419 0.0529261
-0.0266845 0.000670361 0.05276
-0.0249125 0.000677125 0.0525519
-0.0230911 0.000684933 0.0522918
-0.0212137 0.000677597 0.0519489
-0.0192819 0.000646531 0.0514892
-0.0173 0.00059409 0.0508868
-0.0152754 0.000530889 0.0501259
-0.0132218 0.000473457 0.049205
-0.0111584 0.00043493 0.0481312
-0.00910176 0.000415509 0.0469103
-0.00705868 0.000399374 0.0455461
-0.00503153 0.000365771 0.044042
-0.00302621 0.000303831 0.0423977
-0.00105263 0.000225791 0.0406085
0.000879412 0.000164302 0.0386729
0.00276019 0.000138378 0.0365994
0.0045788 0.000133272 0.0344038
0.00632681 0.000118273 0.0321024
0.0080058 7.14464e-05 0.0297103
0.00963186 -6.3937e-06 0.0272433
0.0112366 -9.2123e-05 0.0247157
0.0128614 -0.000160836 0.0221379
0.0145374 -0.00020782 0.0195168
0.0162674 -0.000233338 0.0168578
0.0180349 -0.000228715 0.0141687
0.0198205 -0.000200812 0.0114615
0.0216092 -0.000170547 0.00875326
0.0233911 -0.000146522 0.00606507
0.0251645 -0.000131732 0.00341702
0.0269314 -0.000138173 0.00082185
0.02869 -0.0001661 -0.00171632
0.0304254 -0.000184389 -0.00419995
0.0321055 -0.00015558 -0.00663281
0.0336881 -6.72389e-05 -0.00900974
0.0351371 6.35285e-05 -0.0113153
0.0364331 0.000199279 -0.0135385
0.0375727 0.00029774 -0.0156859
0.0385611 0.000337204 -0.0177785
0.039404 0.000334851 -0.0198358
0.0401013 0.000327076 -0.021867
0.0406466 0.000336776 -0.0238725
0.0410325 0.000369086 -0.0258519
0.0412574 0.000419058 -0.0278125
0.0413278 0.000474166 -0.0297667
0.0412573 0.000522037 -0.0317214
0.0410631 0.000559285 -0.033676
0.0407629 0.000588753 -0.0356298
0.0403726 0.000609598 -0.0375847
0.0399071 0.000616533 -0.0395371
0.0393801 0.00061284 -0.0414655
0.0388023 0.000617219 -0.0433314
0.038184 0.000646766 -0.0450917
0.0375364 0.000700571 -0.0467118
0.0368696 0.000767535 -0.0481694
0.0361899 0.000835824 -0.0494519
0.0354977 0.000889142 -0.0505536
0.0347836 0.000907933 -0.0514737
0.0340262 0.0008892 -0.0522146
0.0331946 0.000856785 -0.0527833
0.0322551 0.000835317 -0.0531856
0.0311802 0.000825518 -0.0534175
0.0299522 0.000814036 -0.0534688
0.0285621 0.000792816 -0.0533365
0.0270123 0.000762105 -0.0530285
0.025315 0.000724422 -0.0525593
0.0234873 0.000682393 -0.0519452
0.0215502 0.000638196 -0.0512016
0.0195265 0.000592057 -0.0503393
0.0174354 0.000547698 -0.0493652
0.0152927 0.000513015 -0.048282
0.0131139 0.000486563 -0.0470868
0.0109098 0.000455996 -0.0457687
0.00868095 0.000408956 -0.0443137
0.00641529 0.00034144 -0.0427101
0.00409153 0.00026449 -0.0409489
0.00168739 0.000193707 -0.0390249
-0.000812733 0.000131978 -0.0369385
-0.0034139 7.5424e-05 -0.034695
-0.00611086 2.5231e-05 -0.0323022
-0.00888995 -1.25376e-05 -0.0297676
-0.0117305 -3.14778e-05 -0.0271004
-0.0146084 -3.67015e-05 -0.0243136
-0.0175019 -4.51796e-05 -0.021423
-0.0203935 -6.14703e-05 -0.018444
-0.0232702 -7.60592e-05 -0.0153883
-0.0261284 -8.78662e-05 -0.0122619
-0.0289738 -9.77076e-05 -0.0090701
-0.0318151 -8.66441e-05 -0.00582114
-0.0346596 -2.94219e-05 -0.00252523
-0.0375122 7.62688e-05 0.000807444
-0.0403742 0.000213991 0.00416831
-0.0432455 0.000362002 0.00754947
-0.0461255 0.000497668 0.0109415
-0.0490154 0.000610013 0.0143334
-0.0519211 0.000700803 0.0177132
-0.0548524 0.000776438 0.0210688
-0.0578203 0.00084583 0.0243931
-0.0608361 0.00091973 0.0276861
-0.0639101 0.00101277 0.0309493
-0.0670479 0.00113493 0.0341806
-0.0702496 0.0012859 0.0373745
-0.0735129 0.00146416 0.0405239
-0.0768375 0.00166248 0.0436205
-0.0802233 0.00186035 0.0466607
-0.0836698 0.00202626 0.0496497
-0.087176 0.00212936 0.0525959
-0.0907384 0.00216682 0.0555024
-0.0943536 0.00218211 0.0583694
-0.0980177 0.00224275 0.0611981
-0.101724 0.00239288 0.0639883
-0.105463 0.00262733 0.0667319
-0.109227 0.00290011 0.0694162
-0.113002 0.00314892 0.0720342
-0.116773 0.00333003 0.0745835
-0.120521 0.00344496 0.0770618
-0.12423 0.00352621 0.0794675
-0.127885 0.00360699 0.0817985
-0.131469 0.00371271 0.0840492
-0.134969 0.00385464 0.0862129
-0.138367 0.00402057 0.0882823
-0.141643 0.00418015 0.0902482
-0.144782 0.00430442 0.0920984
-0.147779 0.00437705 0.0938177
-0.150625 0.00438753 0.0953941
-0.153312 0.00433745 0.0968272
-0.155837 0.00425061 0.0981312
-0.158204 0.00416188 0.0993293
-0.160418 0.00411167 0.100445
-0.16248 0.00413703 0.10149
-0.164381 0.00424197 0.102465
-0.166105 0.0043843 0.103362
-0.167632 0.00450311 0.104165
-0.168946 0.00456274 0.10486
-0.170025 0.00456925 0.105436
-0.170849 0.00454913 0.105883
-0.171398 0.00452365 0.106194
-0.171655 0.00450241 0.106366
-0.171605 0.00448878 0.106401
-0.171233 0.00448036 0.106307
-0.170529 0.00446558 0.106091
-0.169485 0.00443475 0.105756
-0.168094 0.0043921 0.105307
-0.166353 0.00434175 0.104748
-0.164263 0.0042746 0.10408
-0.161829 0.00418406 0.1033
-0.159058 0.00408258 0.102403
-0.155962 0.00399316 0.10138
-0.152557 0.00392688 0.100221
-0.148863 0.00387124 0.0989162
-0.144912 0.00379798 0.0974596
-0.140749 0.00368614 0.09585
-0.136437 0.00354551 0.094088
-0.13205 0.00340249 0.0921766
-0.127654 0.00327025 0.0901218
-0.123285 0.00315419 0.0879324
-0.118955 0.0030623 0.0856182
-0.114654 0.00299403 0.0831884
-0.110364 0.00292892 0.0806498
-0.10606 0.0028347 0.0780061
-0.101711 0.00269189 0.0752611
-0.0972918 0.00251113 0.0724206
-0.0928037 0.00232382 0.0694948
-0.0882726 0.00215827 0.0664991
-0.0837248 0.00202517 0.0634528
-0.0792019 0.00190974 0.0603773
-0.0747847 0.00178143 0.0572937
-0.0705572 0.00162579 0.0542164
-0.0665767 0.0014581 0.0511505
-0.0628937 0.0012989 0.0480979
-0.0595587 0.00115087 0.0450609
-0.0565987 0.00101057 0.0420428
-0.0540075 0.000882865 0.0390488
-0.051769 0.000776018 0.0360846
-0.0498718 0.000695881 0.0331513
-0.0482998 0.000638908 0.0302445
-0.0470234 0.000588334 0.0273574
-0.045992 0.000529152 0.0244819
-0.045127 0.000462892 0.0216127
-0.044328 0.000398621 0.0187478
-0.0434945 0.000340738 0.0158837
-0.0425526 0.000292225 0.0130206
-0.0414632 0.000254478 0.0101641
-0.040209 0.000220315 0.00731665
-0.0387855 0.000178039 0.00447395
-0.0372094 0.000124558 0.00162815
-0.0355116 7.32913e-05 -0.00122994
-0.0337147 4.50367e-05 -0.00411139
-0.0318336 4.88942e-05 -0.00703097
-0.0298828 7.35252e-05 -0.0100062
-0.0278714 9.56302e-05 -0.0130513
-0.0258 9.81462e-05 -0.016171
-0.0236652 8.6425e-05 -0.0193608
-0.0214635 8.69616e-05 -0.0226099
-0.019195 0.000116452 -0.0259047
-0.0168635 0.000160696 -0.0292308
-0.0144715 0.000197189 -0.0325707
-0.0120193 0.000223691 -0.0359032
-0.00951181 0.000263189 -0.0392055
-0.00696523 0.000337427 -0.0424601
-0.00440342 0.000435282 -0.0456591
-0.00185133 0.000526512 -0.0488013
0.000668556 0.000596896 -0.0518879
0.00313711 0.000656742 -0.0549226
0.00554134 0.000729247 -0.0579134
0.00787897 0.000834438 -0.0608704
0.0101618 0.000972654 -0.0638029
0.0124132 0.00112548 -0.0667156
0.0146601 0.00127341 -0.0696055
0.0169282 0.00140198 -0.0724642
0.0192391 0.00150045 -0.0752795
0.0216109 0.00157019 -0.0780371
0.0240604 0.00162797 -0.0807202
0.0266036 0.00169158 -0.0833106
0.0292556 0.001771 -0.0857853
0.0320252 0.0018753 -0.0881128
0.0349138 0.00200653 -0.0902527
0.037917 0.00214299 -0.0921608
0.0410206 0.00225008 -0.0937982
0.0441959 0.00230953 -0.0951447
0.0473955 0.00232631 -0.0962
0.0505606 0.00232017 -0.0969716
0.0536411 0.00232157 -0.0974666
0.0566055 0.00236068 -0.097689
0.0594365 0.0024467 -0.0976405
0.0621248 0.00255882 -0.0973232
0.0646614 0.00265716 -0.0967422
0.0670354 0.00270526 -0.095913
0.0692379 0.00269109 -0.0948838
0.0712661 0.00262868 -0.0937519
0.0731254 0.00254809 -0.0926283
0.0748246 0.00248753 -0.0915815
0.0763695 0.00247624 -0.0906283
0.0777625 0.00251282 -0.0897555
0.0790086 0.0025637 -0.0889379
0.0801193 0.00258649 -0.0881499
0.0811115 0.0025629 -0.0873661
0.0820052 0.00251621 -0.0865604
0.0828184 0.0024881 -0.0857123
0.0835628 0.00249996 -0.0848133
0.0842417 0.0025453 -0.0838628
0.0848493 0.00259753 -0.0828613
0.0853739 0.00262324 -0.0818079
0.0858029 0.00260987 -0.0807027
0.086128 0.00257497 -0.0795505
0.086353 0.00254046 -0.0783546
0.0864968 0.00250567 -0.0771054
0.0865909 0.0024574 -0.0757833
0.0866725 0.00239735 -0.0743754
0.0867717 0.00234463 -0.0728843
0.0869036 0.00231855 -0.0713181
0.0870654 0.00232377 -0.0696825
0.0872375 0.00234768 -0.067981
0.0873892 0.00237339 -0.0662146
0.0874889 0.00238824 -0.0643763
0.0875104 0.00238389 -0.0624489
0.0874385 0.00236019 -0.0604118
0.0872708 0.00232182 -0.05825
0.0870132 0.00226814 -0.0559574
0.0866747 0.00219245 -0.0535319
0.086262 0.00209274 -0.0509747
0.085772 0.00198507 -0.0482878
0.0851958 0.00189941 -0.0454718
0.0845317 0.00185654 -0.0425256
0.0837862 0.0018539 -0.0394486
0.0829626 0.0018685 -0.03624
0.0820601 0.00187273 -0.0328964
0.0810819 0.0018502 -0.029412
0.0800346 0.00179484 -0.0257815
0.0789229 0.00170839 -0.0220035
0.0777499 0.00160432 -0.0180821
0.0765196 0.00150311 -0.0140239
0.075238 0.00142783 -0.00983482
0.0739148 0.00140097 -0.00552221
0.0725624 0.00142257 -0.00110021
0.0711928 0.00145924 0.00340855
0.0698157 0.00147346 0.00797389
0.0684364 0.0014507 0.0125632
0.0670531 0.00139421 0.0171478
0.0656569 0.00131676 0.0217043
0.0642352 0.00124003 0.0262143
0.0627784 0.0011856 0.0306653
0.061278 0.00116479 0.03505
0.0597198 0.00117755 0.0393684
0.0580873 0.00121441 0.0436301
0.0563714 0.00126481 0.0478528
0.0545733 0.00133208 0.0520598
0.0526973 0.00142391 0.0562752
0.0507447 0.00152929 0.0605147
0.0487141 0.00162702 0.0647834
0.0466051 0.00170689 0.0690788
0.0444183 0.00177332 0.0733961
0.0421572 0.00184377 0.0777282
0.0398336 0.00193815 0.0820664
0.0374717 0.00205695 0.0864011
0.0351041 0.00217766 0.0907255
0.0327611 0.00227651 0.0950368
0.0304577 0.00235112 0.0993342
0.0281917 0.00242172 0.103618
0.0259531 0.00251013 0.107886
0.0237348 0.0026243 0.112136
0.0215299 0.00275831 0.116363
0.0193269 0.00289305 0.120558
0.0171148 0.00300247 0.12471
0.0148908 0.00306687 0.128807
0.0126606 0.00307912 0.132841
0.0104354 0.00305132 0.136807
0.00823098 0.00301874 0.1407
0.00606513 0.00302297 0.144518
0.00395205 0.00309203 0.148256
0.00190122 0.00323052 0.151909
-7.97378e-05 0.00341225 0.155468
-0.00198529 0.00358849 0.158923
-0.00381256 0.00371513 0.162264
-0.00555925 0.00377357 0.165479
-0.00722282 0.00376973 0.168557
-0.00880429 0.00372307 0.171483
-0.0103139 0.00366328 0.174249
-0.0117715 0.00362278 0.176849
-0.0131987 0.00362067 0.179286
-0.01461 0.00365946 0.181566
-0.0160096 0.00373381 0.183709
-0.0173962 0.00383097 0.185758
-0.0187637 0.0039247 0.187782
-0.0200964 0.0039859 0.189843
-0.0213753 0.00400229 0.19196
-0.0225877 0.00397948 0.194112
-0.0237304 0.00392971 0.196264
-0.0248061 0.00386584 0.198383
-0.0258195 0.00380082 0.200455
-0.0267736 0.00374539 0.202468
-0.0276681 0.00370594 0.204406
-0.0284995 0.00368385 0.206249
-0.029263 0.00367409 0.207984
-0.0299537 0.00366709 0.2096
-0.0305733 0.00364869 0.21108
-0.0311342 0.00360249 0.212408
-0.0316588 0.00351698 0.213567
-0.0321759 0.00338947 0.214545
-0.0327175 0.00322998 0.215338
-0.0333114 0.00306804 0.215948
-0.0339749 0.00294829 0.216383
-0.0347154 0.00290773 0.216654
-0.035534 0.00295172 0.216779
-0.0364228 0.00303674 0.216791
-0.0373617 0.00309688 0.216738
-0.0383208 0.00310255 0.216656
-0.0392714 0.00306744 0.216555
-0.0401949 0.0030199 0.216418
-0.0410873 0.00298437 0.21622
-0.0419575 0.00297075 0.215943
-0.0428204 0.00297763 0.215587
-0.0436895 0.00300106 0.215152
-0.0445762 0.00303183 0.214636
-0.0454919 0.00305137 0.214029
-0.0464492 0.00304311 0.213324
-0.0474594 0.00300219 0.21252
-0.0485301 0.00293568 0.211616
-0.0496649 0.00286359 0.210604
-0.0508615 0.00281032 0.209479
-0.0521067 0.00278877 0.208232
-0.0533733 0.00279452 0.206861
-0.0546232 0.00280551 0.205367
-0.0558187 0.00279466 0.20376
-0.0569325 0.00275349 0.202051
-0.0579497 0.00269528 0.200251
-0.058865 0.00264064 0.198368
-0.0596777 0.00260119 0.196405
-0.0603876 0.00257417 0.194359
-0.060997 0.00255159 0.192223
-0.0615152 0.00252462 0.189986
-0.0619594 0.00248718 0.187644
-0.0623537 0.00244296 0.185193
-0.0627205 0.00239906 0.182628
-0.0630714 0.00235496 0.17995
-0.0634063 0.00230481 0.177161
-0.0637199 0.00224847 0.174264
-0.0640051 0.00219587 0.171265
-0.0642539 0.00215619 0.168168
-0.0644595 0.00212385 0.164975
-0.0646222 0.00208169 0.161689
-0.0647514 0.00201823 0.15831
-0.0648608 0.00193705 0.154833
-0.0649579 0.00185395 0.151255
-0.065036 0.00178583 0.147578
-0.065072 0.00173442 0.143821
-0.0650379 0.00168453 0.140017
-0.0649173 0.00161804 0.136212
-0.0647106 0.00152434 0.132443
-0.0644313 0.00141019 0.128729
-0.0641006 0.00130265 0.125067
-0.063742 0.00123026 0.121448
-0.0633768 0.00120405 0.117863
-0.0630171 0.00121166 0.114311
-0.062662 0.00122066 0.110793
-0.0622972 0.0011939 0.107321
-0.0619004 0.00111259 0.103907
-0.0614495 0.000988399 0.100562
-0.06093 0.000852889 0.0972933
-0.0603369 0.000740029 0.0941026
-0.0596722 0.000672138 0.0909795
-0.0589432 0.000653904 0.0879039
-0.05816 0.000671319 0.0848525
-0.0573292 0.000694276 0.0818088
-0.0564527 0.000692629 0.0787673
-0.0555324 0.000654999 0.0757334
-0.0545764 0.000592893 0.072721
-0.0535995 0.000528872 0.0697491
-0.0526199 0.000477144 0.0668388
-0.0516557 0.000434758 0.064011
-0.0507201 0.00039399 0.0612834
-0.0498162 0.000352837 0.0586676
-0.0489353 0.000309672 0.0561703
-0.0480632 0.000262311 0.0537951
-0.0471874 0.000216193 0.0515413
-0.0463009 0.000182194 0.0494017
-0.0454048 0.000165647 0.0473628
-0.0445064 0.000163628 0.0454107
-0.0436143 0.000166445 0.0435353
-0.0427374 0.000159902 0.0417324
-0.0418847 0.000135705 0.0400007
-0.0410643 9.86434e-05 0.0383377
-0.0402794 5.7645e-05 0.0367383
-0.0395286 1.46552e-05 0.0351937
-0.0388095 -3.21456e-05 0.0336936
-0.0381163 -7.85882e-05 0.0322285
-0.0374354 -0.000113586 0.0307911
-0.0367477 -0.000126351 0.0293764
-0.0360385 -0.000116679 0.0279808
-0.0353047 -0.000100577 0.0266004
-0.0345521 -9.95463e-05 0.0252321
-0.0337892 -0.000124777 0.0238778
-0.033024 -0.000172486 0.0225476
-0.0322607 -0.000229633 0.0212604
-0.0314973 -0.00028365 0.0200421
-0.0307267 -0.000323911 0.0189162
-0.0299387 -0.000340429 0.0178954
-0.0291219 -0.000336325 0.0169793
-0.0282678 -0.000332027 0.0161608
-0.0273775 -0.000342339 0.015436
-0.0264665 -0.000363152 0.0148073
-0.025563 -0.00038752 0.014279
-0.0246982 -0.000415429 0.0138538
-0.0238924 -0.000445347 0.0135314
-0.023151 -0.000472656 0.0133092
-0.0224733 -0.000495554 0.0131792
-0.0218594 -0.000513651 0.0131275
-0.0213114 -0.000524651 0.013137
-0.0208292 -0.00052754 0.01319
-0.0204107 -0.000525772 0.0132718
-0.0200563 -0.000527215 0.0133745
-0.0197673 -0.000539543 0.0134953
-0.0195384 -0.000561178 0.0136335
-0.0193548 -0.000580927 0.0137897
-0.0191945 -0.000586258 0.0139666
-0.019035 -0.000572432 0.0141681
-0.01886 -0.000545999 0.0143948
-0.0186627 -0.000515626 0.0146406
-0.0184434 -0.000484995 0.0148928
-0.0182059 -0.000460475 0.0151359
-0.0179559 -0.000454109 0.0153537
-0.0177012 -0.000470093 0.0155318
-0.0174526 -0.00049873 0.015662
-0.0172235 -0.000526669 0.0157464
-0.0170245 -0.000546287 0.015796
-0.0168573 -0.000555362 0.0158239
-0.0167172 -0.00055153 0.0158395
-0.0166008 -0.000535958 0.0158475
-0.0165061 -0.000521472 0.0158492
-0.0164288 -0.000523043 0.015844
-0.0163633 -0.00054291 0.0158309
-0.0163067 -0.000570705 0.0158109
-0.0162566 -0.000591336 0.0157892
-0.0162074 -0.000594607 0.0157757
-0.0161524 -0.000582449 0.0157812
-0.0160877 -0.000565678 0.0158085
-0.016014 -0.000551899 0.0158462
-0.0159341 -0.000540484 0.0158725
-0.0158495 -0.000530732 0.0158695
-0.0157638 -0.000526746 0.0158291
-0.0156842 -0.00053273 0.0157507
-0.0156199 -0.000549409 0.0156361
-0.0155791 -0.000573805 0.0154879
-0.0155673 -0.000598722 0.0153096
-0.015588 -0.000615322 0.0151088
-0.0156437 -0.000618055 0.0149052
-0.0157365 -0.000606661 0.0147375
-0.015869 -0.00058557 0.0146533
-0.016046 -0.000563891 0.0146843
-0.0162741 -0.000552769 0.0148303
-0.0165584 -0.000556501 0.0150646
-0.0168977 -0.000567289 0.0153462
-0.017287 -0.000572225 0.0156325
-0.0177183 -0.00056527 0.0158918
-0.0181789 -0.00055147 0.0161115
-0.0186492 -0.000540408 0.0162951
-0.0191034 -0.000536445 0.0164521
-0.019514 -0.000535817 0.0165905
-0.0198579 -0.000534006 0.0167159
-0.0201231 -0.00053111 0.0168313
-0.0203069 -0.000527225 0.0169413
-0.0204085 -0.000520593 0.0170544
-0.0204226 -0.000512276 0.017184
-0.0203385 -0.000507522 0.017344
-0.0201456 -0.000511023 0.0175448
-0.0198394 -0.00052226 0.0177902
-0.0194207 -0.000537516 0.0180773
-0.0188927 -0.000553374 0.0183998
-0.0182575 -0.000567195 0.0187507
-0.0175176 -0.000577061 0.019122
-0.0166774 -0.000581589 0.0195056
-0.015742 -0.000580944 0.0198936
-0.014716 -0.000577651 0.0202801
-0.0136054 -0.000575151 0.0206633
-0.0124196 -0.000574669 0.0210429
-0.0111754 -0.00057402 0.0214134
-0.00989711 -0.000571091 0.0217667
-0.00861254 -0.00056619 0.0221001
-0.00734806 -0.000562712 0.0224187
-0.00612513 -0.000565268 0.0227305
-0.00495936 -0.000575768 0.0230435
-0.00386205 -0.000590666 0.0233625
-0.00284144 -0.000601035 0.0236861
-0.00190119 -0.0005993 0.0240077
-0.0010371 -0.00058412 0.0243207
-0.000237158 -0.000560671 0.0246216
0.000512808 -0.000538074 0.0249072
0.00122446 -0.000522712 0.0251731
0.0019081 -0.000516476 0.0254143
0.00257534 -0.000520056 0.0256263
0.00323893 -0.000531877 0.0258031
0.00390949 -0.000546008 0.0259411
0.00459287 -0.00055461 0.0260413
0.00529101 -0.000549959 0.0261087
0.00600309 -0.000530298 0.0261554
0.00672332 -0.000506042 0.0262002
0.00743865 -0.000489736 0.0262604
0.00813146 -0.000484937 0.0263445
0.00878643 -0.000488572 0.0264551
0.00939477 -0.000495044 0.0265922
0.00995443 -0.000498891 0.0267533
0.0104675 -0.000495934 0.0269327
0.0109369 -0.000484237 0.0271253
0.0113657 -0.000466844 0.0273307
0.0117599 -0.00044954 0.0275528
0.0121303 -0.000436575 0.0277946
0.0124903 -0.000430256 0.0280556
0.0128507 -0.00043064 0.0283315
0.0132168 -0.000436116 0.0286175
0.013587 -0.000443067 0.0289124
0.0139529 -0.000443325 0.0292212
0.0142991 -0.00042922 0.0295542
0.0146055 -0.000402316 0.029923
0.0148525 -0.000373249 0.0303349
0.0150253 -0.000353831 0.0307921
0.0151128 -0.00034778 0.0312925
0.0151079 -0.000348482 0.0318285
0.0150088 -0.000347618 0.032389
0.0148177 -0.000344399 0.0329656
0.0145395 -0.000346089 0.0335548
0.014182 -0.000359944 0.0341559
0.0137566 -0.000381527 0.0347699
0.013276 -0.000395721 0.0353965
0.0127556 -0.0003938 0.0360338
0.0122118 -0.000382641 0.0366787
0.0116581 -0.000375277 0.0373274
0.0111012 -0.000378369 0.0379746
0.0105387 -0.000390472 0.0386146
0.00995928 -0.000407383 0.0392416
0.00934715 -0.000424038 0.0398495
0.00868809 -0.000433813 0.0404327
0.00797269 -0.000431568 0.0409869
0.00719602 -0.000417807 0.0415093
0.00635507 -0.000398788 0.0419983
0.00544603 -0.000383402 0.0424524
0.00446746 -0.000381363 0.0428688
0.0034255 -0.000397027 0.0432431
0.00233382 -0.000421814 0.04357
0.00121023 -0.000441306 0.0438449
7.47221e-05 -0.000447905 0.0440657
-0.00105267 -0.000442786 0.0442312
-0.00215657 -0.00043267 0.0443388
-0.00322863 -0.00042728 0.0443819
-0.00426589 -0.000432936 0.0443502
-0.00527094 -0.000445598 0.0442338
-0.00625413 -0.000455012 0.0440278
-0.00723287 -0.0004568 0.0437343
-0.00822819 -0.000454286 0.0433616
-0.00925967 -0.00045066 0.0429206
-0.0103406 -0.00044601 0.0424206
-0.0114759 -0.000440193 0.0418688
-0.0126613 -0.000435147 0.0412679
-0.013885 -0.000433957 0.0406138
-0.015129 -0.000437816 0.0398987
-0.0163719 -0.000444663 0.039116
-0.0175931 -0.000451843 0.0382643
-0.0187778 -0.000457456 0.0373494
-0.0199163 -0.000459394 0.0363814
-0.0209993 -0.000457061 0.0353748
-0.022019 -0.00045238 0.0343465
-0.0229747 -0.000447393 0.0333139
-0.0238744 -0.000443153 0.0322904
-0.0247319 -0.000438311 0.0312809
-0.0255635 -0.000427768 0.0302808
-0.0263834 -0.000408568 0.0292807
-0.0271986 -0.000386498 0.028272
-0.0280075 -0.000372473 0.027248
-0.0288027 -0.000373014 0.0262048
-0.0295757 -0.000384841 0.0251419
-0.0303181 -0.000397031 0.0240626
-0.0310226 -0.000398256 0.0229738
-0.0316839 -0.000384012 0.0218852
-0.032301 -0.000357986 0.020806
-0.0328792 -0.00032811 0.0197423
-0.0334282 -0.00030292 0.0186972
-0.0339582 -0.000287407 0.0176737
-0.0344768 -0.000279154 0.0166751
-0.0349877 -0.000271548 0.0157041
-0.0354904 -0.000262893 0.0147599
-0.0359803 -0.000256052 0.0138374
-0.0364491 -0.000249831 0.0129293
-0.0368829 -0.000241402 0.0120291
-0.037263 -0.000231083 0.0111315
-0.0375694 -0.000219617 0.0102328
-0.0377848 -0.000207248 0.00933044
-0.0378956 -0.000194252 0.00842093
-0.0378955 -0.000181455 0.00749952
-0.0377861 -0.000171662 0.00656205
-0.0375737 -0.000170334 0.00560662
-0.037264 -0.000181625 0.00463246
-0.0368612 -0.000200596 0.00363878
-0.0363695 -0.000214557 0.00262613
-0.035793 -0.000215449 0.00159859
-0.0351361 -0.000207977 0.000563565
-0.0344048 -0.000205019 -0.000467229
-0.0336083 -0.000217459 -0.00147519
-0.0327601 -0.00024612 -0.00243919
-0.0318754 -0.000279039 -0.00334522
-0.0309653 -0.000300743 -0.00418979
-0.0300324 -0.000306814 -0.00497632
-0.0290722 -0.000305084 -0.00571207
-0.0280757 -0.00030396 -0.00640655
-0.0270339 -0.000306499 -0.00706695
-0.0259401 -0.000315475 -0.00769405
-0.0247904 -0.000334424 -0.00828308
-0.0235827 -0.00036066 -0.00882695
-0.0223179 -0.000386663 -0.00931944
-0.0209984 -0.000409891 -0.00975822
-0.0196263 -0.000432517 -0.0101479
-0.0182026 -0.000454964 -0.0104987
-0.0167277 -0.000475869 -0.0108201
-0.0152014 -0.000494508 -0.0111154
-0.0136245 -0.000512764 -0.0113814
-0.0120001 -0.000532207 -0.0116112
-0.010333 -0.000548843 -0.0117982
-0.00862743 -0.000559377 -0.0119382
-0.00688881 -0.000567509 -0.0120274
-0.00512621 -0.000576742 -0.0120605
-0.00335486 -0.000584283 -0.0120305
-0.00159465 -0.00058621 -0.0119297
0.00013389 -0.000583927 -0.0117522
0.00181523 -0.000582117 -0.0114957
0.00344193 -0.000583021 -0.011162
0.00501344 -0.000585313 -0.0107536
0.00653446 -0.000586312 -0.0102734
0.00801391 -0.000583702 -0.00972712
0.0094626 -0.000576151 -0.00912347
0.0108896 -0.000563911 -0.00847131
0.0122986 -0.000549551 -0.00777596
0.0136864 -0.000535576 -0.0070387
0.0150446 -0.00052201 -0.00625969
0.0163587 -0.000507301 -0.00543927
0.017608 -0.000489645 -0.00457772
0.01877 -0.000469607 -0.00367733
0.0198252 -0.000450563 -0.00274387
0.0207596 -0.000435636 -0.00178444
0.0215643 -0.000426779 -0.000805985
0.0222345 -0.000423831 0.00018416
0.0227675 -0.000422794 0.0011799
0.0231626 -0.000418864 0.00217817
0.023424 -0.000410949 0.00317806
0.0235631 -0.000401701 0.00418093
0.023595 -0.000394109 0.00519011
0.0235359 -0.000388459 0.00620745
0.0234032 -0.000382464 0.00723144
0.0232149 -0.000375041 0.00825687
0.0229862 -0.00036999 0.00927484
0.0227251 -0.000373179 0.0102767
0.0224311 -0.000385916 0.0112581
0.0220987 -0.000402373 0.0122183
0.0217205 -0.000413283 0.0131582
0.021289 -0.00041346 0.0140785
0.0207974 -0.000407679 0.0149795
0.0202387 -0.000406029 0.0158619
0.0196074 -0.000413153 0.0167285
0.0189006 -0.000425906 0.0175845
0.0181178 -0.000437809 0.0184358
0.017262 -0.000444396 0.0192865
0.0163397 -0.000447584 0.0201383
0.0153617 -0.000454608 0.0209904
0.0143407 -0.000471035 0.0218391
0.0132886 -0.000494988 0.0226797
0.0122154 -0.00051825 0.0235089
0.01113 -0.00053214 0.0243245
0.0100392 -0.000532865 0.0251249
0.00894798 -0.000524272 0.0259099
0.00785944 -0.000516521 0.0266805
0.00677557 -0.000518545 0.0274398
0.0056971 -0.000531571 0.028192
0.00462436 -0.000548956 0.0289407
0.0035566 -0.000559791 0.0296866
0.00249236 -0.000556048 0.0304296
0.00143191 -0.000539268 0.0311705
0.000377854 -0.000521447 0.0319108
-0.000666748 -0.000516494 0.0326513
-0.0017002 -0.000526453 0.0333912
-0.00272245 -0.000539408 0.0341306
-0.00373417 -0.000541458 0.0348703
-0.00473572 -0.000527984 0.0356105
-0.0057271 -0.000505795 0.0363506
-0.00670867 -0.000486295 0.0370895
-0.0076803 -0.000476573 0.0378254
-0.00863941 -0.000475394 0.0385553
-0.00957996 -0.000476294 0.0392734
-0.0104954 -0.000474144 0.0399722
-0.0113843 -0.00046736 0.0406466
-0.0122526 -0.000456066 0.0412972
-0.0131111 -0.0004412 0.0419304
-0.0139706 -0.00042527 0.0425551
-0.0148396 -0.000411532 0.043179
-0.0157217 -0.000399868 0.0438072
-0.0166157 -0.000386576 0.044442
-0.0175162 -0.000370344 0.0450833
-0.0184144 -0.00035401 0.0457299
-0.019298 -0.00033989 0.04638
-0.0201543 -0.000328808 0.0470319
-0.0209731 -0.000323434 0.0476838
-0.0217499 -0.000324558 0.0483337
-0.0224877 -0.000326115 0.0489758
-0.023194 -0.000320679 0.0495998
-0.023877 -0.000307204 0.0501919
-0.0245438 -0.000290667 0.0507371
-0.0251997 -0.0002757 0.0512209
-0.0258479 -0.000264098 0.0516303
-0.026487 -0.000254398 0.0519568
-0.027111 -0.000241948 0.0521973
-0.0277122 -0.000225932 0.0523542
-0.0282843 -0.000212451 0.0524361
-0.0288226 -0.000206719 0.052456
-0.0293228 -0.000206555 0.0524273
-0.029779 -0.00020679 0.0523602
-0.0301865 -0.000206019 0.0522606
-0.030544 -0.000204455 0.0521318
-0.0308546 -0.000201449 0.0519744
-0.0311247 -0.00019792 0.0517868
-0.0313626 -0.00019552 0.0515649
-0.0315761 -0.000193525 0.0513024
-0.0317704 -0.000190927 0.0509917
-0.0319491 -0.000189828 0.050626
-0.0321139 -0.000191854 0.0502033
-0.0322658 -0.000194584 0.0497252
-0.0324063 -0.000195554 0.0491956
-0.0325364 -0.000194761 0.0486195
-0.0326559 -0.000192693 0.048004
-0.0327641 -0.00019085 0.0473561
-0.0328609 -0.000192493 0.0466812
-0.0329463 -0.000199898 0.0459819
-0.03302 -0.000212177 0.045259
-0.0330835 -0.000227327 0.0445113
-0.0331402 -0.000243848 0.0437345
-0.0331946 -0.000258945 0.0429217
-0.0332518 -0.000268813 0.042066
-0.0333169 -0.000271954 0.0411602
-0.0333955 -0.000271143 0.0401974
-0.0334929 -0.000270141 0.0391725
-0.0336141 -0.000269264 0.0380824
-0.0337612 -0.000268355 0.0369251
-0.0339322 -0.000269317 0.035698
-0.0341222 -0.00027209 0.0343982
-0.0343261 -0.000275855 0.0330225
-0.0345381 -0.000282586 0.0315687
-0.0347516 -0.000292378 0.0300373
-0.0349599 -0.00030062 0.0284311
-0.0351558 -0.000303223 0.0267538
-0.0353324 -0.000300254 0.0250099
-0.0354831 -0.000294654 0.0232031
-0.0356021 -0.000290554 0.0213366
-0.0356854 -0.000290044 0.0194149
-0.0357294 -0.000290961 0.0174452
-0.0357305 -0.0002903 0.0154368
-0.0356851 -0.000285536 0.0133997
-0.0355891 -0.00027425 0.0113432
-0.0354366 -0.000258984 0.00927575
-0.035221 -0.000248184 0.0072063
-0.0349368 -0.00024788 0.00514484
-0.0345808 -0.000256089 0.00309884
-0.034154 -0.00026645 0.00107193
-0.0336598 -0.000273118 -0.000934577
-0.0331039 -0.000272174 -0.00292022
-0.0324919 -0.000262585 -0.00488547
-0.0318265 -0.000244566 -0.00683107
-0.0311074 -0.000219489 -0.00875687
-0.0303338 -0.000193985 -0.0106636
-0.0295052 -0.000177655 -0.0125546
-0.0286213 -0.000175147 -0.0144346
-0.0276838 -0.000181721 -0.0163073
-0.0266973 -0.000184717 -0.0181747
-0.0256704 -0.00017221 -0.0200366
-0.0246134 -0.000142924 -0.0218904
-0.0235364 -0.000105611 -0.0237317
-0.0224494 -6.96677e-05 -0.0255535
-0.021362 -3.80291e-05 -0.0273465
-0.0202827 -8.81235e-06 -0.0290992
-0.0192184 1.99617e-05 -0.0308003
-0.0181725 4.79339e-05 -0.0324386
-0.0171431 7.15856e-05 -0.0340029
-0.0161243 8.79373e-05 -0.0354821
-0.0151084 9.89921e-05 -0.0368667
-0.0140886 0.000111473 -0.0381501
-0.0130613 0.000131728 -0.0393278
-0.0120275 0.000158557 -0.0403968
-0.0109895 0.000183459 -0.0413555
-0.00994978 0.000200018 -0.0422038
-0.00891043 0.000209483 -0.0429425
-0.00787316 0.000215794 -0.0435762
-0.00683945 0.000221114 -0.0441138
-0.00581148 0.000227519 -0.0445663
-0.004792 0.000236038 -0.0449463
-0.00378442 0.000244776 -0.0452665
-0.00279116 0.00025101 -0.0455381
-0.00181108 0.000252607 -0.0457671
-0.000840343 0.000249506 -0.0459528
0.000124693 0.000246157 -0.0460883
0.00108675 0.000248018 -0.0461643
0.00204818 0.000256198 -0.0461733
0.00301097 0.000267852 -0.0461097
0.0039768 0.000278531 -0.0459691
0.00494783 0.000283623 -0.0457469
0.0059271 0.000280316 -0.0454397
0.00691844 0.000268774 -0.0450466
0.00792584 0.000251343 -0.0445689
0.00895312 0.000230961 -0.0440096
0.0100036 0.000209919 -0.0433715
0.0110782 0.000190211 -0.0426576
0.0121741 0.000173103 -0.0418715
0.0132866 0.000158744 -0.0410171
0.0144096 0.000147674 -0.0400989
0.0155356 0.000140053 -0.0391209
0.0166573 0.000133733 -0.0380863
0.0177704 0.000125116 -0.0369972
0.0188739 0.000112797 -0.0358531
0.0199685 9.82732e-05 -0.0346506
0.0210529 8.22084e-05 -0.0333864
0.0221232 6.3826e-05 -0.0320563
0.0231739 4.35777e-05 -0.0306557
0.0241969 2.33025e-05 -0.0291804
0.0251826 4.03219e-06 -0.0276293
0.0261228 -1.39104e-05 -0.0260042
0.0270106 -3.01557e-05 -0.0243091
0.0278409 -4.5364e-05 -0.0225489
0.0286102 -6.02072e-05 -0.0207289
0.0293182 -7.29412e-05 -0.0188544
0.0299648 -8.20421e-05 -0.0169309
0.0305485 -9.0577e-05 -0.0149639
0.0310676 -0.000103632 -0.0129595
0.0315205 -0.000122039 -0.010925
0.0319074 -0.000139734 -0.00886887
0.0322311 -0.000147628 -0.00680066
0.032496 -0.000141276 -0.00473209
0.0327062 -0.000125101 -0.00267689
0.0328634 -0.000108129 -0.000649679
0.0329708 -9.67366e-05 0.00133638
0.0330356 -9.29267e-05 0.00327225
0.0330689 -9.58782e-05 0.00515352
0.0330816 -0.000103418 0.00697886
0.0330824 -0.000112756 0.00874873
0.0330773 -0.000118395 0.0104648
0.0330696 -0.000112564 0.0121286
0.0330599 -9.28453e-05 0.0137408
0.0330441 -6.63361e-05 0.0152997
0.0330144 -4.3384e-05 0.0168027
0.0329618 -3.0629e-05 0.0182477
0.0328759 -2.9186e-05 0.0196342
0.0327461 -3.49356e-05 0.0209637
0.0325647 -4.16893e-05 0.0222376
0.0323285 -4.51836e-05 0.0234556
0.032037 -4.42744e-05 0.0246157
0.0316885 -4.06663e-05 0.025713
0.0312799 -3.75489e-05 0.0267413
0.0308083 -3.78281e-05 0.0276975
0.0302722 -4.23821e-05 0.0285806
0.0296728 -4.99228e-05 0.0293907
0.0290126 -5.94269e-05 0.0301275
0.0282935 -7.07164e-05 0.0307902
0.0275184 -8.35239e-05 0.0313771
0.0266897 -9.76284e-05 0.0318858
0.0258082 -0.000113157 0.0323129
0.0248736 -0.000130929 0.0326545
0.0238846 -0.000151887 0.0329066
0.0228395 -0.00017592 0.0330657
0.0217376 -0.000201265 0.0331295
0.0205796 -0.000225534 0.0330965
0.0193675 -0.000247383 0.032965
0.0181035 -0.000266991 0.0327343
0.0167913 -0.000287005 0.0324051
0.0154357 -0.000311594 0.0319783
0.0140415 -0.000342189 0.0314551
0.0126121 -0.000375788 0.0308374
0.0111499 -0.000408168 0.0301274
0.00965783 -0.00043751 0.0293267
0.00814094 -0.000463922 0.0284373
0.00660682 -0.000487544 0.0274625
0.00506298 -0.000508923 0.0264074
0.00351441 -0.000529014 0.0252776
0.00196374 -0.000549015 0.0240794
0.000411542 -0.000571504 0.0228178
-0.0011444 -0.000597729 0.0214968
-0.00270944 -0.000623365 0.0201198
-0.00429011 -0.000642949 0.0186899
-0.00589185 -0.000655265 0.0172097
-0.0075182 -0.000661488 0.0156822
-0.00917019 -0.000662904 0.0141107
-0.0108467 -0.000659881 0.0124983
-0.0125455 -0.000651806 0.0108478
-0.0142645 -0.000638909 0.00916236
-0.0160014 -0.000622463 0.00744593
-0.0177525 -0.000602097 0.00570356
-0.0195148 -0.000573985 0.00394195
-0.0212875 -0.000533462 0.00216833
-0.0230706 -0.000480972 0.000388868
-0.0248657 -0.000422652 -0.00139117
-0.0266751 -0.000364887 -0.00316698
-0.0285013 -0.000310536 -0.00493502
-0.0303466 -0.000258095 -0.00669383
-0.0322129 -0.000203854 -0.00844339
-0.0341007 -0.000144617 -0.0101846
-0.0360088 -7.83227e-05 -0.0119192
-0.037935 -4.37714e-06 -0.0136485
-0.0398751 7.54103e-05 -0.0153703
-0.0418229 0.000156221 -0.01708
-0.0437699 0.000232676 -0.018773
-0.0457065 0.000302665 -0.0204458
-0.0476241 0.00036769 -0.0220952
-0.0495152 0.000431672 -0.0237183
-0.0513727 0.000498906 -0.0253137
-0.0531888 0.000570319 -0.0268812
-0.0549562 0.000641794 -0.0284205
-0.0566687 0.000707882 -0.0299302
-0.0583203 0.000766263 -0.0314086
-0.0599046 0.000818188 -0.0328551
-0.0614143 0.000867415 -0.0342697
-0.0628417 0.000918069 -0.0356526
-0.0641802 0.000972121 -0.0370049
-0.0654261 0.00102887 -0.0383276
-0.0665765 0.00108529 -0.0396213
-0.0676291 0.00113688 -0.0408851
-0.0685836 0.00118044 -0.0421179
-0.0694412 0.00121637 -0.0433177
-0.0702055 0.00124726 -0.0444821
-0.0708829 0.00127548 -0.04561
-0.0714808 0.00130338 -0.0467021
-0.0720062 0.00133241 -0.0477618
-0.0724648 0.00136117 -0.0487927
-0.0728603 0.00138757 -0.0497955
-0.0731943 0.00141149 -0.0507684
-0.0734673 0.00143362 -0.0517065
-0.0736787 0.0014546 -0.0526028
-0.073827 0.00147465 -0.0534511
-0.0739102 0.00149282 -0.0542465
-0.0739265 0.00150831 -0.0549836
-0.0738746 0.00152066 -0.0556557
-0.0737528 0.00152915 -0.0562553
-0.0735585 0.0015338 -0.0567741
-0.0732895 0.00153539 -0.0572045
-0.0729439 0.00153427 -0.0575397
-0.0725205 0.00152948 -0.0577758
-0.0720197 0.00151932 -0.0579118
-0.0714437 0.00150315 -0.0579483
-0.0707963 0.00148259 -0.0578865
-0.0700836 0.00146013 -0.0577283
-0.0693112 0.00143695 -0.0574767
-0.0684825 0.0014129 -0.0571361
-0.0675983 0.00138773 -0.0567112
-0.0666575 0.00136182 -0.0562046
-0.0656582 0.00133529 -0.0556168
-0.0645967 0.00130713 -0.0549464
-0.0634678 0.00127624 -0.0541911
-0.0622669 0.00124166 -0.0533496
-0.0609915 0.00120236 -0.0524211
-0.0596409 0.00115802 -0.0514059
-0.0582172 0.00110939 -0.0503063
-0.0567248 0.00105805 -0.0491263
-0.0551676 0.0010063 -0.047871
-0.0535488 0.000956378 -0.0465467
-0.0518721 0.000908676 -0.0451588
-0.0501419 0.000861904 -0.0437112
-0.0483628 0.000814835 -0.0422067
-0.0465394 0.000766069 -0.0406468
-0.0446763 0.000713324 -0.0390332
-0.0427781 0.000655113 -0.0373691
-0.0408489 0.000592655 -0.0356589
-0.0388914 0.000528643 -0.0339064
-0.0369067 0.000465368 -0.0321151
-0.0348945 0.000404112 -0.0302871
-0.0328542 0.000343584 -0.0284229
-0.0307856 0.000279164 -0.0265213
-0.0286894 0.000205822 -0.0245808
-0.0265669 0.000121848 -0.0225993
-0.0244195 2.93872e-05 -0.020577
-0.0222479 -6.67907e-05 -0.0185168
-0.0200534 -0.000161112 -0.0164236
-0.0178385 -0.000249572 -0.0143032
-0.0156063 -0.000330586 -0.0121603
-0.0133605 -0.000404872 -0.00999974
-0.0111047 -0.000475035 -0.00782613
-0.00884195 -0.000544015 -0.00564364
-0.00657402 -0.000611613 -0.00345558
-0.0043025 -0.000670915 -0.00126586
-0.00203025 -0.000708443 0.000919821
0.000239118 -0.000714483 0.00309405
0.00250334 -0.000695737 0.00524845
0.00476121 -0.000667916 0.00737498
0.00701034 -0.000637788 0.00946707
0.00924619 -0.000601016 0.0115196
0.0114632 -0.000554203 0.013529
0.0136571 -0.000500641 0.015493
0.0158264 -0.00044522 0.0174091
0.0179726 -0.000390042 0.019274
0.0200984 -0.00033442 0.0210851
0.0222056 -0.000276707 0.0228396
0.0242947 -0.000215513 0.0245346
0.0263672 -0.000150838 0.0261669
0.0284247 -8.46856e-05 0.0277336
0.0304667 -1.90985e-05 0.0292329
0.032491 4.52294e-05 0.0306635
0.0344921 0.000107638 0.0320247
0.0364618 0.000167402 0.0333161
0.0383911 0.000225128 0.0345396
0.0402728 0.000281951 0.0356981
0.0421028 0.000338606 0.0367958
0.0438796 0.000395721 0.0378359
0.0456048 0.000453757 0.0388215
0.0472817 0.000511658 0.0397555
0.0489124 0.000566004 0.0406422
0.0504984 0.000614477 0.0414862
0.0520414 0.000659386 0.0422909
0.0535411 0.000705292 0.0430579
0.0549955 0.000753643 0.043786
0.0564008 0.000801565 0.0444712
0.0577527 0.00084565 0.0451085
0.0590472 0.000884548 0.0456942
0.0602796 0.000918654 0.0462269
0.0614451 0.000949967 0.046709
0.0625397 0.000981174 0.0471457
0.0635606 0.00101384 0.0475445
0.0645058 0.00104738 0.0479128
0.0653741 0.00107943 0.0482564
0.0661655 0.00110856 0.0485776
0.0668811 0.00113566 0.048876
0.0675218 0.00116194 0.0491509
0.0680884 0.00118706 0.0494019
0.0685808 0.00120972 0.0496298
0.0689984 0.00122859 0.0498353
0.0693408 0.00124209 0.0500184
0.0696082 0.00124924 0.0501791
0.0698013 0.00125096 0.0503191
0.0699219 0.00124902 0.0504404
0.0699738 0.00124436 0.0505451
0.0699616 0.00123804 0.0506344
0.0698902 0.00123297 0.0507077
0.0697625 0.00123143 0.0507634
0.0695797 0.00123242 0.0507996
0.0693412 0.00123309 0.0508146
0.0690451 0.00123041 0.0508073
0.0686895 0.00122223 0.0507771
0.0682731 0.00120932 0.0507242
0.0677954 0.00119473 0.05065
0.0672562 0.00118044 0.0505556
0.0666548 0.00116569 0.0504413
0.0659912 0.00114811 0.0503062
0.0652672 0.00112576 0.0501494
0.0644874 0.00109932 0.0499691
0.0636578 0.00107183 0.0497638
0.0627843 0.00104683 0.0495325
0.0618714 0.00102582 0.0492749
0.060922 0.00100696 0.0489913
0.0599382 0.000986204 0.0486827
0.0589208 0.000960094 0.0483514
0.0578697 0.000928224 0.0479999
0.0567842 0.000892951 0.0476315
0.0556629 0.000857592 0.0472482
0.0545043 0.000824934 0.0468519
0.0533068 0.000795088 0.0464436
0.052068 0.000765473 0.0460241
0.0507859 0.000733471 0.0455938
0.0494599 0.000697677 0.0451528
0.0480911 0.000658435 0.0447011
0.0466837 0.000617733 0.0442396
0.0452441 0.00057816 0.0437701
0.04378 0.000541019 0.0432932
0.0423 0.00050559 0.042808
0.0408127 0.000471756 0.0423133
0.0393256 0.000439723 0.0418082
0.0378449 0.000407298 0.0412926
0.036373 0.000371999 0.040768
0.0349097 0.00033412 0.0402368
0.0334535 0.00029534 0.0397017
0.0320022 0.00025633 0.0391645
0.0305537 0.00021739 0.0386264
0.0291058 0.000179509 0.0380878
0.0276561 0.000142486 0.0375477
0.026203 0.000105031 0.037003
0.0247463 6.67203e-05 0.0364487
0.0232876 2.80188e-05 0.0358782
0.0218309 -1.03219e-05 0.0352861
0.0203826 -4.87887e-05 0.0346685
0.0189489 -8.84844e-05 0.0340234
0.0175352 -0.000128504 0.0333486
0.0161441 -0.00016624 0.0326423
0.0147752 -0.000200426 0.0319029
0.0134248 -0.000232493 0.0311285
0.0120876 -0.000265333 0.030317
0.0107595 -0.000301615 0.0294667
0.00943768 -0.000341374 0.0285756
0.00811981 -0.000381514 0.0276426
0.00680402 -0.000418433 0.0266675
0.00548893 -0.000450443 0.0256494
0.00417353 -0.000478211 0.0245879
0.0028571 -0.000503852 0.0234828
0.00153913 -0.000529438 0.0223343
0.00021959 -0.00055518 0.0211432
-0.00110062 -0.000580019 0.0199109
-0.0024186 -0.000601689 0.0186413
-0.00372915 -0.000617047 0.0173398
-0.00502619 -0.000626317 0.016012
-0.00630302 -0.000632803 0.014662
-0.00755229 -0.000638925 0.0132916
-0.00876698 -0.000644748 0.0119017
-0.00994184 -0.000648843 0.0104934
-0.0110739 -0.000649609 0.00906802
-0.0121619 -0.00064584 0.00762681
-0.0132059 -0.000637438 0.00617195
-0.0142066 -0.00062574 0.0047068
-0.0151646 -0.000612432 0.00323477
-0.0160815 -0.000597206 0.00175793
-0.0169598 -0.00057868 0.000277593
-0.0178031 -0.000557151 -0.00120476
-0.0186156 -0.000534042 -0.00268699
-0.019402 -0.000510543 -0.00416627
-0.0201664 -0.000487084 -0.00564005
-0.0209129 -0.000462929 -0.0071058
-0.021645 -0.000435912 -0.00855978
-0.0223656 -0.000404169 -0.00999777
-0.0230768 -0.000369105 -0.0114162
-0.0237796 -0.000333692 -0.0128121
-0.0244748 -0.000299238 -0.0141825
-0.025161 -0.000265282 -0.0155251
-0.0258355 -0.00023091 -0.0168373
-0.0264954 -0.000196204 -0.0181164
-0.0271373 -0.000161814 -0.0193603
-0.0277594 -0.000128352 -0.0205677
-0.0283606 -9.63044e-05 -0.0217383
-0.0289402 -6.47549e-05 -0.0228727
-0.0294974 -3.22607e-05 -0.0239718
-0.0300317 5.79375e-07 -0.0250372
-0.0305418 3.12832e-05 -0.0260703
-0.0310257 5.80318e-05 -0.0270718
-0.0314809 8.0956e-05 -0.0280423
-0.0319035 0.000101622 -0.0289824
-0.0322882 0.000122584 -0.0298919
-0.0326303 0.000145666 -0.0307698
-0.0329279 0.000170515 -0.031615
-0.0331817 0.000196065 -0.0324258
-0.0333941 0.000222081 -0.0331997
-0.0335682 0.000247995 -0.0339339
-0.033707 0.000271169 -0.0346254
-0.0338123 0.000288718 -0.0352714
-0.0338839 0.000300507 -0.0358693
-0.0339216 0.000308553 -0.0364179
-0.0339269 0.000315456 -0.0369174
-0.033901 0.000323685 -0.0373683
-0.0338442 0.000334307 -0.0377715
-0.0337557 0.000346234 -0.0381283
-0.0336332 0.00035662 -0.038441
-0.0334737 0.000362917 -0.0387112
-0.0332734 0.000364987 -0.0389374
-0.0330277 0.000364458 -0.0391156
-0.0327321 0.000362628 -0.0392391
-0.0323827 0.000359674 -0.0393013
-0.0319759 0.000355068 -0.039297
-0.0315084 0.000347973 -0.0392237
-0.0309769 0.000337825 -0.0390807
-0.0303783 0.000325138 -0.0388683
-0.0297105 0.000310857 -0.0385867
-0.0289726 0.000295096 -0.0382359
-0.0281643 0.000277187 -0.0378149
-0.0272865 0.000255642 -0.037322
-0.0263407 0.000228898 -0.0367553
-0.0253286 0.000197202 -0.0361118
-0.0242525 0.000161995 -0.0353889
-0.0231155 0.000124495 -0.0345838
-0.0219229 8.64564e-05 -0.0336932
-0.0206816 4.99859e-05 -0.0327141
-0.0193996 1.62459e-05 -0.031644
-0.0180842 -1.4641e-05 -0.0304811
-0.0167416 -4.44947e-05 -0.0292232
-0.015377 -7.75669e-05 -0.0278693
-0.0139942 -0.000117787 -0.0264194
-0.012596 -0.000165565 -0.0248735
-0.011186 -0.000217384 -0.0232325
-0.00976848 -0.000268708 -0.0214994
-0.00834833 -0.000317398 -0.019679
-0.00693091 -0.000364373 -0.0177767
-0.00552205 -0.000411492 -0.0157992
-0.00412795 -0.000459941 -0.0137556
-0.00275426 -0.00050985 -0.0116569
-0.00140476 -0.000559616 -0.00951544
-8.11133e-05 -0.0006053 -0.00734451
0.00121599 -0.000639804 -0.0051571
0.00248527 -0.000656472 -0.00296437
0.00372571 -0.000657405 -0.000774066
0.00493804 -0.00065311 0.00140782
0.00612241 -0.000649832 0.00357617
0.00727745 -0.000643224 0.0057271
0.00840256 -0.000627092 0.00785658
0.00949842 -0.000601782 0.00996091
0.0105665 -0.000573021 0.0120381
0.0116087 -0.000546036 0.0140869
0.0126257 -0.000521812 0.0161057
0.0136168 -0.000498184 0.0180926
0.0145808 -0.000472135 0.0200456
0.0155161 -0.000441765 0.0219626
0.0164208 -0.000407924 0.0238418
0.0172936 -0.000373422 0.0256822
0.0181352 -0.000340681 0.0274834
0.0189482 -0.000310296 0.0292453
0.0197356 -0.000281065 0.0309667
0.0204991 -0.000251504 0.0326458
0.0212386 -0.000221179 0.0342806
0.0219533 -0.000189572 0.0358691
0.0226425 -0.000155942 0.0374091
0.023305 -0.000121008 0.0388981
0.0239398 -8.68577e-05 0.0403343
0.0245451 -5.56756e-05 0.0417196
0.025118 -2.8401e-05 0.0430576
0.0256545 -4.58095e-06 0.0443513
0.0261511 1.72354e-05 0.045602
0.0266065 3.91188e-05 0.0468092
0.0270198 6.23104e-05 0.0479707
0.0273913 8.60587e-05 0.0490823
0.0277223 0.000108251 0.050139
0.0280149 0.000127108 0.0511364
0.0282722 0.000142015 0.0520711
0.0284962 0.000154152 0.0529408
0.0286877 0.000165778 0.0537434
0.0288474 0.000177571 0.0544772
0.028976 0.000188304 0.0551413
0.0290741 0.000196729 0.0557362
0.0291416 0.000202374 0.0562644
0.0291763 0.000205981 0.0567282
0.0291754 0.000208862 0.0571289
0.0291367 0.000211401 0.0574679
0.0290593 0.000212946 0.0577473
0.0289443 0.000212012 0.0579703
0.028793 0.000207603 0.0581418
0.0286054 0.000201079 0.0582658
0.0283804 0.000194878 0.0583455
0.0281175 0.000190293 0.0583856
0.0278165 0.000187223 0.0583906
0.0274786 0.000183847 0.0583645
0.027106 0.000176885 0.0583107
0.0267007 0.000164343 0.058231
0.0262654 0.000147663 0.0581266
0.0258042 0.00013062 0.0579976
0.0253221 0.000117031 0.0578429
0.0248242 0.000108306 0.0576612
0.0243141 0.000102503 0.0574497
0.0237925 9.66211e-05 0.0572028
0.0232587 8.86541e-05 0.0569139
0.0227106 7.77194e-05 0.056576
0.0221449 6.32145e-05 0.0561799
0.0215594 4.4407e-05 0.0557155
0.0209531 2.20122e-05 0.0551739
0.0203258 -1.49257e-06 0.0545479
0.0196771 -2.40561e-05 0.053832
0.0190072 -4.51375e-05 0.0530234
0.0183158 -6.5564e-05 0.0521214
0.0176028 -8.6328e-05 0.0511258
0.0168683 -0.000107047 0.0500367
0.0161112 -0.000127326 0.0488555
0.0153301 -0.000148044 0.0475852
0.0145231 -0.000169939 0.0462292
0.0136885 -0.000192808 0.0447919
0.0128257 -0.000216171 0.0432793
0.011935 -0.000240381 0.0417001
0.0110178 -0.00026593 0.0400643
0.0100765 -0.000292632 0.0383825
0.00911417 -0.000321188 0.036665
0.00813412 -0.000352733 0.0349204
0.0071394 -0.000386373 0.0331562
0.00613292 -0.000419516 0.0313791
0.00511756 -0.000450359 0.0295954
0.00409681 -0.000479225 0.0278106
0.00307417 -0.000507853 0.0260304
0.00205309 -0.000537493 0.02426
0.00103769 -0.000567944 0.0225044
3.2114e-05 -0.000597719 0.0207675
-0.000959462 -0.000623705 0.0190518
-0.00193279 -0.000643397 0.0173593
-0.00288386 -0.000657593 0.0156894
-0.00380861 -0.000668476 0.0140392
-0.00470341 -0.000677836 0.0124054
-0.0055658 -0.000686449 0.010786
-0.00639441 -0.000693475 0.00918108
-0.00718841 -0.000697172 0.00759133
-0.00794687 -0.000696451 0.00601787
-0.00866909 -0.000691878 0.0044627
-0.00935444 -0.000684191 0.00292905
-0.0100021 -0.000673317 0.00142161
-0.0106113 -0.000659629 -5.46491e-05
-0.0111816 -0.000644199 -0.00149487
-0.0117137 -0.000626937 -0.00289357
-0.0122094 -0.000607271 -0.00424447
-0.0126717 -0.000586338 -0.00554202
-0.013104 -0.000565459 -0.00678269
-0.0135108 -0.000544539 -0.00796422
-0.0138969 -0.000522959 -0.00908493
-0.0142659 -0.000500869 -0.0101437
-0.0146208 -0.000479465 -0.0111398
-0.0149633 -0.00045958 -0.0120728
-0.0152933 -0.000440891 -0.0129431
-0.0156093 -0.000423504 -0.0137518
-0.0159096 -0.000407913 -0.0145002
-0.0161921 -0.000393279 -0.015189
-0.0164539 -0.000378583 -0.0158204
-0.0166919 -0.000364993 -0.0163971
-0.0169032 -0.000354515 -0.0169222
-0.0170853 -0.000347375 -0.0173985
-0.017236 -0.000342055 -0.0178276
-0.0173541 -0.000336203 -0.0182108
-0.01744 -0.00032902 -0.0185495
-0.0174939 -0.000322182 -0.0188454
-0.0175165 -0.000317683 -0.0191011
-0.0175093 -0.000316517 -0.0193198
-0.0174727 -0.000317874 -0.0195035
-0.0174075 -0.000319613 -0.0196515
-0.0173163 -0.000320512 -0.0197611
-0.0172026 -0.000321307 -0.0198297
-0.0170699 -0.000323153 -0.0198555
-0.0169215 -0.00032601 -0.0198372
-0.0167587 -0.000329149 -0.0197746
-0.0165815 -0.000332743 -0.0196681
-0.0163887 -0.000337427 -0.0195185
-0.0161789 -0.000342544 -0.0193276
-0.0159504 -0.000347305 -0.019097
-0.0157022 -0.000352292 -0.018828
-0.0154343 -0.000358961 -0.0185209
-0.0151472 -0.000369102 -0.0181759
-0.014841 -0.000383095 -0.0177928
-0.0145149 -0.000398881 -0.0173718
-0.0141689 -0.000413899 -0.0169127
-0.0138039 -0.00042653 -0.016414
-0.0134207 -0.000436795 -0.0158727
-0.0130197 -0.00044688 -0.0152859
-0.0126005 -0.000459725 -0.0146503
-0.012163 -0.00047616 -0.0139636
-0.0117061 -0.000494175 -0.0132251
-0.0112293 -0.000511076 -0.0124362
-0.0107327 -0.000525905 -0.0116009
-0.0102176 -0.000539958 -0.0107244
-0.009685 -0.000554653 -0.00981328
-0.00913579 -0.00057061 -0.00887271
-0.00857004 -0.000587808 -0.00790465
-0.00798823 -0.0006047 -0.00690935
-0.00739172 -0.000619961 -0.00588699
-0.00678151 -0.000633981 -0.00483786
-0.00615733 -0.000647064 -0.00376271
-0.00551832 -0.000658894 -0.00266224
-0.00486421 -0.000669213 -0.00153739
-0.00419572 -0.000678084 -0.000390991
-0.00351405 -0.000686023 0.000773058
-0.00282114 -0.000692997 0.00195095
-0.00211996 -0.000697815 0.00313773
-0.00141342 -0.000699715 0.00432807
-0.000704161 -0.00069954 0.00551685
4.88202e-06 -0.000698434 0.00669823
0.000711023 -0.000696633 0.0078663
0.00141204 -0.000693455 0.00901595
0.00210523 -0.000688104 0.0101424
0.00278763 -0.00068078 0.0112412
0.00345623 -0.000672032 0.0123078
0.00410784 -0.000662043 0.0133376
0.00474001 -0.000650957 0.0143259
0.00535048 -0.00063884 0.0152688
0.00593702 -0.000625917 0.0161623
0.00649916 -0.000613063 0.0170033
0.00703787 -0.00060095 0.0177898
0.00755426 -0.000589625 0.0185202
0.00804958 -0.000579081 0.0191927
0.0085253 -0.000569321 0.0198054
0.00898307 -0.000560437 0.0203567
0.00942435 -0.000551502 0.0208448
0.00984971 -0.000541166 0.0212679
0.0102588 -0.000529849 0.0216249
0.010651 -0.000519626 0.0219154
0.0110261 -0.000512422 0.0221389
0.0113847 -0.000507752 0.0222941
0.0117282 -0.000503342 0.0223795
0.0120585 -0.000498308 0.0223943
0.0123769 -0.000493762 0.0223376
0.0126839 -0.000490683 0.0222088
0.0129793 -0.000489177 0.0220083
0.013263 -0.000488662 0.0217375
0.0135359 -0.000488246 0.0213983
0.013799 -0.000487772 0.020993
0.0140534 -0.000488106 0.0205236
0.0143004 -0.000489739 0.0199927
0.0145403 -0.000491789 0.0194031
0.0147723 -0.000493487 0.0187576
0.0149951 -0.000494584 0.0180587
0.0152074 -0.000495161 0.0173085
0.0154086 -0.000496307 0.0165084
0.0155987 -0.000498464 0.0156586
0.0157775 -0.000500708 0.0147579
0.0159449 -0.000502425 0.0138054
0.0161008 -0.000503236 0.0128019
0.0162451 -0.000503484 0.0117491
0.016378 -0.00050479 0.0106492
0.0164988 -0.000508112 0.00950516
0.0166058 -0.000512837 0.0083199
0.0166976 -0.000517617 0.00709652
0.0167724 -0.000520972 0.00583985
0.0168275 -0.000522122 0.00455653
0.0168594 -0.000521882 0.00325395
0.0168647 -0.000521383 0.00194009
0.0168406 -0.000520069 0.000624251
0.0167859 -0.000516337 -0.000684168
0.0166993 -0.000510241 -0.00197671
0.0165802 -0.000503448 -0.00324557
0.0164296 -0.000497455 -0.00448411
0.0162505 -0.000491996 -0.00568735
0.0160478 -0.000484991 -0.00685168
0.015827 -0.000476138 -0.00797436
0.0155926 -0.000466945 -0.00905302
0.0153476 -0.000458328 -0.0100859
0.0150942 -0.000450808 -0.011072
0.0148336 -0.000444304 -0.0120106
0.0145669 -0.000437592 -0.0128999
0.014295 -0.000429286 -0.0137385
0.0140183 -0.000420395 -0.0145255
0.0137371 -0.000413401 -0.0152601
0.0134517 -0.000408846 -0.0159411
0.0131612 -0.000405231 -0.0165672
0.0128648 -0.000400838 -0.0171365
0.0125619 -0.000395728 -0.017648
0.0122515 -0.000391381 -0.0181012
0.0119311 -0.000388757 -0.0184973
0.0115974 -0.000387899 -0.0188378
0.0112468 -0.000388368 -0.0191236
0.0108758 -0.000389689 -0.0193556
0.0104814 -0.000391716 -0.019533
0.0100611 -0.000395111 -0.0196543
0.00961354 -0.000400389 -0.0197175
0.00913833 -0.000406921 -0.0197208
0.00863485 -0.00041418 -0.0196629
0.00810254 -0.000421857 -0.0195426
0.00754077 -0.000429569 -0.0193597
0.00694903 -0.000437373 -0.019115
0.00632804 -0.00044546 -0.01881
0.00567942 -0.000453877 -0.0184461
0.00500544 -0.000463174 -0.0180244
0.00430862 -0.000474241 -0.0175452
0.00359112 -0.000487038 -0.0170079
0.00285601 -0.000501306 -0.0164118
0.00210739 -0.000516668 -0.0157569
0.00134913 -0.000532417 -0.0150434
0.000584666 -0.000548453 -0.0142724
-0.000182372 -0.000564612 -0.0134449
