-5.56857e-06 -0.000311713 -4.34448e-06
-2.66144e-05 -0.000312163 -2.01252e-05
-6.36996e-05 -0.000311411 -4.59813e-05
-0.00010921 -0.00030974 -7.38075e-05
-0.000158003 -0.000309085 -9.79527e-05
-0.000208569 -0.00031033 -0.000116041
-0.000260868 -0.000311709 -0.000126221
-0.000314617 -0.000311919 -0.00012714
-0.000369328 -0.000311966 -0.00012011
-0.000426224 -0.000311293 -0.000108932
-0.000486676 -0.000309081 -9.74284e-05
-0.000550454 -0.000308129 -8.78362e-05
-0.000616834 -0.000310811 -8.10136e-05
-0.000683396 -0.000314374 -7.7141e-05
-0.000746248 -0.000314952 -7.63013e-05
-0.000805265 -0.000313089 -7.98445e-05
-0.000865666 -0.000310922 -9.19235e-05
-0.000931235 -0.000309374 -0.000116509
-0.000998252 -0.00030954 -0.000153622
-0.00105857 -0.000310654 -0.000200281
-0.00110538 -0.00031132 -0.000251114
-0.00113367 -0.000312667 -0.000299798
-0.00114146 -0.000314516 -0.000342797
-0.00113092 -0.000314645 -0.000379305
-0.00110373 -0.000313075 -0.000408704
-0.00105912 -0.000311832 -0.000430099
-0.000997067 -0.000311464 -0.000444343
-0.000919238 -0.000310848 -0.000456086
-0.000826431 -0.000310181 -0.000472161
-0.000719198 -0.000310973 -0.000497903
-0.000599673 -0.000312929 -0.000535489
-0.000470177 -0.00031391 -0.000584821
-0.000331617 -0.000313306 -0.000644832
-0.000183799 -0.000312425 -0.000714293
-2.7278e-05 -0.000311326 -0.000792088
0.000136835 -0.000309591 -0.000875781
0.000307114 -0.000310023 -0.000960995
0.000479736 -0.000313482 -0.00104403
0.000646842 -0.000315561 -0.00112335
0.000797531 -0.000314726 -0.00119826
0.000923577 -0.000313272 -0.00126784
0.00102521 -0.000311861 -0.00133101
0.00111107 -0.000309753 -0.00138665
0.0011938 -0.000308282 -0.00143354
0.00128345 -0.000309676 -0.00147111
0.00138387 -0.000312884 -0.0015009
0.00149659 -0.000315575 -0.00152483
0.00162426 -0.000316756 -0.00154202
0.00176994 -0.000315898 -0.00154825
0.00193643 -0.000314451 -0.00153822
0.00212553 -0.000313959 -0.00150928
0.0023365 -0.000312089 -0.00146233
0.00256553 -0.000307734 -0.0013987
0.0028076 -0.000304671 -0.00131879
0.00305907 -0.000305421 -0.00122328
0.0033175 -0.000308009 -0.00111367
0.00357847 -0.000310282 -0.000993719
0.00383462 -0.000311584 -0.000868613
0.00407964 -0.00031102 -0.000741604
0.0043116 -0.000309153 -0.000615264
0.00453017 -0.000308023 -0.000493979
0.00473312 -0.000306846 -0.000382363
0.00491813 -0.000303929 -0.000284429
0.00508621 -0.000301233 -0.000203619
0.00524045 -0.000300429 -0.000140894
0.0053819 -0.000299083 -9.4342e-05
0.00550858 -0.000295066 -6.02041e-05
0.00561626 -0.000290668 -3.45e-05
0.00569631 -0.000288366 -1.51086e-05
0.00573509 -0.000287593 -2.03181e-06
0.00571732 -0.000287837 1.86491e-06
0.0056301 -0.000289527 -9.09353e-06
0.00546547 -0.000293051 -3.97202e-05
0.00521991 -0.000298229 -9.18142e-05
0.00489424 -0.000303758 -0.000164365
0.00449591 -0.000308409 -0.000253086
0.00403857 -0.000313089 -0.000350996
0.0035366 -0.000318365 -0.000450348
0.00300331 -0.00032143 -0.000544815
0.00245251 -0.000320435 -0.00063081
0.00189526 -0.000317375 -0.00070486
0.00133764 -0.000314653 -0.000760205
0.00078386 -0.000312924 -0.000789439
0.000239126 -0.000312539 -0.000788449
-0.000290499 -0.000313576 -0.000757297
-0.000800172 -0.00031425 -0.000701079
-0.00128637 -0.000313165 -0.000628584
-0.00174431 -0.000311409 -0.000546623
-0.00216896 -0.000311009 -0.000456547
-0.0025612 -0.000313072 -0.000357425
-0.00292984 -0.000316857 -0.000248682
-0.00328564 -0.000319955 -0.000129841
-0.00363408 -0.00031996 -2.35538e-06
-0.00397275 -0.00031661 0.00013051
-0.00429354 -0.000311218 0.000268448
-0.00458679 -0.000305252 0.00041385
-0.00484564 -0.000300493 0.000566
-0.00506617 -0.000297934 0.000719364
-0.0052432 -0.000296793 0.000868039
-0.00537125 -0.000295808 0.00101043
-0.00545063 -0.000294812 0.00114871
-0.00548923 -0.000294478 0.00128526
-0.00549694 -0.000294078 0.00142004
-0.00548005 -0.000292217 0.00155135
-0.00544239 -0.000289748 0.00167809
-0.00538687 -0.000289006 0.00180001
-0.005312 -0.000291374 0.00191766
-0.00521045 -0.000295743 0.00203374
-0.00507478 -0.000299005 0.00215297
-0.00490547 -0.000299546 0.00227954
-0.0047093 -0.000299681 0.00241595
-0.00449103 -0.000301202 0.00256342
-0.00425279 -0.000301549 0.00272085
-0.0039988 -0.00030097 0.00288289
-0.00373512 -0.000304754 0.00304095
-0.00346466 -0.000311739 0.00318902
-0.00318476 -0.00031363 0.00332778
-0.00288992 -0.000309494 0.00346122
-0.00257608 -0.000306302 0.00359215
-0.00224272 -0.000306693 0.00371918
-0.00188981 -0.000308406 0.00383467
-0.00151444 -0.000310122 0.00392795
-0.0011146 -0.00031188 0.00399144
-0.000694473 -0.000313038 0.00402294
-0.000264651 -0.000312885 0.00402423
0.000162831 -0.000311924 0.00400044
0.000581401 -0.000310948 0.00395859
0.000992466 -0.000310488 0.00390522
0.00139808 -0.000310493 0.00384563
0.00179489 -0.000310159 0.00378214
0.00217834 -0.000308195 0.00371419
0.00254537 -0.000304627 0.00363974
0.00289116 -0.000302002 0.00355486
0.00320877 -0.000301239 0.00345704
0.00349204 -0.000300984 0.00334932
0.00373608 -0.000301202 0.00323822
0.00393798 -0.000302054 0.00312898
0.00410074 -0.000302865 0.00302252
0.00423546 -0.000303992 0.0029146
0.00435844 -0.000305071 0.00279972
0.00448245 -0.000303448 0.0026749
0.00460717 -0.000299951 0.00253455
0.00472087 -0.000297881 0.0023675
0.00481263 -0.000298043 0.00216589
0.00488006 -0.000300065 0.00193283
0.00492736 -0.000301945 0.00167791
0.00495905 -0.00030232 0.001409
0.00497591 -0.000302472 0.00113106
0.00497461 -0.000302625 0.000849064
0.00495018 -0.000301949 0.000566021
0.00489835 -0.000301836 0.000279496
0.00481309 -0.000304012 -1.60209e-05
0.00468394 -0.000307153 -0.000325096
0.00449966 -0.000309171 -0.000651151
0.00425448 -0.000310702 -0.000998171
0.00395073 -0.000312949 -0.00136925
0.00359551 -0.000314946 -0.00176201
0.00319561 -0.000315245 -0.00216692
0.00275692 -0.000314344 -0.00256919
0.00228734 -0.000313926 -0.00295061
0.00179771 -0.000313401 -0.00329319
0.0012981 -0.000311379 -0.00358646
0.000792344 -0.000309665 -0.00383271
0.000276738 -0.000310144 -0.00404488
-0.000257142 -0.000310389 -0.00423729
-0.000817906 -0.000307622 -0.00441742
-0.00140803 -0.000302875 -0.00458672
-0.00202219 -0.000297156 -0.00474281
-0.00265119 -0.000291181 -0.00487716
-0.00328357 -0.000287662 -0.00497697
-0.0039078 -0.000285818 -0.00503102
-0.00451698 -0.000281711 -0.00503109
-0.00511192 -0.000275287 -0.00497178
-0.00570039 -0.000268618 -0.00485293
-0.00629206 -0.00026116 -0.00468198
-0.006892 -0.000251712 -0.00447422
-0.00749542 -0.000241977 -0.00424993
-0.00808762 -0.000234545 -0.00402544
-0.00864965 -0.00022912 -0.00380628
-0.00916287 -0.000222958 -0.00359088
-0.00961066 -0.000215997 -0.00337646
-0.00997791 -0.000210981 -0.00316202
-0.0102509 -0.000207619 -0.00295092
-0.0104192 -0.000204398 -0.00274805
-0.0104763 -0.000202763 -0.00255405
-0.0104193 -0.00020485 -0.00236857
-0.0102538 -0.000209968 -0.00219602
-0.00999467 -0.000216036 -0.00204175
-0.00966328 -0.000223746 -0.00190469
-0.00928563 -0.000234119 -0.00177773
-0.00888855 -0.00024413 -0.00165157
-0.00849296 -0.00025142 -0.00151917
-0.00811052 -0.000258962 -0.00138118
-0.00774371 -0.000269345 -0.00124453
-0.00738759 -0.000278509 -0.0011146
-0.00703035 -0.000282709 -0.000992232
-0.00665381 -0.000285691 -0.000874908
-0.0062393 -0.000289456 -0.000757406
-0.00577471 -0.000292029 -0.000635004
-0.00525566 -0.000297159 -0.000506842
-0.00468547 -0.000307741 -0.000376579
-0.00407866 -0.000317396 -0.000249316
-0.00346071 -0.000320295 -0.000125389
-0.00286118 -0.000317662 1.94247e-06
-0.00230603 -0.000312956 0.000142267
-0.00181171 -0.000308995 0.00030101
-0.00138265 -0.000308662 0.000475266
-0.00101225 -0.000313388 0.000656497
-0.000688149 -0.000320526 0.000836546
-0.000400867 -0.000326701 0.00101103
-0.000148441 -0.000330256 0.00117877
6.83834e-05 -0.000328608 0.00133997
0.000253966 -0.000321857 0.00149575
0.000418152 -0.000314696 0.00164782
0.000573867 -0.000311065 0.00179668
0.00073851 -0.000312305 0.00194222
0.000930471 -0.000316651 0.00208644
0.00116058 -0.000320633 0.00223172
0.00142859 -0.000323305 0.00237707
0.00172652 -0.000324729 0.00251939
0.00204445 -0.000323088 0.00265735
0.00237346 -0.000318334 0.00279031
0.00270577 -0.000312967 0.00291451
0.00303582 -0.000309211 0.0030227
0.00336058 -0.000308688 0.00310648
0.00367524 -0.000310059 0.00315794
0.00397029 -0.000309156 0.00317171
0.00423195 -0.000304633 0.0031448
0.00444158 -0.00029931 0.00307383
0.00457815 -0.000295529 0.00295732
0.00462781 -0.000293413 0.00280085
0.0045931 -0.000292824 0.00261462
0.00449085 -0.000295043 0.00240852
0.00434365 -0.000301595 0.00218924
0.00417533 -0.000309426 0.00195626
0.00400851 -0.000311738 0.00170317
0.00386284 -0.000308163 0.00142337
0.00375472 -0.000305775 0.00111311
0.0036962 -0.000308101 0.000770835
0.00369497 -0.000312496 0.000395193
0.00375342 -0.000315906 -1.29086e-05
0.00386495 -0.000317269 -0.000448714
0.0040118 -0.000316246 -0.000908747
0.00416789 -0.000312811 -0.00139427
0.00430411 -0.000307217 -0.0019096
0.0043922 -0.000300286 -0.00245848
0.00441592 -0.000293563 -0.00304029
0.00438279 -0.000287668 -0.00364864
0.00431743 -0.00028251 -0.00427252
0.00424973 -0.000278512 -0.00489892
0.00421387 -0.000275362 -0.00551405
0.00424174 -0.000270505 -0.00610129
0.00434837 -0.000261399 -0.00664298
0.00453021 -0.000249667 -0.00712962
0.00477448 -0.000238384 -0.00756775
0.00506567 -0.000226578 -0.00797626
0.0053872 -0.000213469 -0.00837171
0.00572276 -0.000202099 -0.00875889
0.00605642 -0.000194089 -0.00913303
0.00637219 -0.000187048 -0.00948541
0.00665732 -0.000176364 -0.009809
0.00690475 -0.00016121 -0.0100983
0.00711175 -0.00014836 -0.0103444
0.00727602 -0.000143103 -0.0105381
0.00739414 -0.000142592 -0.0106791
0.00746626 -0.000142395 -0.0107745
0.00750015 -0.000142209 -0.010827
0.00750856 -0.000143932 -0.0108307
0.00750266 -0.000148034 -0.0107748
0.0074869 -0.000152539 -0.0106484
0.00746068 -0.000155459 -0.0104439
0.00742197 -0.000157205 -0.0101606
0.00736712 -0.00016082 -0.00980603
0.00729097 -0.000170554 -0.00939425
0.00718966 -0.000186856 -0.00894445
0.0070624 -0.000204058 -0.00847326
0.00691089 -0.000216258 -0.00798602
0.0067385 -0.000223524 -0.00748028
0.00654857 -0.000230546 -0.00695309
0.00634306 -0.000239075 -0.00640217
0.00612323 -0.000246747 -0.00582623
0.00588965 -0.000254328 -0.00522435
0.00564212 -0.000266859 -0.00459523
0.00537989 -0.000285073 -0.00393835
0.00510146 -0.000301537 -0.00325497
0.0048043 -0.000310439 -0.00254747
0.00448105 -0.000315196 -0.00181923
0.00411429 -0.000320443 -0.00107771
0.00367735 -0.000325347 -0.00033435
0.00314676 -0.000328494 0.000402438
0.00251626 -0.000328672 0.00112823
0.00179619 -0.000324252 0.0018369
0.00100328 -0.000318535 0.00252222
0.00015431 -0.000316389 0.00318296
-0.000733675 -0.000315744 0.00382289
-0.00164471 -0.000311878 0.00445104
-0.00256877 -0.000303447 0.00508113
-0.00350479 -0.000289563 0.00572385
-0.00446004 -0.00026943 0.00638306
-0.00544123 -0.00024416 0.00706058
-0.00644277 -0.000215318 0.00775617
-0.00745055 -0.000185872 0.008463
-0.00845531 -0.000160371 0.00916963
-0.00945188 -0.000138219 0.00986467
-0.010431 -0.000114172 0.0105367
-0.0113821 -8.61095e-05 0.0111743
-0.0123004 -5.45519e-05 0.0117695
-0.0131862 -2.15934e-05 0.0123161
-0.0140389 8.73848e-06 0.0128064
-0.0148514 3.51594e-05 0.0132311
-0.0156148 5.87548e-05 0.0135826
-0.0163265 7.80027e-05 0.0138614
-0.0169899 9.06836e-05 0.0140839
-0.0176052 9.89048e-05 0.0142769
-0.0181669 0.00010666 0.0144598
-0.0186707 0.000116208 0.0146351
-0.0191086 0.000130362 0.0147938
-0.0194617 0.000149122 0.0149246
-0.0197094 0.000165447 0.0150201
-0.0198409 0.000173281 0.0150783
-0.0198574 0.000173909 0.0151031
-0.0197752 0.000170828 0.015101
-0.0196231 0.000164723 0.0150752
-0.0194307 0.000156335 0.0150263
-0.0192128 0.000149242 0.0149567
-0.0189619 0.000145767 0.0148725
-0.0186579 0.000143925 0.0147793
-0.0182839 0.000138331 0.0146793
-0.017831 0.0001215 0.0145727
-0.0172938 9.18388e-05 0.0144585
-0.0166693 6.14236e-05 0.0143383
-0.0159605 4.35896e-05 0.0142172
-0.0151763 3.80793e-05 0.0141009
-0.0143278 3.49255e-05 0.0139896
-0.0134252 2.22961e-05 0.013877
-0.012478 -3.81807e-06 0.0137558
-0.0114978 -3.38808e-05 0.0136215
-0.0105036 -5.72686e-05 0.0134751
-0.00951506 -7.52834e-05 0.0133211
-0.0085391 -9.50899e-05 0.0131633
-0.00757075 -0.000115877 0.0130017
-0.00660803 -0.000131823 0.0128339
-0.00565625 -0.000142858 0.012656
-0.00471726 -0.000153083 0.0124616
-0.00378325 -0.000165283 0.012242
-0.002846 -0.000178752 0.0119866
-0.00190747 -0.000192413 0.0116877
-0.000978178 -0.00020509 0.0113423
-6.96151e-05 -0.000211986 0.0109482
0.000813188 -0.000212517 0.0105014
0.00167676 -0.000213138 0.00999792
0.00253691 -0.000218536 0.00943105
0.00341221 -0.000228578 0.00879069
0.00431851 -0.000239702 0.00807234
0.00526308 -0.000247506 0.00728977
0.00624206 -0.000249803 0.0064728
0.00724265 -0.000248495 0.0056476
0.00824452 -0.000247138 0.00482581
0.00922061 -0.00024478 0.00401371
0.0101386 -0.000237466 0.00321822
0.0109632 -0.000225966 0.00244245
0.0116593 -0.000214948 0.00168277
0.0121983 -0.00020529 0.000931802
0.0125698 -0.000193125 0.00018045
0.0127832 -0.000178154 -0.000583873
0.0128568 -0.000165741 -0.00137391
0.0128151 -0.000157565 -0.00219571
0.0126949 -0.000151707 -0.00304792
0.0125431 -0.00014888 -0.00392689
0.0124038 -0.000147572 -0.00483022
0.012306 -0.000144504 -0.00575687
0.0122612 -0.000139612 -0.00670865
0.012273 -0.000131681 -0.00768834
0.0123365 -0.000118333 -0.00868671
0.0124256 -0.000100391 -0.0096762
0.0124949 -7.97242e-05 -0.0106303
0.0124978 -5.64093e-05 -0.011547
0.0124055 -3.17594e-05 -0.0124475
0.0122199 -1.06292e-05 -0.0133567
0.0119697 3.72876e-06 -0.0142843
0.0116928 1.41962e-05 -0.0152239
0.0114273 2.46921e-05 -0.0161586
0.0112095 3.57106e-05 -0.0170612
0.0110654 4.74113e-05 -0.0179022
0.0110012 6.18403e-05 -0.0186623
0.0110067 8.23376e-05 -0.0193373
0.0110616 0.000108401 -0.0199353
0.0111388 0.000131146 -0.0204699
0.0112099 0.000142653 -0.0209563
0.0112465 0.000145545 -0.0214086
0.0112238 0.000145963 -0.0218319
0.011126 0.000145745 -0.0222209
0.0109453 0.00014702 -0.0225678
0.0106796 0.000153664 -0.0228671
0.0103335 0.00016257 -0.023116
0.00991477 0.000166802 -0.0233141
0.00942638 0.000168577 -0.023461
0.00886574 0.000173242 -0.0235566
0.00823099 0.000176499 -0.0235984
0.00752288 0.00017366 -0.023578
0.0067423 0.000166653 -0.0234831
0.00589354 0.000152699 -0.0233031
0.00498803 0.000127322 -0.023033
0.00403977 9.69759e-05 -0.0226726
0.00306152 7.34807e-05 -0.0222267
0.00206724 6.12624e-05 -0.0217077
0.00107409 5.5342e-05 -0.0211385
0.000103265 4.72152e-05 -0.0205466
-0.000827076 2.95825e-05 -0.0199495
-0.00171565 3.15896e-06 -0.0193472
-0.00257742 -2.06201e-05 -0.0187242
-0.00343167 -3.44446e-05 -0.018056
-0.0042995 -4.37738e-05 -0.0173189
-0.00520209 -5.53779e-05 -0.0165011
-0.00614924 -6.98548e-05 -0.0156045
-0.0071352 -8.28516e-05 -0.0146428
-0.00814537 -9.09724e-05 -0.0136349
-0.00915701 -9.85054e-05 -0.0125992
-0.0101374 -0.000109247 -0.0115505
-0.0110517 -0.000118341 -0.0104984
-0.0118725 -0.000121079 -0.00944699
-0.0125816 -0.000119624 -0.00839491
-0.0131726 -0.000119556 -0.00733779
-0.0136512 -0.000121444 -0.00626939
-0.0140283 -0.000121077 -0.00518283
-0.0143167 -0.000121532 -0.00407092
-0.0145331 -0.00013004 -0.00292214
-0.0146992 -0.000143936 -0.0017237
-0.0148442 -0.000152616 -0.000471689
-0.015001 -0.000149256 0.000825195
-0.0151945 -0.000134355 0.00215134
-0.0154344 -0.00010981 0.00349083
-0.0157161 -7.96926e-05 0.00482937
-0.0160169 -5.21701e-05 0.00615313
-0.0162942 -2.82968e-05 0.00744869
-0.016496 -1.35718e-06 0.00870766
-0.0165738 2.75749e-05 0.00992796
-0.0164938 4.72737e-05 0.0111071
-0.0162443 5.1639e-05 0.0122367
-0.015835 4.75532e-05 0.0133028
-0.0152907 4.51307e-05 0.0142909
-0.0146414 4.72737e-05 0.0151958
-0.0139098 5.18018e-05 0.0160291
-0.0131117 5.74753e-05 0.0168107
-0.0122637 6.42954e-05 0.0175504
-0.011386 6.92375e-05 0.0182395
-0.0104966 6.75009e-05 0.01886
-0.00960601 6.09515e-05 0.0193952
-0.00871567 5.57174e-05 0.0198384
-0.00781879 5.21489e-05 0.0201944
-0.00690371 4.73997e-05 0.0204732
-0.00595608 4.31051e-05 0.0206895
-0.00495861 4.28094e-05 0.0208642
-0.0038934 4.67907e-05 0.0210156
-0.00275271 5.17255e-05 0.0211536
-0.00154724 5.42249e-05 0.0212807
-0.000303943 5.48627e-05 0.0213911
0.000941229 5.508e-05 0.0214713
0.00215253 5.18961e-05 0.0215076
0.00329976 4.22454e-05 0.0214932
0.00435955 3.24796e-05 0.0214277
0.00532141 3.40172e-05 0.0213079
0.00619266 4.9269e-05 0.0211235
0.00699192 6.98121e-05 0.020867
0.0077356 8.43608e-05 0.0205456
0.00843015 8.70415e-05 0.0201765
0.00907684 7.94525e-05 0.0197745
0.00967832 6.68185e-05 0.0193439
0.0102382 5.53659e-05 0.018877
0.0107604 4.69718e-05 0.0183624
0.0112518 3.86145e-05 0.0177959
0.0117205 3.00903e-05 0.0171774
0.0121693 2.43608e-05 0.0165054
0.0125959 2.24272e-05 0.0157791
0.0129951 2.01709e-05 0.0150028
0.0133576 9.63042e-06 0.0141867
0.0136735 -9.95014e-06 0.0133459
0.0139398 -2.64217e-05 0.0125003
0.0141583 -3.28926e-05 0.0116667
0.014328 -3.94768e-05 0.0108533
0.0144433 -5.22934e-05 0.0100637
0.0144966 -6.52625e-05 0.00930086
0.0144809 -7.84764e-05 0.00856257
0.0143916 -9.47567e-05 0.00784134
0.0142291 -0.000106681 0.00712894
0.014 -0.000109268 0.00641258
0.0137156 -0.00011108 0.00566576
0.0133876 -0.000124298 0.00485645
0.0130199 -0.000150685 0.00396278
0.0126026 -0.000178288 0.00297396
0.0121239 -0.000197869 0.00188696
0.0115814 -0.000213793 0.000708388
0.0109825 -0.000228611 -0.000543139
0.0103368 -0.000236715 -0.00183858
0.0096553 -0.000237848 -0.00314516
0.00895514 -0.000238117 -0.00443807
0.00825762 -0.000238891 -0.00571118
0.00757707 -0.000234865 -0.00697397
0.00691257 -0.000222709 -0.00823978
0.00625332 -0.000205112 -0.00951731
0.00559338 -0.000183928 -0.0108073
0.00493799 -0.000161136 -0.0121034
0.00429234 -0.000140274 -0.0133923
0.00365 -0.000119256 -0.0146527
0.00299681 -9.60011e-05 -0.015855
0.00232243 -7.209e-05 -0.0169646
0.0016259 -4.52178e-05 -0.0179524
0.000910998 -1.19268e-05 -0.0188061
0.000180534 2.42302e-05 -0.0195319
-0.000560713 5.17755e-05 -0.0201497
-0.00130159 6.12883e-05 -0.0206833
-0.00203082 5.74374e-05 -0.0211497
-0.00274393 5.30474e-05 -0.021551
-0.00343741 5.4141e-05 -0.0218773
-0.00409863 5.94795e-05 -0.0221169
-0.00470503 6.93649e-05 -0.0222624
-0.00523449 8.47448e-05 -0.0223129
-0.00567903 0.00010076 -0.0222739
-0.00604966 0.00011044 -0.022152
-0.00636945 0.000109961 -0.0219494
-0.00666576 9.93749e-05 -0.021663
-0.00696333 8.35879e-05 -0.0212814
-0.00727096 6.88222e-05 -0.0207871
-0.00757515 5.83147e-05 -0.0201685
-0.00785113 4.96327e-05 -0.019426
-0.00807633 3.58657e-05 -0.0185683
-0.00823838 1.34191e-05 -0.017608
-0.00833824 -1.34968e-05 -0.016561
-0.00838744 -4.03365e-05 -0.0154468
-0.00840446 -7.02557e-05 -0.014286
-0.00841142 -0.000104613 -0.0130917
-0.00842765 -0.000136357 -0.0118649
-0.00846325 -0.000161931 -0.0105993
-0.00852075 -0.000184414 -0.00928953
-0.00859863 -0.000204375 -0.00793447
-0.00868594 -0.000219847 -0.00653799
-0.00875847 -0.000229911 -0.00510863
-0.00878888 -0.000237581 -0.0036573
-0.00876183 -0.000250345 -0.00219614
-0.00867601 -0.000266821 -0.00073856
-0.00853392 -0.000276542 0.000703673
-0.00833365 -0.000276956 0.00211961
-0.00806979 -0.000271225 0.00349652
-0.00774256 -0.000260491 0.0048229
-0.00736315 -0.00024621 0.00608704
-0.00694903 -0.00023095 0.00727395
-0.00651898 -0.00021814 0.00837037
-0.00609195 -0.000209053 0.00936856
-0.00568553 -0.000199251 0.0102663
-0.00531002 -0.000183845 0.01107
-0.00496008 -0.000164133 0.011794
-0.00461687 -0.000145 0.0124514
-0.0042606 -0.000129476 0.0130465
-0.00387745 -0.000118918 0.0135757
-0.00345886 -0.000114555 0.0140311
-0.00300008 -0.000115471 0.0144066
-0.0025014 -0.000119647 0.0147087
-0.00197194 -0.00012604 0.0149607
-0.00143229 -0.00012853 0.015192
-0.000913462 -0.000119272 0.015422
-0.000447088 -0.00010425 0.0156507
-4.94383e-05 -9.60408e-05 0.0158637
0.000283787 -9.30705e-05 0.0160434
0.000566257 -8.59962e-05 0.016179
0.000808162 -7.6604e-05 0.016268
0.00101742 -7.40624e-05 0.0163095
0.00121114 -8.02143e-05 0.0162957
0.00141676 -8.96583e-05 0.0162134
0.00166013 -9.73312e-05 0.0160506
0.0019565 -0.000101127 0.0158013
0.00230943 -0.000102872 0.0154676
0.00271463 -0.000107499 0.0150613
0.00316347 -0.000119261 0.0145988
0.00364399 -0.000135175 0.0140946
0.00414354 -0.000147731 0.0135612
0.00465404 -0.000156054 0.013008
0.00517493 -0.000162042 0.0124354
0.0057091 -0.000166251 0.0118386
0.00625748 -0.000171398 0.011216
0.00681479 -0.000177222 0.0105711
0.00736751 -0.000181495 0.00990528
0.0079012 -0.000186979 0.00921086
0.00840848 -0.000197262 0.00847729
0.00888611 -0.000208473 0.00770337
0.00932867 -0.000212703 0.00689715
0.0097296 -0.000210848 0.00606435
0.0100835 -0.000210158 0.00520361
0.010383 -0.000210992 0.00431384
0.0106207 -0.000210574 0.00340213
0.0107975 -0.000211048 0.0024789
0.0109231 -0.000213618 0.00154755
0.0110091 -0.000215113 0.000608696
0.0110625 -0.000215384 -0.000326378
0.0110852 -0.000215968 -0.00123876
0.011082 -0.000212519 -0.00211452
0.0110632 -0.000204088 -0.00294425
0.0110345 -0.000198779 -0.00372007
0.0109882 -0.000197828 -0.00444074
0.0109096 -0.000193249 -0.00511455
0.0107854 -0.000182852 -0.00575546
0.010601 -0.000170629 -0.00637867
0.0103374 -0.000160972 -0.00699723
0.00998267 -0.000158069 -0.00761992
0.00954254 -0.000160991 -0.00825197
0.00903634 -0.000162776 -0.008896
0.00848849 -0.00015989 -0.00955197
0.00791835 -0.00015485 -0.0102144
0.00733256 -0.000148537 -0.0108674
0.00673233 -0.000139714 -0.0114877
0.00612571 -0.000132057 -0.0120567
0.00552638 -0.000133665 -0.0125656
0.00494311 -0.000145571 -0.0130088
0.00437674 -0.000157125 -0.0133818
0.00382439 -0.000159891 -0.0136879
0.00327894 -0.000155605 -0.0139406
0.00272696 -0.000147997 -0.0141555
0.00214945 -0.000139677 -0.0143405
0.00152876 -0.000133626 -0.0144935
0.000860205 -0.000132356 -0.0146059
0.000155709 -0.000134406 -0.0146686
-0.000565485 -0.000135216 -0.0146748
-0.00128739 -0.000135772 -0.0146203
-0.00199986 -0.000139419 -0.0145035
-0.00269492 -0.000144243 -0.0143253
-0.00336072 -0.000145913 -0.0140876
-0.00398051 -0.000142233 -0.0137875
-0.0045397 -0.000136579 -0.0134191
-0.00503232 -0.000133784 -0.0129827
-0.0054629 -0.000133606 -0.0124889
-0.00584007 -0.000135507 -0.0119564
-0.00616959 -0.000143113 -0.0114058
-0.00646083 -0.000157724 -0.0108539
-0.00672996 -0.000174021 -0.0103122
-0.00699015 -0.000185413 -0.00979085
-0.00725037 -0.000189131 -0.00929913
-0.00752261 -0.000186671 -0.00883779
-0.00781818 -0.000181806 -0.00838875
-0.00814007 -0.000177972 -0.00791348
-0.00848603 -0.00017907 -0.00736846
-0.0088542 -0.000188049 -0.00673241
-0.00924192 -0.000201072 -0.00601688
-0.00964248 -0.000211532 -0.0052479
-0.0100452 -0.000218348 -0.00444281
-0.0104347 -0.000222275 -0.00360753
-0.0107881 -0.000221636 -0.00274906
-0.0110772 -0.000218623 -0.00187679
-0.011275 -0.000218695 -0.000992145
-0.0113618 -0.000223247 -8.94701e-05
-0.0113302 -0.000232126 0.000835842
-0.011186 -0.000241719 0.001784
-0.010942 -0.000243596 0.00275091
-0.0106116 -0.000236526 0.00372969
-0.0102064 -0.000225965 0.00471074
-0.00973799 -0.000214648 0.00568452
-0.00921859 -0.000205204 0.00664977
-0.00866419 -0.000200181 0.00761489
-0.00809483 -0.000195175 0.00858964
-0.007526 -0.000184212 0.00957977
-0.00696416 -0.000169824 0.010585
-0.00641039 -0.000157143 0.0115956
-0.00586349 -0.000144775 0.0125925
-0.00532429 -0.00013062 0.0135506
-0.00480063 -0.0001178 0.0144407
-0.00430536 -0.000105737 0.0152342
-0.00385141 -8.89778e-05 0.0159133
-0.00345292 -6.97678e-05 0.0164772
-0.0031233 -5.57676e-05 0.0169383
-0.00286893 -4.77684e-05 0.0173137
-0.00268846 -3.94024e-05 0.0176211
-0.00257422 -2.91027e-05 0.0178746
-0.0025162 -2.39456e-05 0.0180803
-0.00250669 -2.59056e-05 0.0182397
-0.00254014 -2.93158e-05 0.0183562
-0.00261341 -3.01819e-05 0.0184334
-0.00272661 -2.69486e-05 0.0184724
-0.00288108 -2.30474e-05 0.0184739
-0.00307783 -2.52838e-05 0.018438
-0.00332059 -3.17664e-05 0.0183628
-0.00361759 -3.42709e-05 0.018244
-0.0039762 -3.08166e-05 0.0180758
-0.00439821 -2.60048e-05 0.017848
-0.00488099 -2.42087e-05 0.0175511
-0.00541463 -2.82382e-05 0.0171889
-0.00597354 -3.84631e-05 0.0167757
-0.00651869 -4.91723e-05 0.0163242
-0.00701268 -5.45498e-05 0.0158444
-0.00743179 -5.49469e-05 0.015347
-0.00776916 -5.4083e-05 0.0148361
-0.00803118 -5.67814e-05 0.0143027
-0.00822954 -6.76013e-05 0.0137288
-0.00837315 -8.80324e-05 0.0130998
-0.00846572 -0.000113601 0.0124155
-0.0085093 -0.000134908 0.0116862
-0.00850832 -0.000145869 0.0109226
-0.00846833 -0.000151545 0.0101349
-0.00839054 -0.000161086 0.00933096
-0.00827335 -0.000176691 0.00851261
-0.00812151 -0.000198122 0.00767176
-0.00794788 -0.000224218 0.0067921
-0.0077652 -0.000246185 0.00586032
-0.00757265 -0.000258504 0.00487346
-0.00734451 -0.000268003 0.00383017
-0.00703544 -0.000278887 0.00272751
-0.00660082 -0.00028801 0.00157592
-0.00601597 -0.000296434 0.000405314
-0.00528137 -0.000306169 -0.000747117
-0.00441681 -0.000313948 -0.00185065
-0.00345637 -0.000319282 -0.0028934
-0.00243948 -0.000325648 -0.00388757
-0.00139524 -0.000331715 -0.00486128
-0.000335344 -0.000331206 -0.00584394
0.000738751 -0.000320174 -0.00685031
0.00182658 -0.000297972 -0.00787557
0.00292779 -0.000264277 -0.00890442
0.00404502 -0.000219923 -0.00992003
0.00518141 -0.00017061 -0.0109072
0.0063346 -0.000129757 -0.0118515
0.00749666 -0.000106721 -0.0127412
0.00866019 -9.12893e-05 -0.0135759
0.00982075 -6.47541e-05 -0.014367
0.0109689 -2.25318e-05 -0.015128
0.0120824 2.59073e-05 -0.0158697
0.0131295 7.23811e-05 -0.0166014
0.0140806 0.000115201 -0.0173305
0.0149145 0.000153958 -0.0180618
0.0156191 0.000183989 -0.0187938
0.0161939 0.00019735 -0.0195185
0.0166562 0.000195205 -0.0202234
0.0170348 0.000192907 -0.0208936
0.0173608 0.000205243 -0.0215139
0.0176667 0.000230473 -0.0220728
0.0179858 0.000254269 -0.0225682
0.0183475 0.00027075 -0.023006
0.0187759 0.000288088 -0.0233912
0.0192854 0.000315093 -0.0237259
0.0198777 0.000353314 -0.0240146
0.0205421 0.000394651 -0.0242678
0.0212545 0.000426136 -0.0244996
0.0219837 0.000441723 -0.0247249
0.0227027 0.000445671 -0.0249528
0.0233894 0.000446404 -0.0251848
0.0240256 0.000448182 -0.0254209
0.0246029 0.000449881 -0.0256595
0.0251228 0.000451941 -0.0258962
0.0255924 0.000460285 -0.0261277
0.0260284 0.000481459 -0.0263525
0.0264533 0.000513539 -0.0265674
0.026881 0.000549579 -0.0267719
0.0273165 0.000586333 -0.0269714
0.0277645 0.000620637 -0.0271727
0.0282302 0.00064396 -0.0273771
0.0287137 0.000645709 -0.0275832
0.0292071 0.000628499 -0.0277867
0.029693 0.000613175 -0.0279776
0.0301447 0.000618497 -0.0281444
0.0305323 0.000646697 -0.0282821
0.0308229 0.000684489 -0.0283916
0.0309758 0.000712143 -0.0284745
0.0309532 0.000718418 -0.0285349
0.0307326 0.000705098 -0.0285815
0.030306 0.000682582 -0.0286164
0.0296752 0.000661369 -0.0286294
0.0288472 0.00064087 -0.0286048
0.0278328 0.000614672 -0.0285273
0.0266514 0.000585714 -0.0283785
0.02534 0.000560562 -0.0281362
0.0239515 0.00053519 -0.027782
0.0225315 0.000500235 -0.0273051
0.0210983 0.000451567 -0.0267002
0.0196512 0.000392129 -0.0259709
0.0181823 0.000328194 -0.0251336
0.0166788 0.000267103 -0.0242127
0.0151256 0.000215768 -0.023231
0.0135033 0.000173749 -0.0222054
0.0117893 0.000135146 -0.021145
0.00996904 9.66676e-05 -0.0200452
0.00803717 5.48401e-05 -0.0188848
0.00599085 5.4326e-06 -0.0176344
0.00382971 -4.88412e-05 -0.0162684
0.00155815 -0.000102884 -0.0147707
-0.000815063 -0.00015688 -0.0131318
-0.00327895 -0.000205007 -0.0113498
-0.00581789 -0.000230348 -0.00943652
-0.00840218 -0.000221593 -0.00741484
-0.0109879 -0.000186706 -0.00531205
-0.0135312 -0.000142828 -0.00315963
-0.0159966 -9.5848e-05 -0.000990629
-0.0183551 -3.74038e-05 0.00117275
-0.020587 3.96336e-05 0.00332482
-0.022682 0.000126884 0.00546749
-0.024632 0.000206291 0.00760484
-0.0264264 0.000266027 0.00974628
-0.0280548 0.000308319 0.0119033
-0.0295122 0.000347506 0.0140792
-0.0308058 0.000401378 0.0162672
-0.0319577 0.000477644 0.018454
-0.0330007 0.000566104 0.02062
-0.0339694 0.000648406 0.0227412
-0.0348861 0.000714187 0.0247966
-0.0357521 0.00076282 0.0267765
-0.0365604 0.000797969 0.0286771
-0.0373117 0.000830163 0.0304931
-0.0380107 0.000875205 0.0322212
-0.0386559 0.000942434 0.0338599
-0.0392428 0.00102232 0.0354066
-0.0397716 0.00109509 0.0368587
-0.0402455 0.00115348 0.0382141
-0.0406665 0.00119832 0.0394706
-0.0410335 0.00122706 0.0406302
-0.0413404 0.00124563 0.0417058
-0.0415795 0.00126963 0.0427202
-0.0417433 0.00130173 0.0436939
-0.0418231 0.00132905 0.0446352
-0.0418118 0.00134257 0.0455427
-0.0417108 0.00134351 0.0464164
-0.0415291 0.00133956 0.0472653
-0.0412702 0.00133887 0.0481023
-0.0409217 0.00134543 0.0489305
-0.0404597 0.00136039 0.0497339
-0.0398577 0.00137937 0.050485
-0.039096 0.00139299 0.0511612
-0.0381669 0.00139516 0.0517479
-0.0370726 0.00138473 0.0522338
-0.0358218 0.00136566 0.0526106
-0.0344307 0.00134458 0.0528723
-0.0329211 0.00132079 0.0530189
-0.0313167 0.00129102 0.0530615
-0.0296423 0.00126118 0.053017
-0.0279222 0.00123938 0.0529029
-0.0261709 0.00122633 0.0527367
-0.0243864 0.00121867 0.0525287
-0.0225584 0.00120906 0.0522688
-0.0206819 0.0011883 0.0519261
-0.01876 0.00115489 0.0514664
-0.0167983 0.0011116 0.0508641
-0.0148051 0.00106326 0.0501035
-0.0127946 0.00101847 0.049183
-0.010786 0.000982693 0.0481098
-0.00879514 0.000952325 0.0468896
-0.00682828 0.000915223 0.0455259
-0.00488664 0.000861687 0.044022
-0.00297463 0.000794173 0.0423777
-0.0011003 0.000729753 0.0405888
0.000729004 0.00068783 0.0386546
0.00250664 0.000664797 0.0365837
0.00422491 0.000638443 0.0343907
0.00587815 0.000594344 0.0320906
0.00746998 0.000533169 0.0296988
0.00901831 0.000463805 0.0272322
0.0105569 0.000398445 0.024706
0.0121292 0.000344311 0.0221307
0.013768 0.000295842 0.019512
0.0154785 0.00025067 0.0168546
0.0172467 0.00021965 0.0141658
0.0190535 0.000208637 0.0114581
0.0208794 0.000221467 0.0087501
0.0227101 0.000261825 0.00606401
0.0245408 0.000310009 0.00341897
0.0263709 0.000332083 0.000825802
0.0281937 0.000323162 -0.00171196
0.0299894 0.000323615 -0.00419551
0.0317223 0.000374188 -0.00662719
0.033348 0.000473857 -0.00900186
0.0348275 0.000592177 -0.0113052
0.0361376 0.000697026 -0.013527
0.037272 0.000768079 -0.0156735
0.0382353 0.000804681 -0.0177652
0.0390352 0.000827614 -0.0198214
0.0396746 0.000856769 -0.0218514
0.0401495 0.000891648 -0.0238563
0.0404551 0.000924841 -0.0258356
0.0405923 0.000956334 -0.0277963
0.0405714 0.000987955 -0.0297503
0.04041 0.00101973 -0.0317043
0.0401299 0.00105327 -0.033658
0.0397532 0.00108791 -0.0356106
0.0392994 0.00111626 -0.0375646
0.0387866 0.00113172 -0.039516
0.0382308 0.00113997 -0.0414432
0.0376448 0.00115828 -0.0433079
0.0370397 0.00119682 -0.0450674
0.0364269 0.0012485 -0.0466874
0.0358152 0.00130369 -0.0481454
0.035209 0.00135801 -0.0494283
0.0346061 0.00140242 -0.0505306
0.0339938 0.00142278 -0.0514508
0.0333471 0.00141874 -0.0521916
0.032631 0.00140978 -0.0527599
0.0318072 0.00140864 -0.0531621
0.0308437 0.00140559 -0.053394
0.0297187 0.0013886 -0.0534454
0.02842 0.00135983 -0.0533127
0.0269473 0.00132731 -0.0530043
0.0253112 0.0012932 -0.052535
0.0235282 0.0012554 -0.0519214
0.0216193 0.00121302 -0.0511784
0.0196082 0.00116595 -0.0503167
0.0175155 0.00111858 -0.0493431
0.0153596 0.0010793 -0.0482604
0.0131588 0.00104612 -0.047066
0.0109274 0.00100595 -0.0457489
0.00866941 0.000947451 -0.0442947
0.00637662 0.000871164 -0.0426915
0.00403163 0.000794977 -0.0409308
0.00161578 0.000734563 -0.0390077
-0.000883927 0.00068301 -0.0369229
-0.00347126 0.000628138 -0.0346815
-0.00614061 0.000571814 -0.0322903
-0.00887817 0.000526393 -0.0297568
-0.0116635 0.000500468 -0.0270908
-0.0144737 0.000485078 -0.0243058
-0.0172891 0.000462942 -0.021417
-0.0200961 0.000428366 -0.0184396
-0.0228876 0.000387373 -0.0153845
-0.0256635 0.000359704 -0.012258
-0.0284299 0.000373645 -0.00906666
-0.031197 0.000438064 -0.0058193
-0.0339742 0.000533749 -0.00252528
-0.0367659 0.000635459 0.000805978
-0.0395721 0.000738463 0.00416586
-0.0423913 0.000852354 0.00754586
-0.0452231 0.0009774 0.0109363
-0.0480693 0.00110427 0.0143268
-0.0509356 0.00122309 0.0177054
-0.0538313 0.00132957 0.0210601
-0.0567671 0.00142786 0.0243835
-0.0597544 0.00152876 0.0276754
-0.062804 0.00164755 0.0309375
-0.0659227 0.00179102 0.0341677
-0.0691103 0.00195334 0.0373604
-0.0723643 0.00213016 0.0405088
-0.0756837 0.00231606 0.0436046
-0.0790676 0.00249704 0.0466443
-0.0825151 0.00265318 0.0496328
-0.0860245 0.00276777 0.0525783
-0.0895922 0.00284821 0.055484
-0.0932142 0.0029365 0.0583502
-0.0968869 0.00308031 0.0611787
-0.100603 0.0032866 0.0639691
-0.104354 0.00351942 0.0667129
-0.108128 0.00373893 0.069397
-0.111913 0.00392365 0.0720145
-0.115689 0.00407132 0.0745634
-0.119442 0.00419939 0.0770419
-0.123156 0.00432924 0.0794481
-0.126814 0.00447049 0.0817795
-0.130399 0.00462708 0.0840302
-0.133897 0.00479563 0.0861936
-0.137291 0.00495847 0.0882627
-0.140559 0.00509524 0.0902283
-0.143689 0.00520089 0.0920785
-0.146674 0.00528591 0.0937982
-0.149505 0.00535856 0.0953751
-0.152174 0.00542396 0.0968086
-0.154679 0.0054966 0.0981126
-0.157022 0.00559178 0.0993103
-0.159208 0.00571224 0.100425
-0.161237 0.0058431 0.10147
-0.163105 0.00595718 0.102445
-0.164794 0.00603682 0.103342
-0.166286 0.00608591 0.104145
-0.167564 0.00611996 0.104841
-0.168609 0.00615119 0.105417
-0.169404 0.0061823 0.105865
-0.169928 0.00620932 0.106176
-0.170163 0.00622573 0.106347
-0.170097 0.00622552 0.106382
-0.169715 0.00620668 0.106288
-0.169007 0.00617196 0.106072
-0.167967 0.00612911 0.105738
-0.16659 0.00608622 0.10529
-0.164872 0.00603822 0.104731
-0.162817 0.00596797 0.104064
-0.16043 0.00587001 0.103284
-0.157719 0.00576183 0.102387
-0.154699 0.00566506 0.101365
-0.151384 0.00558234 0.100207
-0.147796 0.00549647 0.0989034
-0.143966 0.00538627 0.0974476
-0.139937 0.00524523 0.0958387
-0.135772 0.00509083 0.0940774
-0.131545 0.00494504 0.092167
-0.127321 0.00481327 0.0901136
-0.123134 0.00469295 0.0879256
-0.118994 0.00458349 0.0856126
-0.114888 0.00448049 0.0831839
-0.110794 0.0043697 0.0806461
-0.10668 0.00423661 0.0780032
-0.102513 0.00407865 0.0752593
-0.098264 0.00390418 0.0724203
-0.0939312 0.00372526 0.0694963
-0.0895369 0.0035515 0.0665025
-0.0851039 0.00338798 0.0634577
-0.0806703 0.00322864 0.0603832
-0.076315 0.00305827 0.0573006
-0.0721212 0.00287267 0.0542245
-0.0681466 0.00268678 0.0511602
-0.0644433 0.00251417 0.0481094
-0.0610637 0.00235214 0.045074
-0.0580372 0.00219856 0.0420569
-0.0553609 0.00206231 0.0390636
-0.0530236 0.00195198 0.0360997
-0.0510195 0.00187025 0.0331662
-0.0493383 0.00181098 0.0302587
-0.0479558 0.00175735 0.0273703
-0.0468261 0.0016944 0.0244936
-0.0458744 0.00162252 0.0216239
-0.0450038 0.00154994 0.0187592
-0.0441167 0.00148032 0.0158956
-0.0431413 0.00141518 0.0130323
-0.0420392 0.00135532 0.0101747
-0.0407927 0.00129416 0.00732545
-0.0393965 0.00122103 0.00448072
-0.0378658 0.00113425 0.001633
-0.0362296 0.00104838 -0.00122674
-0.0345084 0.000986457 -0.00410904
-0.0327135 0.00095535 -0.00702835
-0.0308559 0.000935143 -0.0100028
-0.0289401 0.000903988 -0.0130472
-0.0269624 0.00086132 -0.0161665
-0.024915 0.000824492 -0.0193563
-0.0227904 0.000808937 -0.0226063
-0.020584 0.000811824 -0.025903
-0.018296 0.000820839 -0.0292302
-0.0159276 0.000840516 -0.0325685
-0.0134792 0.00089054 -0.0358963
-0.0109559 0.000977256 -0.0391938
-0.00837153 0.00108351 -0.0424459
-0.00574684 0.00117998 -0.0456446
-0.00310482 0.00125 -0.048787
-0.000469711 0.00130449 -0.0518733
0.0021337 0.00136805 -0.0549077
0.00468463 0.00145991 -0.0578989
0.00717379 0.00158346 -0.0608571
0.00960851 0.00172251 -0.063791
0.0120089 0.001856 -0.0667045
0.0143983 0.0019774 -0.0695946
0.0167971 0.00209028 -0.0724529
0.0192209 0.00219575 -0.075268
0.0216829 0.00229485 -0.0780258
0.0241967 0.0023938 -0.0807094
0.0267768 0.00249635 -0.0833002
0.0294371 0.00260213 -0.085775
0.0321861 0.00271695 -0.0881023
0.0350249 0.00284529 -0.0902419
0.0379502 0.00297091 -0.0921497
0.0409507 0.00306772 -0.0937869
0.0440009 0.0031289 -0.0951332
0.0470573 0.00316694 -0.0961886
0.0500655 0.00319735 -0.0969607
0.0529803 0.00323559 -0.0974564
0.0557746 0.00329407 -0.0976795
0.058436 0.00337145 -0.0976314
0.0609598 0.00345038 -0.097314
0.0633411 0.00350661 -0.0967327
0.0655739 0.00352338 -0.0959032
0.0676525 0.00350294 -0.0948745
0.0695777 0.00346132 -0.0937436
0.0713574 0.00341779 -0.0926211
0.0730024 0.00339009 -0.0915751
0.0745199 0.00338577 -0.0906217
0.0759128 0.00339704 -0.0897481
0.077185 0.00340634 -0.0889295
0.0783467 0.00339539 -0.088141
0.0794136 0.00336031 -0.0873571
0.0804038 0.00332164 -0.0865514
0.0813322 0.00330496 -0.0857033
0.0822064 0.0033153 -0.084804
0.0830242 0.00334116 -0.0838531
0.0837744 0.00336464 -0.082851
0.0844406 0.00336691 -0.0817969
0.0850057 0.0033446 -0.080691
0.0854577 0.00331332 -0.0795382
0.0857964 0.00328512 -0.0783418
0.0860369 0.00325086 -0.0770922
0.0862081 0.0031976 -0.0757696
0.0863454 0.00313684 -0.0743615
0.0864789 0.00309525 -0.0728707
0.0866248 0.00308391 -0.0713052
0.0867821 0.00309141 -0.0696703
0.0869323 0.00310039 -0.0679692
0.0870462 0.00310381 -0.0662028
0.0870943 0.00310143 -0.0643645
0.0870541 0.00308962 -0.0624377
0.0869145 0.00306621 -0.0604016
0.0866779 0.00303368 -0.0582411
0.0863546 0.00299046 -0.0559496
0.0859586 0.00292964 -0.0535254
0.0855009 0.00285153 -0.0509696
0.0849823 0.00277297 -0.0482841
0.0843966 0.00271634 -0.0454696
0.0837438 0.00268985 -0.0425251
0.0830307 0.00268281 -0.0394499
0.0822598 0.00267618 -0.0362428
0.0814285 0.00265657 -0.0329005
0.0805384 0.00262186 -0.0294174
0.0795943 0.00257421 -0.0257882
0.0785985 0.0025149 -0.0220117
0.077551 0.00244729 -0.0180916
0.0764521 0.00237732 -0.0140346
0.0753035 0.00231632 -0.00984625
0.0741108 0.00227919 -0.00553346
0.0728816 0.00226607 -0.00111069
0.0716237 0.00225628 0.00339897
0.070343 0.00222993 0.00796495
0.0690414 0.0021892 0.0125541
0.0677155 0.00214678 0.0171375
0.0663558 0.00210511 0.0216922
0.0649504 0.0020648 0.0262005
0.0634905 0.00203321 0.0306497
0.0619686 0.00201791 0.0350326
0.0603714 0.0020218 0.0393496
0.0586838 0.0020409 0.0436104
0.0568996 0.00206778 0.0478325
0.0550229 0.00210031 0.0520397
0.0530596 0.00214305 0.0562562
0.051012 0.00219768 0.0604974
0.0488802 0.00226306 0.0647674
0.0466671 0.00234358 0.0690628
0.0443784 0.0024436 0.0733785
0.0420223 0.00256171 0.0777085
0.0396146 0.00269304 0.0820453
0.0371819 0.00282814 0.0863793
0.0347582 0.00295621 0.0907025
0.032374 0.00307226 0.0950119
0.0300454 0.0031825 0.0993076
0.0277722 0.00330182 0.103591
0.0255472 0.00343849 0.10786
0.0233641 0.00358853 0.11211
0.0212154 0.00374341 0.116337
0.0190874 0.00389202 0.120532
0.0169671 0.00402296 0.124682
0.0148489 0.00413075 0.128778
0.0127356 0.00421653 0.132811
0.0106351 0.00429196 0.136777
0.00855974 0.00438149 0.14067
0.00652349 0.00450815 0.144487
0.00453641 0.00467573 0.148225
0.00260341 0.00486243 0.151877
0.00072733 0.00503554 0.155437
-0.0010906 0.00517485 0.158891
-0.00285041 0.00527879 0.162231
-0.00455126 0.00535775 0.165446
-0.0061911 0.0054245 0.168524
-0.0077708 0.00548763 0.17145
-0.00930021 0.00555249 0.174215
-0.0107983 0.00562382 0.176815
-0.012285 0.00570405 0.17925
-0.0137714 0.00579068 0.18153
-0.0152583 0.00588064 0.183672
-0.0167409 0.00597216 0.185721
-0.0182098 0.00605682 0.187746
-0.0196458 0.00612019 0.189807
-0.0210255 0.00615588 0.191924
-0.0223319 0.00617249 0.194075
-0.0235579 0.00619003 0.196226
-0.0247031 0.00623092 0.198344
-0.0257691 0.00630746 0.200415
-0.0267571 0.00641331 0.202426
-0.0276652 0.00652341 0.204363
-0.0284897 0.00661165 0.206205
-0.0292262 0.00667037 0.207939
-0.0298711 0.00670516 0.209554
-0.0304276 0.00672147 0.211034
-0.0309108 0.00672163 0.212362
-0.031346 0.00670649 0.21352
-0.0317651 0.00667766 0.214497
-0.0322032 0.00663995 0.215287
-0.032692 0.00660833 0.215894
-0.0332521 0.00660804 0.216326
-0.0338942 0.00664965 0.216595
-0.0346232 0.00670854 0.216721
-0.0354361 0.00675051 0.216735
-0.0363167 0.00676767 0.216684
-0.0372372 0.00677016 0.216603
-0.0381688 0.00676703 0.216501
-0.039092 0.00676535 0.216363
-0.0400018 0.00676901 0.216163
-0.0409068 0.00677678 0.215886
-0.0418204 0.00678727 0.215529
-0.0427543 0.00680373 0.215095
-0.0437167 0.00682494 0.21458
-0.0447157 0.00683734 0.213974
-0.04576 0.00682762 0.21327
-0.0468573 0.00679457 0.212466
-0.0480112 0.00674749 0.21156
-0.0492215 0.00670339 0.210548
-0.0504822 0.00667735 0.209422
-0.0517769 0.00666992 0.208176
-0.0530764 0.00666953 0.206806
-0.0543411 0.00665879 0.205314
-0.0555323 0.00662429 0.203708
-0.0566222 0.00657041 0.202
-0.057596 0.00651329 0.200201
-0.0584497 0.00646457 0.198319
-0.0591845 0.00642327 0.196358
-0.0598032 0.00638204 0.194314
-0.0603116 0.00633838 0.192179
-0.0607228 0.00629095 0.189945
-0.061058 0.00623895 0.187605
-0.0613455 0.00618747 0.185155
-0.061612 0.00613862 0.182593
-0.0618729 0.00608519 0.179917
-0.0621319 0.00601951 0.17713
-0.062387 0.00594492 0.174236
-0.062634 0.00587503 0.171239
-0.0628666 0.00581799 0.168144
-0.0630792 0.00576505 0.164954
-0.0632723 0.00569797 0.161671
-0.063455 0.00560606 0.158293
-0.0636398 0.00549312 0.154817
-0.0638329 0.00537337 0.15124
-0.064025 0.00526166 0.147564
-0.0641898 0.00515848 0.143807
-0.0642955 0.00504916 0.140005
-0.0643216 0.00491863 0.136201
-0.064265 0.0047606 0.132433
-0.0641351 0.00458563 0.128717
-0.0639493 0.00442189 0.125054
-0.0637271 0.00429387 0.121435
-0.0634856 0.00420527 0.117852
-0.0632331 0.00413978 0.114303
-0.0629653 0.00406868 0.11079
-0.0626657 0.00396354 0.107321
-0.062311 0.00381316 0.103908
-0.0618801 0.00363199 0.100563
-0.06136 0.00344928 0.0972946
-0.0607478 0.00329154 0.0941038
-0.0600479 0.00317084 0.0909814
-0.0592703 0.00308487 0.087907
-0.0584277 0.00302111 0.0848573
-0.0575298 0.00295921 0.081815
-0.0565815 0.00287998 0.0787745
-0.0555882 0.00277687 0.075741
-0.0545616 0.00265867 0.0727286
-0.0535199 0.00254154 0.0697563
-0.0524845 0.00243469 0.0668459
-0.0514759 0.00233353 0.0640184
-0.0505094 0.00223155 0.0612913
-0.0495898 0.00213007 0.0586757
-0.0487096 0.00203148 0.0561784
-0.047855 0.00193575 0.0538029
-0.0470131 0.00184768 0.0515489
-0.0461756 0.00177573 0.0494093
-0.0453414 0.00172365 0.0473709
-0.044515 0.00168805 0.0454197
-0.0437021 0.0016575 0.0435455
-0.0429088 0.00161794 0.0417434
-0.0421412 0.00156517 0.0400118
-0.0414044 0.00150747 0.0383486
-0.0406984 0.00145318 0.0367489
-0.040019 0.00140145 0.0352044
-0.039361 0.00134791 0.0337046
-0.0387167 0.00129362 0.0322397
-0.0380715 0.00124644 0.0308022
-0.0374055 0.00121537 0.0293873
-0.0367035 0.00119997 0.0279919
-0.0359622 0.00118488 0.0266117
-0.0351876 0.0011526 0.0252433
-0.0343893 0.00109937 0.0238885
-0.0335772 0.00103439 0.0225572
-0.0327579 0.000968365 0.0212689
-0.031932 0.000905628 0.0200497
-0.031095 0.000849845 0.0189232
-0.0302399 0.00080969 0.0179021
-0.0293587 0.000785269 0.016986
-0.0284457 0.000760706 0.0161676
-0.0275042 0.000725209 0.0154423
-0.0265512 0.000685663 0.0148122
-0.0256161 0.000649108 0.0142818
-0.0247312 0.000612853 0.0138546
-0.0239178 0.000575809 0.0135309
-0.0231816 0.000542185 0.013308
-0.0225219 0.000514869 0.0131778
-0.0219386 0.000494747 0.0131261
-0.0214323 0.000483113 0.0131353
-0.0210009 0.000479705 0.0131874
-0.0206394 0.000480355 0.0132673
-0.0203449 0.000478067 0.0133674
-0.0201158 0.000468387 0.0134856
-0.0199446 0.000455563 0.0136221
-0.0198152 0.000448872 0.0137781
-0.0197045 0.000454699 0.0139559
-0.0195884 0.000473149 0.0141583
-0.0194483 0.000499424 0.0143853
-0.0192752 0.000530119 0.0146305
-0.0190679 0.000563575 0.014882
-0.0188296 0.000591429 0.0151247
-0.0185666 0.000600719 0.0153425
-0.0182879 0.000588982 0.0155204
-0.0180062 0.000566576 0.0156502
-0.0177373 0.00054448 0.015734
-0.0174945 0.000527588 0.0157832
-0.0172815 0.000517394 0.0158111
-0.0170957 0.000516631 0.0158268
-0.0169351 0.000524809 0.0158352
-0.0167995 0.000530219 0.0158376
-0.0166861 0.000519685 0.0158329
-0.0165908 0.00049291 0.0158199
-0.0165122 0.000460615 0.0157995
-0.0164495 0.000435524 0.0157772
-0.0163981 0.000424021 0.0157635
-0.0163515 0.000422752 0.0157695
-0.0163048 0.000423727 0.0157979
-0.0162578 0.000423701 0.0158365
-0.0162117 0.000425191 0.015864
-0.0161672 0.000428525 0.0158624
-0.0161266 0.000429408 0.0158241
-0.0160955 0.000423077 0.0157484
-0.0160814 0.000407258 0.0156362
-0.0160907 0.000384339 0.0154899
-0.0161271 0.00036186 0.0153128
-0.0161923 0.000347277 0.015113
-0.0162875 0.000343763 0.0149103
-0.016413 0.000351035 0.0147435
-0.0165699 0.000366168 0.0146603
-0.0167618 0.000382325 0.0146919
-0.0169948 0.000391254 0.0148382
-0.0172738 0.000391316 0.0150724
-0.0175984 0.000389452 0.0153537
-0.017964 0.000393379 0.0156397
-0.0183637 0.000403917 0.0158987
-0.0187858 0.000415409 0.0161181
-0.0192119 0.000422487 0.0163015
-0.019618 0.000425441 0.0164581
-0.0199786 0.000428425 0.0165961
-0.0202728 0.00043249 0.016721
-0.0204903 0.000434932 0.016836
-0.0206304 0.000436184 0.0169454
-0.020694 0.000439499 0.0170581
-0.0206771 0.000444396 0.017187
-0.0205703 0.000446201 0.0173462
-0.0203637 0.000441895 0.0175459
-0.0200532 0.000433374 0.01779
-0.0196398 0.000423588 0.0180754
-0.019126 0.000413446 0.0183959
-0.0185133 0.000403257 0.0187445
-0.0178028 0.000394783 0.0191138
-0.0169969 0.000391512 0.0194954
-0.0160986 0.000394049 0.0198817
-0.0151106 0.000397428 0.0202669
-0.0140372 0.000397677 0.0206494
-0.0128858 0.000396863 0.0210287
-0.0116717 0.000398562 0.0213992
-0.0104181 0.00040275 0.0217526
-0.00915183 0.000406979 0.0220863
-0.0078987 0.000408116 0.0224051
-0.00667985 0.000403903 0.0227168
-0.00551092 0.000394056 0.0230294
-0.00440353 0.000381741 0.0233476
-0.00336645 0.000374655 0.0236704
-0.00240413 0.000378788 0.0239915
-0.00151336 0.000393604 0.0243045
-0.000683288 0.000413125 0.0246057
9.89456e-05 0.000429934 0.024892
0.000843694 0.000440526 0.0251581
0.00156009 0.000444562 0.0253992
0.0022588 0.000441279 0.0256107
0.00295187 0.00043121 0.025787
0.00364947 0.000418588 0.0259245
0.00435724 0.000409674 0.0260244
0.00507705 0.000411077 0.0260919
0.00580788 0.000423249 0.0261393
0.0065435 0.000435893 0.0261854
0.00727035 0.000440354 0.0262469
0.00797064 0.000438336 0.0263319
0.00862943 0.00043472 0.0264432
0.00923897 0.000431307 0.0265809
0.00979866 0.000428112 0.0267427
0.0103118 0.000427853 0.0269228
0.010782 0.000434319 0.0271161
0.0112127 0.000446501 0.0273224
0.01161 0.000459867 0.0275454
0.0119849 0.000470602 0.0277881
0.0123507 0.000476608 0.0280496
0.0127188 0.000478156 0.0283256
0.0130947 0.000476849 0.0286113
0.0134775 0.000475636 0.0289057
0.013859 0.000481128 0.029214
0.0142236 0.000498544 0.0295468
0.0145505 0.000524498 0.0299157
0.014819 0.000549692 0.0303278
0.0150128 0.000566953 0.0307849
0.0151201 0.000576732 0.0312846
0.0151334 0.000585543 0.0318194
0.0150506 0.000597732 0.0323786
0.0148735 0.000610036 0.0329541
0.0146066 0.000614905 0.0335421
0.0142575 0.000608951 0.034142
0.0138376 0.000599823 0.0347542
0.01336 0.000600809 0.0353788
0.0128399 0.000615212 0.0360144
0.0122937 0.000632227 0.0366579
0.0117353 0.000641252 0.0373052
0.0111716 0.000642827 0.0379506
0.0106007 0.000642363 0.0385884
0.010012 0.000641749 0.0392131
0.00939062 0.000641386 0.0398188
0.00872276 0.000644245 0.0404003
0.00799955 0.000653792 0.0409533
0.00721652 0.00066983 0.0414749
0.00637106 0.000688346 0.0419635
0.00545973 0.000704054 0.0424174
0.00448147 0.000710896 0.0428334
0.00344291 0.0007067 0.0432069
0.00235807 0.000698738 0.0435326
0.00124487 0.000695822 0.0438063
0.000123129 0.000699225 0.0440265
-0.000987519 0.000706345 0.0441919
-0.00207222 0.000714383 0.0442996
-0.00312335 0.000718123 0.0443428
-0.00413873 0.000713726 0.0443108
-0.00512187 0.000705709 0.044194
-0.00608405 0.00070137 0.0439875
-0.00704381 0.000699735 0.0436941
-0.00802326 0.000695562 0.0433221
-0.0090428 0.000689308 0.0428817
-0.0101163 0.000684655 0.0423825
-0.0112489 0.000681695 0.0418316
-0.0124365 0.000677045 0.0412317
-0.0136674 0.000668227 0.0405786
-0.0149236 0.000656179 0.0398645
-0.0161835 0.000643257 0.0390825
-0.0174263 0.000630255 0.0382317
-0.0186369 0.00061802 0.0373177
-0.0198054 0.000608485 0.0363507
-0.020922 0.00060129 0.0353452
-0.0219782 0.000593934 0.0343183
-0.0229727 0.000585296 0.0332872
-0.0239125 0.000576412 0.0322653
-0.0248101 0.000571032 0.0312575
-0.0256807 0.00057471 0.0302594
-0.0265365 0.000588146 0.0292619
-0.0273832 0.000603382 0.0282558
-0.0282179 0.000610611 0.0272341
-0.0290323 0.000607141 0.0261927
-0.0298179 0.00059828 0.0251311
-0.0305672 0.000592119 0.024053
-0.031274 0.000594012 0.0229658
-0.0319339 0.000603613 0.0218789
-0.0325463 0.000617023 0.0208013
-0.0331164 0.000630921 0.0197387
-0.0336544 0.00064274 0.0186943
-0.0341712 0.000651025 0.0176712
-0.0346756 0.000657812 0.0166731
-0.0351726 0.000665996 0.0157025
-0.0356631 0.000673448 0.0147587
-0.0361434 0.000676796 0.0138364
-0.0366062 0.000679407 0.0129283
-0.0370388 0.000685384 0.0120282
-0.0374232 0.000693303 0.0111305
-0.0377401 0.000700855 0.0102319
-0.037972 0.000707436 0.00932964
-0.0381053 0.000713359 0.00842019
-0.0381329 0.000718581 0.00749878
-0.0380557 0.000720942 0.00656122
-0.0378789 0.000716007 0.00560564
-0.0376072 0.000700921 0.00463131
-0.0372441 0.00068043 0.00363743
-0.0367933 0.000664782 0.0026246
-0.0362581 0.000658442 0.00159696
-0.0356415 0.000654708 0.000561899
-0.0349475 0.000643589 -0.00046897
-0.0341837 0.000620359 -0.00147709
-0.0333628 0.00058766 -0.00244125
-0.0325002 0.000555012 -0.00334734
-0.0316075 0.000531352 -0.00419194
-0.0306873 0.000515613 -0.00497851
-0.0297345 0.000500138 -0.0057143
-0.0287397 0.000481985 -0.00640883
-0.0276939 0.000463598 -0.00706924
-0.0265909 0.000443326 -0.0076963
-0.0254274 0.000415371 -0.00828526
-0.0242025 0.000380064 -0.00882912
-0.0229181 0.000343401 -0.00932164
-0.0215779 0.000306768 -0.0097605
-0.0201847 0.000268105 -0.0101503
-0.0187407 0.000228868 -0.0105012
-0.0172472 0.000191211 -0.0108227
-0.0157046 0.000153801 -0.0111182
-0.0141141 0.000113865 -0.0113849
-0.0124792 7.19285e-05 -0.0116155
-0.0108045 3.29224e-05 -0.0118032
-0.0090947 -7.8416e-07 -0.0119435
-0.00735422 -3.13123e-05 -0.0120326
-0.00559127 -5.6799e-05 -0.012065
-0.00382019 -7.30284e-05 -0.0120335
-0.00205961 -8.30733e-05 -0.0119317
-0.000328487 -9.52429e-05 -0.0117538
0.00135891 -0.000113191 -0.0114973
0.0029964 -0.000132114 -0.0111628
0.00458453 -0.000145299 -0.0107526
0.0061289 -0.000151011 -0.0102704
0.00763935 -0.000150571 -0.00972278
0.00912712 -0.000141809 -0.00911914
0.0106014 -0.000123148 -0.00846834
0.0120662 -0.000101028 -0.00777488
0.0135186 -8.04418e-05 -0.00703889
0.0149485 -5.86201e-05 -0.00626001
0.0163396 -3.20847e-05 -0.00543901
0.0176685 -8.09193e-07 -0.00457705
0.01891 3.15137e-05 -0.00367688
0.0200425 6.09472e-05 -0.00274411
0.0210497 8.60849e-05 -0.00178544
0.0219206 0.000106436 -0.000807684
0.0226486 0.000122313 0.000181825
0.0232298 0.000136118 0.00117696
0.0236625 0.000150436 0.00217464
0.02395 0.000164787 0.00317396
0.0241025 0.000176515 0.0041763
0.0241343 0.000184843 0.00518494
0.0240618 0.000192499 0.00620163
0.0239036 0.000202246 0.0072248
0.0236793 0.000212802 0.0082493
0.0234063 0.000219078 0.00926635
0.0230946 0.000217388 0.0102673
0.0227466 0.000209806 0.0112476
0.0223594 0.000202371 0.0122067
0.0219284 0.000200152 0.0131454
0.0214488 0.000203431 0.0140646
0.0209154 0.000206814 0.0149646
0.0203232 0.000205205 0.0158458
0.0196679 0.000200089 0.016711
0.018948 0.000195679 0.0175655
0.0181636 0.000193731 0.0184151
0.0173172 0.00019443 0.0192643
0.0164144 0.000196852 0.0201149
0.0154643 0.000197508 0.0209658
0.014478 0.000194117 0.0218132
0.0134658 0.000189964 0.0226525
0.0124359 0.000190026 0.0234805
0.0113953 0.000196079 0.0242951
0.0103489 0.000207369 0.025095
0.00929967 0.000221517 0.0258796
0.00824866 0.000234318 0.0266499
0.00719616 0.000242445 0.0274086
0.0061418 0.000246049 0.0281602
0.00508536 0.000248592 0.0289082
0.00402579 0.000255715 0.0296536
0.00296166 0.000271484 0.0303962
0.0018936 0.000293752 0.031137
0.000824771 0.00031452 0.0318773
-0.000241017 0.000326858 0.0326175
-0.00130112 0.000332215 0.0333566
-0.00235434 0.000339087 0.0340949
-0.00340005 0.000355748 0.0348338
-0.00443713 0.000383968 0.0355737
-0.00546417 0.000417462 0.0363141
-0.00648001 0.000447684 0.0370533
-0.00748307 0.00047084 0.0377891
-0.00846931 0.00048929 0.0385185
-0.00943151 0.000507549 0.0392359
-0.0103623 0.000527645 0.0399341
-0.0112597 0.000549319 0.0406083
-0.0121292 0.000572567 0.0412589
-0.0129813 0.000597767 0.0418921
-0.0138271 0.000623814 0.0425167
-0.0146754 0.000648429 0.0431405
-0.0155307 0.000672319 0.0437685
-0.0163926 0.000698859 0.044403
-0.0172571 0.000728042 0.0450442
-0.0181165 0.000756189 0.0456908
-0.0189598 0.00078156 0.0463408
-0.0197758 0.000804375 0.0469924
-0.0205555 0.000822863 0.047644
-0.0212958 0.000836856 0.0482933
-0.0220009 0.000851704 0.048935
-0.0226793 0.00087233 0.0495586
-0.0233398 0.000897292 0.0501505
-0.0239904 0.00092147 0.0506957
-0.0246363 0.000942435 0.0511795
-0.0252808 0.000960614 0.0515888
-0.0259222 0.000977784 0.051915
-0.0265542 0.000996776 0.0521553
-0.0271683 0.00101593 0.0523123
-0.0277572 0.00102899 0.0523944
-0.0283155 0.00103393 0.0524143
-0.0288377 0.00103597 0.0523854
-0.0293169 0.00103976 0.0523179
-0.0297475 0.00104384 0.0522183
-0.0301272 0.00104599 0.0520896
-0.0304581 0.00104697 0.0519323
-0.0307457 0.00104719 0.0517448
-0.0309978 0.00104621 0.051523
-0.0312217 0.00104491 0.0512606
-0.0314225 0.00104349 0.0509499
-0.0316033 0.00103936 0.0505845
-0.0317661 0.00103125 0.050162
-0.031912 0.00102191 0.0496842
-0.0320429 0.00101327 0.0491548
-0.0321606 0.00100467 0.0485792
-0.0322658 0.000996097 0.0479643
-0.0323586 0.000987345 0.0473171
-0.0324396 0.000975993 0.0466427
-0.0325095 0.000960349 0.0459438
-0.032569 0.000941534 0.0452212
-0.0326203 0.00092065 0.0444738
-0.0326675 0.000897913 0.0436972
-0.0327157 0.000875721 0.0428848
-0.0327705 0.000857754 0.0420298
-0.0328373 0.000844653 0.0411249
-0.0329218 0.000833146 0.0401632
-0.0330291 0.000820681 0.0391396
-0.0331639 0.000808732 0.0380509
-0.0333281 0.000798184 0.036895
-0.0335192 0.000787117 0.0356694
-0.0337322 0.000775218 0.034371
-0.0339616 0.00076268 0.0329968
-0.0342013 0.000747676 0.0315446
-0.0344441 0.000730812 0.030015
-0.0346826 0.000716014 0.0284107
-0.0349088 0.000705027 0.0267354
-0.0351149 0.000696566 0.0249934
-0.0352933 0.000688724 0.0231886
-0.0354374 0.000679298 0.0213242
-0.0355422 0.000668544 0.0194047
-0.035604 0.000659301 0.0174369
-0.035619 0.000652001 0.0154297
-0.0355839 0.000645633 0.0133934
-0.0354949 0.000640702 0.0113379
-0.0353465 0.000635445 0.00927127
-0.0351325 0.00062476 0.00720268
-0.0348478 0.000606266 0.00514178
-0.0344903 0.000583131 0.00309596
-0.0340616 0.00056071 0.00106909
-0.0335662 0.00054313 -0.000937097
-0.033011 0.000531836 -0.00292191
-0.0324024 0.000525924 -0.00488603
-0.0317438 0.000525429 -0.00683043
-0.0310353 0.000529498 -0.00875503
-0.0302765 0.000532168 -0.0106607
-0.0294667 0.000527801 -0.0125509
-0.0286054 0.000516846 -0.0144301
-0.0276942 0.000503912 -0.0163019
-0.0267376 0.000494024 -0.0181688
-0.025743 0.000490423 -0.0200307
-0.0247198 0.000493994 -0.0218847
-0.023677 0.000503106 -0.0237257
-0.0226233 0.000517406 -0.0255466
-0.0215669 0.000543061 -0.0273378
-0.0205156 0.00058173 -0.0290884
-0.0194748 0.000621974 -0.0307878
-0.0184461 0.000654837 -0.0324253
-0.0174256 0.000681098 -0.0339892
-0.0164063 0.000703456 -0.035468
-0.0153808 0.000724959 -0.0368523
-0.0143433 0.00074911 -0.0381355
-0.0132926 0.000776471 -0.0393133
-0.0122314 0.000803406 -0.0403825
-0.0111639 0.000825704 -0.0413412
-0.0100938 0.000842785 -0.0421891
-0.00902496 0.000857103 -0.0429274
-0.00796073 0.000869705 -0.0435611
-0.0069041 0.000879938 -0.044099
-0.00585852 0.00088892 -0.0445518
-0.00482775 0.000897795 -0.0449319
-0.00381589 0.000905334 -0.0452521
-0.00282567 0.000910055 -0.0455235
-0.00185582 0.000911308 -0.0457525
-0.000902089 0.000910077 -0.0459384
3.98166e-05 0.000909559 -0.046074
0.00097339 0.000911833 -0.0461502
0.00190188 0.000916061 -0.0461594
0.00282831 0.000920325 -0.046096
0.00375564 0.000922779 -0.0459555
0.00468732 0.000921464 -0.0457334
0.00562766 0.000915142 -0.0454264
0.00658164 0.000904577 -0.0450335
0.00755442 0.000891222 -0.0445563
0.00855093 0.000875426 -0.0439973
0.00957547 0.000857126 -0.0433595
0.0106296 0.000837758 -0.042646
0.0117109 0.000819472 -0.0418601
0.0128149 0.000803382 -0.041006
0.0139353 0.000789801 -0.0400883
0.0150638 0.000778032 -0.0391108
0.0161926 0.000765997 -0.0380767
0.0173161 0.000751424 -0.0369881
0.0184328 0.000734323 -0.0358442
0.0195427 0.000715335 -0.034642
0.020644 0.000692439 -0.0333779
0.0217324 0.000664661 -0.0320478
0.0228016 0.00063516 -0.0306471
0.0238431 0.000607356 -0.0291718
0.0248472 0.000580952 -0.0276211
0.0258057 0.000555636 -0.0259969
0.0267124 0.000535886 -0.0243035
0.0275624 0.00052437 -0.0225456
0.0283532 0.000516789 -0.0207281
0.0290849 0.000509037 -0.0188557
0.0297567 0.000500286 -0.0169336
0.0303658 0.000490344 -0.0149675
0.0309089 0.000480667 -0.0129632
0.0313836 0.000473314 -0.0109284
0.0317895 0.000469062 -0.00887195
0.032129 0.000469063 -0.00680368
0.0324062 0.000474375 -0.00473552
0.0326251 0.000484077 -0.00268118
0.0327875 0.000496465 -0.000654908
0.0328966 0.000509197 0.00133037
0.0329602 0.000519324 0.0032655
0.0329899 0.000525795 0.00514583
0.0329972 0.000529088 0.00696997
0.0329918 0.000530485 0.00873862
0.03298 0.00053525 0.0104536
0.0329658 0.000550243 0.0121166
0.0329501 0.00057536 0.0137281
0.0329289 0.000603113 0.0152863
0.0328945 0.000626524 0.0167885
0.0328377 0.000643169 0.0182326
0.0327483 0.000653757 0.0196181
0.0326163 0.0006613 0.0209467
0.0324345 0.000668909 0.0222197
0.0322 0.000677343 0.0234369
0.0319124 0.000686172 0.0245961
0.0315699 0.00069459 0.0256926
0.0311695 0.000701528 0.0267202
0.0307084 0.0007059 0.0276757
0.0301851 0.000707156 0.0285581
0.0296008 0.00070573 0.0293675
0.0289579 0.000702322 0.0301036
0.0282585 0.000697964 0.0307655
0.0275052 0.000693751 0.0313515
0.0267002 0.000689652 0.0318594
0.0258439 0.000683782 0.0322861
0.0249357 0.000673545 0.0326274
0.0239738 0.000658379 0.0328791
0.022956 0.000640081 0.0330376
0.0218806 0.000621135 0.0331009
0.0207479 0.000602838 0.0330676
0.0195591 0.000584411 0.032936
0.0183162 0.000564314 0.0327055
0.0170224 0.000540382 0.0323763
0.0156827 0.000510432 0.0319495
0.0143022 0.000475405 0.0314262
0.0128849 0.000438976 0.0308084
0.0114339 0.000403147 0.0300984
0.00995277 0.000366798 0.029298
0.00844699 0.000329813 0.028409
0.00692465 0.000295396 0.0274348
0.00539376 0.000265735 0.0263805
0.00385974 0.000238484 0.0252518
0.00232538 0.000209274 0.0240549
0.000791103 0.000175627 0.0227949
-0.000745757 0.000138447 0.0214757
-0.00229124 0.000100749 0.0201003
-0.00385323 6.42388e-05 0.0186715
-0.00543904 2.92252e-05 0.0171924
-0.00705392 -1.58682e-06 0.0156659
-0.00870042 -2.50401e-05 0.0140954
-0.0103793 -4.10313e-05 0.0124841
-0.01209 -4.47826e-05 0.0108353
-0.0138316 -3.12269e-05 0.00915232
-0.0156034 -9.00785e-06 0.0074384
-0.0174031 1.34589e-05 0.00569742
-0.0192261 4.0887e-05 0.00393589
-0.0210676 8.16387e-05 0.00216214
-0.0229218 0.000138598 0.000383501
-0.0247849 0.000205684 -0.0013947
-0.0266548 0.000273066 -0.00316851
-0.0285301 0.000337025 -0.00493518
-0.030409 0.000400979 -0.00669332
-0.0322906 0.000468537 -0.00844241
-0.0341737 0.000540244 -0.010183
-0.0360565 0.000615798 -0.0119171
-0.0379362 0.00069535 -0.0136457
-0.0398093 0.000778152 -0.015367
-0.0416711 0.000861317 -0.0170763
-0.0435153 0.000941542 -0.0187688
-0.0453356 0.0010182 -0.0204411
-0.0471269 0.00109301 -0.0220901
-0.0488855 0.00116809 -0.0237128
-0.0506084 0.0012447 -0.025308
-0.052292 0.00132171 -0.0268753
-0.0539327 0.00139569 -0.0284143
-0.0555279 0.00146447 -0.0299237
-0.0570752 0.00152917 -0.0314018
-0.058571 0.00159218 -0.032848
-0.0600105 0.00165541 -0.0342624
-0.0613876 0.00171943 -0.0356452
-0.0626966 0.00178332 -0.0369973
-0.063934 0.00184565 -0.0383198
-0.0650963 0.00190483 -0.0396132
-0.06618 0.00195899 -0.0408768
-0.0671831 0.00200753 -0.0421095
-0.0681043 0.00205182 -0.0433092
-0.0689445 0.00209314 -0.0444736
-0.069707 0.00213148 -0.0456015
-0.0703957 0.00216736 -0.0466936
-0.071014 0.00220166 -0.0477533
-0.0715641 0.00223374 -0.048784
-0.072046 0.00226265 -0.0497868
-0.0724583 0.00228884 -0.0507598
-0.0727987 0.00231275 -0.051698
-0.0730642 0.00233449 -0.0525944
-0.0732512 0.00235383 -0.0534427
-0.0733567 0.00236973 -0.0542381
-0.0733784 0.00238178 -0.0549751
-0.073315 0.00239013 -0.0556472
-0.0731659 0.00239451 -0.0562468
-0.0729302 0.00239514 -0.0567656
-0.072608 0.00239273 -0.0571959
-0.0722001 0.00238721 -0.0575311
-0.0717087 0.00237736 -0.0577671
-0.0711381 0.0023619 -0.057903
-0.0704938 0.00234086 -0.0579394
-0.0697838 0.00231611 -0.0578776
-0.0690175 0.00228971 -0.0577194
-0.0682036 0.00226196 -0.0574677
-0.0673484 0.00223225 -0.0571271
-0.0664546 0.00220051 -0.056702
-0.0655224 0.00216748 -0.0561953
-0.0645504 0.0021335 -0.0556074
-0.0635346 0.0020979 -0.0549369
-0.0624688 0.00206002 -0.0541816
-0.0613466 0.00201921 -0.0533401
-0.0601632 0.00197443 -0.0524116
-0.0589152 0.00192512 -0.0513965
-0.0576013 0.00187196 -0.050297
-0.0562226 0.00181624 -0.049117
-0.0547794 0.00175929 -0.047862
-0.0532717 0.00170259 -0.0465379
-0.0517001 0.00164656 -0.0451504
-0.0500663 0.00159031 -0.0437032
-0.0483731 0.00153384 -0.0421992
-0.0466237 0.00147717 -0.04064
-0.044822 0.00141881 -0.0390274
-0.0429727 0.0013579 -0.0373647
-0.0410808 0.00129601 -0.0356559
-0.03915 0.00123493 -0.0339051
-0.0371833 0.00117473 -0.0321155
-0.0351825 0.00111458 -0.0302892
-0.0331495 0.00105197 -0.0284264
-0.0310864 0.00098282 -0.0265264
-0.0289961 0.000905195 -0.0245874
-0.0268817 0.000820084 -0.0226076
-0.0247458 0.000729437 -0.0205869
-0.0225906 0.000635923 -0.0185281
-0.0204185 0.000542134 -0.0164362
-0.0182326 0.000449751 -0.0143167
-0.0160361 0.000359709 -0.0121745
-0.0138324 0.000271821 -0.0100143
-0.0116244 0.000184032 -0.00784082
-0.0094142 9.24581e-05 -0.00565827
-0.00720186 -5.47055e-06 -0.00346984
-0.00498665 -0.000108092 -0.00127897
-0.00276714 -0.000208378 0.000909377
-0.000540814 -0.000284577 0.00308743
0.00169345 -0.000295741 0.00524353
0.00393399 -0.000227221 0.0073671
0.00618063 -0.000125158 0.009454
0.0084348 -3.97571e-05 0.0115028
0.0106954 2.39754e-05 0.0135107
0.0129594 8.55431e-05 0.0154738
0.0152235 0.000158534 0.0173884
0.0174866 0.000242129 0.0192515
0.0197481 0.000328804 0.0210608
0.0220045 0.000413091 0.0228141
0.0242482 0.000494005 0.0245088
0.026471 0.000573323 0.0261417
0.0286657 0.000653182 0.0277095
0.0308252 0.000734787 0.0292092
0.0329417 0.000816922 0.0306393
0.035005 0.000895612 0.0319997
0.0370032 0.000968379 0.033291
0.0389256 0.00103714 0.0345149
0.0407651 0.00110479 0.0356741
0.042519 0.00117193 0.0367721
0.0441885 0.00123746 0.0378124
0.0457786 0.00130066 0.038798
0.0472973 0.00136114 0.0397323
0.0487525 0.00141772 0.0406194
0.0501521 0.00147003 0.0414636
0.0515043 0.00152051 0.0422684
0.0528154 0.00157196 0.0430355
0.0540897 0.00162373 0.0437637
0.0553292 0.00167263 0.0444491
0.0565349 0.00171725 0.0450866
0.0577072 0.00175877 0.0456723
0.058845 0.0017986 0.046205
0.059946 0.00183773 0.0466871
0.0610077 0.00187683 0.047124
0.0620272 0.00191579 0.0475228
0.0630015 0.00195359 0.0478911
0.0639273 0.00198887 0.0482347
0.0648016 0.00202194 0.0485559
0.0656216 0.00205448 0.0488543
0.0663839 0.0020869 0.0491291
0.067084 0.00211759 0.0493801
0.0677165 0.0021448 0.049608
0.0682752 0.00216784 0.0498134
0.0687543 0.00218626 0.0499961
0.0691491 0.00219979 0.0501566
0.0694556 0.00220903 0.0502963
0.0696719 0.00221465 0.0504173
0.0697983 0.00221642 0.0505218
0.0698372 0.00221469 0.0506107
0.0697915 0.00221188 0.0506836
0.069664 0.00220997 0.0507388
0.0694565 0.00220808 0.0507745
0.0691702 0.00220411 0.0507891
0.0688062 0.00219634 0.0507814
0.0683663 0.00218413 0.0507508
0.0678539 0.00216885 0.0506976
0.0672733 0.00215267 0.0506232
0.0666298 0.00213577 0.0505287
0.065928 0.00211656 0.0504142
0.0651729 0.00209364 0.050279
0.0643711 0.00206698 0.050122
0.0635315 0.00203834 0.0499416
0.0626635 0.00201008 0.0497362
0.0617753 0.00198383 0.0495049
0.0608728 0.00195955 0.0492473
0.0599592 0.00193543 0.0489637
0.0590355 0.0019091 0.0486551
0.0581008 0.00187933 0.0483238
0.0571522 0.00184698 0.0479723
0.0561856 0.00181368 0.0476037
0.0551955 0.00178059 0.0472204
0.0541754 0.00174856 0.0468241
0.0531191 0.00171705 0.0464159
0.052019 0.00168415 0.0459965
0.0508685 0.00164882 0.0455664
0.0496628 0.00161106 0.0451255
0.0483997 0.00157134 0.0446739
0.0470802 0.00153081 0.0442126
0.0457091 0.00149121 0.0437435
0.0442931 0.00145324 0.043267
0.0428408 0.00141588 0.0427823
0.0413613 0.00137923 0.0422883
0.0398637 0.00134377 0.0417839
0.0383561 0.00130779 0.0412692
0.0368441 0.00127026 0.0407455
0.0353309 0.00123312 0.0402155
0.0338187 0.0011976 0.0396818
0.0323097 0.00116216 0.0391459
0.0308058 0.00112572 0.038609
0.029309 0.00108976 0.0380717
0.0278204 0.00105522 0.0375326
0.0263417 0.00102136 0.036989
0.0248749 0.000987319 0.0364358
0.0234231 0.000952509 0.0358664
0.0219912 0.000916893 0.0352752
0.0205847 0.000880644 0.0346586
0.0192087 0.000844241 0.0340142
0.0178666 0.000808909 0.0333401
0.0165587 0.000775641 0.0326346
0.0152817 0.000743846 0.031896
0.0140284 0.00071139 0.0311224
0.0127903 0.000676274 0.0303118
0.0115596 0.000637768 0.0294621
0.0103301 0.000596961 0.0285715
0.00909631 0.000555981 0.0276391
0.00785349 0.000515826 0.0266645
0.00659765 0.000475923 0.025647
0.00532565 0.000435657 0.0245861
0.00403512 0.000394496 0.0234815
0.00272459 0.00035137 0.0223336
0.00139366 0.00030583 0.0211428
4.35811e-05 0.000258273 0.0199108
-0.00132178 0.000210056 0.0186413
-0.00269599 0.00016336 0.0173394
-0.00407142 0.000118733 0.016011
-0.00543928 7.61468e-05 0.0146603
-0.00678952 3.75227e-05 0.0132893
-0.00811225 5.82162e-06 0.0118987
-0.00939929 -1.77982e-05 0.0104897
-0.0106445 -3.27871e-05 0.00906377
-0.011843 -3.43298e-05 0.00762273
-0.0129916 -2.09476e-05 0.00616897
-0.0140892 -2.25997e-06 0.00470507
-0.0151353 1.27335e-05 0.00323352
-0.0161293 2.55316e-05 0.00175628
-0.0170718 4.19861e-05 0.000275292
-0.0179653 6.40514e-05 -0.00120723
-0.0188136 8.99352e-05 -0.00268881
-0.0196218 0.000117367 -0.00416693
-0.0203948 0.000144691 -0.00563959
-0.0211375 0.000171997 -0.00710447
-0.0218548 0.000201015 -0.00855782
-0.0225509 0.000232629 -0.00999554
-0.0232285 0.000265881 -0.0114141
-0.0238893 0.000299532 -0.0128102
-0.0245347 0.000333141 -0.0141807
-0.025165 0.000367036 -0.0155232
-0.0257793 0.000401476 -0.0168351
-0.0263764 0.000435596 -0.0181139
-0.0269549 0.000468711 -0.0193577
-0.0275147 0.000500962 -0.020565
-0.0280567 0.000532314 -0.0217355
-0.0285818 0.000563528 -0.0228697
-0.0290907 0.000595687 -0.0239686
-0.0295841 0.000628419 -0.0250336
-0.0300616 0.000660081 -0.0260662
-0.0305217 0.000689101 -0.0270671
-0.0309619 0.000715299 -0.0280371
-0.0313784 0.000740267 -0.0289768
-0.0317654 0.000766304 -0.0298859
-0.0321175 0.000793742 -0.0307632
-0.032432 0.000820888 -0.0316079
-0.0327082 0.000846939 -0.0324182
-0.032947 0.000872699 -0.0331916
-0.0331497 0.000898248 -0.0339253
-0.0333181 0.000921196 -0.0346164
-0.0334524 0.00093898 -0.0352619
-0.0335512 0.000951969 -0.0358592
-0.0336131 0.000962401 -0.0364072
-0.0336386 0.000972072 -0.0369061
-0.0336284 0.000981799 -0.0373566
-0.033582 0.000991488 -0.0377593
-0.0334985 0.00100044 -0.0381156
-0.0333756 0.00100767 -0.0384278
-0.0332102 0.0010124 -0.0386976
-0.0329993 0.00101459 -0.0389235
-0.032739 0.00101461 -0.0391014
-0.0324257 0.00101243 -0.0392246
-0.0320569 0.00100772 -0.0392864
-0.03163 0.00100044 -0.0392817
-0.0311431 0.000990663 -0.0392081
-0.0305944 0.000978435 -0.0390649
-0.0299819 0.000964095 -0.0388523
-0.0293048 0.000947807 -0.0385707
-0.0285632 0.000929091 -0.0382199
-0.0277575 0.000907433 -0.0377988
-0.0268893 0.000882286 -0.0373059
-0.0259603 0.000853316 -0.0367391
-0.0249725 0.000821082 -0.0360957
-0.0239278 0.000785962 -0.035373
-0.0228291 0.000748064 -0.0345682
-0.0216808 0.000708654 -0.0336779
-0.0204892 0.000669371 -0.0326991
-0.0192612 0.000630907 -0.0316296
-0.0180029 0.000593154 -0.0304674
-0.0167193 0.000554372 -0.0292104
-0.0154143 0.000511803 -0.0278576
-0.0140901 0.000465466 -0.0264088
-0.0127484 0.000418672 -0.0248642
-0.0113918 0.0003732 -0.0232249
-0.0100241 0.000327332 -0.021494
-0.00864956 0.00027917 -0.0196761
-0.0072734 0.000228031 -0.0177767
-0.00590125 0.000173952 -0.0158023
-0.00453901 0.000116567 -0.0137616
-0.00319181 5.4292e-05 -0.0116656
-0.0018627 -1.40004e-05 -0.00952626
-0.000552498 -8.77948e-05 -0.00735645
0.000739348 -0.000164598 -0.00516887
0.00201345 -0.000240855 -0.00297414
0.0032696 -0.000304777 -0.000780096
0.00450634 -0.000319732 0.00140481
0.00572245 -0.00026226 0.00357236
0.00691914 -0.000174852 0.00571901
0.00809792 -0.00011267 0.00784377
0.00925823 -7.73164e-05 0.00994484
0.0103991 -4.03955e-05 0.01202
0.0115204 1.19471e-05 0.0140669
0.0126209 7.24877e-05 0.0160837
0.0136973 0.000131272 0.0180686
0.0147455 0.000186829 0.0200197
0.0157607 0.000242366 0.021935
0.0167372 0.000299384 0.0238131
0.0176696 0.000356765 0.0256529
0.0185548 0.00041279 0.0274539
0.0193929 0.000466847 0.0292154
0.0201853 0.000519568 0.030936
0.0209333 0.000571539 0.0326142
0.0216371 0.000622496 0.0342483
0.0222973 0.000672707 0.0358364
0.0229149 0.000723022 0.0373764
0.0234918 0.000773051 0.0388652
0.0240299 0.000821171 0.0403013
0.0245314 0.000865939 0.0416864
0.0249974 0.000907374 0.0430243
0.0254283 0.000946508 0.0443178
0.0258247 0.000984442 0.0455683
0.0261889 0.00102221 0.0467753
0.0265236 0.00106011 0.0479366
0.0268315 0.00109707 0.0490482
0.027116 0.00113156 0.0501048
0.0273808 0.00116292 0.0511021
0.0276293 0.00119148 0.0520366
0.0278635 0.00121839 0.052906
0.0280834 0.00124484 0.0537083
0.0282877 0.00127015 0.054442
0.0284749 0.00129268 0.0551059
0.0286429 0.00131193 0.0557006
0.0287882 0.00132839 0.0562285
0.0289055 0.00134312 0.0566921
0.0289884 0.00135682 0.0570925
0.0290311 0.00136898 0.0574312
0.0290296 0.00137858 0.0577104
0.0289815 0.00138464 0.0579332
0.0288855 0.00138719 0.0581044
0.0287396 0.00138803 0.0582279
0.0285415 0.00138887 0.0583073
0.0282899 0.00138977 0.0583471
0.0279847 0.00138983 0.058352
0.0276277 0.00138775 0.058326
0.0272226 0.00138191 0.058272
0.0267734 0.00137199 0.0581921
0.0262855 0.00135972 0.0580875
0.0257658 0.00134742 0.0579583
0.0252223 0.00133677 0.0578035
0.0246632 0.00132794 0.0576219
0.0240951 0.00131955 0.0574106
0.0235215 0.00131004 0.0571638
0.0229445 0.00129847 0.056875
0.0223639 0.00128444 0.0565371
0.0217783 0.00126734 0.0561411
0.0211864 0.00124629 0.0556767
0.0205879 0.00122173 0.0551351
0.0199826 0.00119513 0.0545091
0.0193696 0.0011673 0.0537933
0.018748 0.00113823 0.0529849
0.018116 0.00110736 0.0520833
0.0174714 0.0010745 0.0510882
0.0168116 0.00104054 0.0499996
0.0161333 0.00100561 0.048819
0.015432 0.000968266 0.0475494
0.0147034 0.000927379 0.0461943
0.0139431 0.000883752 0.044758
0.0131485 0.000840086 0.0432464
0.0123182 0.000798247 0.0416685
0.0114523 0.000758496 0.0400344
0.0105523 0.000720977 0.0383547
0.00962057 0.000683983 0.0366396
0.00866052 0.00064445 0.0348974
0.00767586 0.000602108 0.0331353
0.00667049 0.000559113 0.0313605
0.00564846 0.000515718 0.0295791
0.0046146 0.000469738 0.0277968
0.00357375 0.000419911 0.0260188
0.0025307 0.000367423 0.0242506
0.00149095 0.000314382 0.0224971
0.00046002 0.000261867 0.0207622
-0.00055691 0.000209975 0.0190483
-0.0015551 0.000158263 0.0173571
-0.00253019 0.000106094 0.015688
-0.00347782 5.45343e-05 0.0140384
-0.00439416 6.15128e-06 0.012405
-0.00527669 -3.80315e-05 0.0107858
-0.0061241 -7.84519e-05 0.00918102
-0.00693561 -0.00011376 0.0075912
-0.00770979 -0.000137599 0.00601774
-0.00844506 -0.000144206 0.00446307
-0.00914068 -0.000139047 0.00293023
-0.00979631 -0.000132023 0.00142312
-0.0104116 -0.000125237 -5.35183e-05
-0.0109865 -0.00011505 -0.00149426
-0.0115219 -9.8547e-05 -0.00289308
-0.0120207 -7.73252e-05 -0.0042437
-0.0124859 -5.58961e-05 -0.00554078
-0.0129214 -3.6058e-05 -0.00678096
-0.0133321 -1.60562e-05 -0.00796206
-0.0137229 5.72293e-06 -0.00908239
-0.014098 2.92055e-05 -0.0101407
-0.0144607 5.33684e-05 -0.0111362
-0.0148131 7.70732e-05 -0.0120685
-0.015155 9.9671e-05 -0.0129381
-0.0154851 0.000120305 -0.0137463
-0.0158021 0.000138652 -0.0144944
-0.0161035 0.0001562 -0.015183
-0.0163865 0.000173821 -0.0158142
-0.0166472 0.000189781 -0.016391
-0.0168816 0.000202383 -0.0169164
-0.0170856 0.00021235 -0.0173934
-0.0172558 0.000221409 -0.0178235
-0.0173895 0.000230701 -0.0182074
-0.0174859 0.000239532 -0.0185466
-0.017544 0.000246266 -0.0188431
-0.0175633 0.000250454 -0.0190995
-0.0175451 0.0002525 -0.0193189
-0.0174902 0.000253472 -0.0195033
-0.0174002 0.000254617 -0.0196519
-0.0172786 0.000255696 -0.019762
-0.0171302 0.000255305 -0.0198312
-0.0169602 0.000253085 -0.0198574
-0.0167736 0.000250084 -0.0198395
-0.0165736 0.000247002 -0.0197772
-0.0163618 0.00024301 -0.0196709
-0.0161388 0.000237162 -0.0195217
-0.0159047 0.000230298 -0.0193309
-0.0156591 0.000223245 -0.0191004
-0.0154019 0.000215222 -0.0188315
-0.0151333 0.000205011 -0.0185245
-0.0148541 0.000191679 -0.0181796
-0.0145639 0.000175547 -0.0177965
-0.0142615 0.000158328 -0.0173754
-0.0139458 0.000141383 -0.0169164
-0.0136168 0.000125327 -0.0164176
-0.0132738 0.000110001 -0.0158762
-0.0129155 9.41842e-05 -0.015289
-0.0125401 7.65945e-05 -0.014653
-0.0121459 5.75781e-05 -0.0139658
-0.0117306 3.88071e-05 -0.0132268
-0.0112925 2.08334e-05 -0.0124375
-0.0108308 2.59645e-06 -0.0116019
-0.0103454 -1.65982e-05 -0.0107255
-0.00983701 -3.58189e-05 -0.0098145
-0.00930591 -5.43332e-05 -0.00887424
-0.00875202 -7.29662e-05 -0.00790662
-0.00817572 -9.16475e-05 -0.00691186
-0.00757844 -0.00010971 -0.00588996
-0.00696153 -0.000128064 -0.00484097
-0.00632544 -0.000147048 -0.00376558
-0.00567024 -0.000165759 -0.00266461
-0.00499675 -0.000184069 -0.00153914
-0.00430672 -0.000202803 -0.000392063
-0.00360224 -0.000222336 0.000772834
-0.00288591 -0.000240719 0.00195178
-0.0021612 -0.000253589 0.00313946
-0.00143157 -0.000256712 0.00432981
-0.000700328 -0.000248599 0.00551729
2.91486e-05 -0.000230853 0.00669641
0.000754269 -0.000207903 0.0078621
0.00147308 -0.000184752 0.0090098
0.00218306 -0.000162686 0.0101347
0.00288129 -0.000139878 0.0112319
0.00356465 -0.0001151 0.0122968
0.0042298 -8.89176e-05 0.0133246
0.00487413 -6.23347e-05 0.0143111
0.00549528 -3.5701e-05 0.0152524
0.00609092 -9.3022e-06 0.0161445
0.00666051 1.61675e-05 0.0169841
0.00720488 4.02197e-05 0.0177694
0.00772501 6.27076e-05 0.0184987
0.00822197 8.35144e-05 0.0191701
0.00869703 0.000102686 0.019782
0.00915176 0.000120288 0.0203325
0.00958769 0.000137169 0.0208199
0.0100055 0.000154156 0.0212425
0.0104051 0.000170422 0.0215992
0.010786 0.000184184 0.0218895
0.0111484 0.000194267 0.0221128
0.0114931 0.000201657 0.0222676
0.0118222 0.000208264 0.0223529
0.0121379 0.000214002 0.0223675
0.0124422 0.00021733 0.0223108
0.0127361 0.000217867 0.0221822
0.0130201 0.000216353 0.021982
0.0132945 0.000213511 0.0217114
0.0135607 0.000209685 0.0213725
0.01382 0.000204733 0.0209676
0.0140739 0.000198282 0.0204986
0.0143236 0.000190612 0.0199681
0.0145696 0.000182762 0.0193789
0.0148111 0.00017476 0.018734
0.0150466 0.000166116 0.0180358
0.0152744 0.00015684 0.0172864
0.0154935 0.000147175 0.0164872
0.0157032 0.000138093 0.0156385
0.0159025 0.000130067 0.0147391
0.0160907 0.00012226 0.0137882
0.0162669 0.000114157 0.0127865
0.0164305 0.00010547 0.0117355
0.0165809 9.54778e-05 0.0106375
0.0167169 8.46215e-05 0.00949546
0.0168364 7.41942e-05 0.00831222
0.0169375 6.44915e-05 0.00709077
0.0170181 5.53884e-05 0.00583583
0.0170755 4.68728e-05 0.00455402
0.0171063 3.91287e-05 0.00325271
0.0171071 3.27069e-05 0.00193991
0.0170757 2.79166e-05 0.000624977
0.0170109 2.49602e-05 -0.000682592
0.0169122 2.37424e-05 -0.00197428
0.0167794 2.39038e-05 -0.00324224
0.0166145 2.49413e-05 -0.00447994
0.016421 2.58371e-05 -0.0056827
0.0162041 2.64881e-05 -0.00684715
0.0159701 2.80191e-05 -0.00797029
0.0157237 3.11771e-05 -0.00904925
0.0154686 3.55569e-05 -0.010082
0.0152071 4.1478e-05 -0.0110678
0.0149411 5.05567e-05 -0.0120054
0.0146721 6.22367e-05 -0.0128937
0.0144009 7.40417e-05 -0.0137316
0.014128 8.39096e-05 -0.0145183
0.0138534 9.13577e-05 -0.0152525
0.0135765 9.77843e-05 -0.0159332
0.0132956 0.000104488 -0.0165588
0.0130087 0.000111584 -0.0171277
0.0127143 0.000118161 -0.0176389
0.0124103 0.000123388 -0.0180922
0.0120938 0.000127064 -0.0184884
0.011761 0.000129117 -0.0188289
0.0114081 0.000129637 -0.019115
0.0110317 0.000128732 -0.0193473
0.0106292 0.000126338 -0.0195251
0.0101986 0.000122124 -0.0196468
0.0097396 0.000116136 -0.0197105
0.00925251 0.00010906 -0.0197144
0.00873766 0.000101136 -0.0196571
0.00819526 9.23804e-05 -0.0195375
0.00762534 8.28577e-05 -0.0193553
0.00702795 7.2533e-05 -0.0191112
0.00640418 6.13817e-05 -0.0188068
0.00575585 4.905e-05 -0.0184435
0.00508534 3.48696e-05 -0.0180223
0.00439511 1.89706e-05 -0.0175437
0.00368716 2.94319e-06 -0.0170071
0.00296415 -1.28551e-05 -0.0164116
0.00222973 -2.97455e-05 -0.0157572
0.00148715 -4.83692e-05 -0.0150444
0.000739153 -6.84207e-05 -0.0142738
-1.14694e-05 -8.88049e-05 -0.0134466
-0.000762467 -0.000108567 -0.0125638
-0.00151231 -0.000127603 -0.0116268
-0.0022592 -0.000146116 -0.0106369
-0.0030012 -0.000164539 -0.00959582