-5.55847e-06 -0.000155027 -4.33306e-06
-2.65498e-05 -0.0001552 -2.00415e-05
-6.35015e-05 -0.000154675 -4.56705e-05
-0.000108812 -0.000153935 -7.30026e-05
-0.000157389 -0.000153854 -9.62816e-05
-0.000207764 -0.00015449 -0.000113053
-0.000259897 -0.000154898 -0.000121432
-0.000313485 -0.000154919 -0.0001201
-0.000368031 -0.000155157 -0.000110458
-0.000424761 -0.000154715 -9.64348e-05
-0.00048505 -0.000153491 -8.19885e-05
-0.00054866 -0.000153419 -6.9491e-05
-0.000614866 -0.000154963 -5.99233e-05
-0.000681252 -0.000156249 -5.35684e-05
-0.000743941 -0.000156153 -5.0585e-05
-0.00080282 -0.000155521 -5.23703e-05
-0.000863097 -0.000154715 -6.3082e-05
-0.000928521 -0.000153904 -8.66371e-05
-0.000995359 -0.000154065 -0.000122939
-0.00105549 -0.00015452 -0.000168827
-0.00110216 -0.000154694 -0.000218721
-0.00113038 -0.000155576 -0.000266082
-0.0011382 -0.000156455 -0.000307195
-0.00112775 -0.000156207 -0.000341121
-0.00110071 -0.000155525 -0.00036717
-0.00105628 -0.000155199 -0.000384436
-0.000994435 -0.000154973 -0.000393817
-0.000916866 -0.000154467 -0.000400049
-0.000824359 -0.000154223 -0.000410063
-0.000717457 -0.000154823 -0.000429275
-0.000598285 -0.000155685 -0.000459906
-0.000469157 -0.000155898 -0.000501855
-0.000330975 -0.000155629 -0.00055401
-0.000183547 -0.000155405 -0.000615056
-2.74344e-05 -0.000154796 -0.000683768
0.000136249 -0.000153845 -0.000757595
0.00030608 -0.000154443 -0.000832054
0.000478243 -0.000156189 -0.000903357
0.000644901 -0.00015659 -0.000969936
0.000795202 -0.00015614 -0.00103109
0.000920974 -0.000155797 -0.00108601
0.00102247 -0.000154952 -0.00113373
0.00110827 -0.000153552 -0.00117335
0.00119097 -0.00015279 -0.00120394
0.00128055 -0.000153411 -0.00122526
0.00138081 -0.000154412 -0.00123918
0.00149328 -0.000155113 -0.00124803
0.00162063 -0.00015526 -0.00125131
0.00176599 -0.000154105 -0.00124524
0.00193223 -0.00015237 -0.00122496
0.00212113 -0.000150728 -0.00118828
0.00233189 -0.000147638 -0.00113661
0.00256072 -0.000143185 -0.00107174
0.00280261 -0.000139689 -0.000994523
0.00305389 -0.000137516 -0.000905947
0.00331216 -0.00013538 -0.000807717
0.00357298 -0.000133226 -0.000703696
0.00382892 -0.000131033 -0.000599039
0.00407372 -0.0001277 -0.000496834
0.00430553 -0.000123687 -0.000399348
0.00452404 -0.000120451 -0.00031054
0.00472693 -0.000117057 -0.000234505
0.00491189 -0.000112673 -0.000174612
0.00507995 -0.000109099 -0.000133504
0.00523422 -0.000106754 -0.000111268
0.00537571 -0.000103689 -0.000105155
0.00550242 -9.93853e-05 -0.000110568
0.00561013 -9.57145e-05 -0.000122643
0.00569016 -9.35279e-05 -0.000138394
0.00572894 -9.22529e-05 -0.000157059
0.0057112 -9.24313e-05 -0.000180842
0.00562405 -9.47188e-05 -0.000214819
0.0054595 -9.91274e-05 -0.000263262
0.00521405 -0.000105392 -0.000327523
0.00488855 -0.00011256 -0.000406114
0.0044905 -0.000120018 -0.000494257
0.0040335 -0.000128679 -0.000584698
0.00353179 -0.000138283 -0.000669554
0.00299863 -0.000146385 -0.000742359
0.00244782 -0.000152087 -0.000799458
0.00189057 -0.000155933 -0.000837477
0.0013334 -0.000157579 -0.000850115
0.00078104 -0.000156891 -0.000830965
0.000238764 -0.000155731 -0.000777388
-0.000288163 -0.000155818 -0.000691106
-0.000795803 -0.000156079 -0.00057893
-0.00128081 -0.000155318 -0.000451519
-0.0017382 -0.000153623 -0.000317692
-0.00216294 -0.000150957 -0.000180701
-0.00255585 -0.000147893 -4.1217e-05
-0.00292528 -0.000145302 9.99997e-05
-0.00328153 -0.000142414 0.000242281
-0.00363009 -0.000137735 0.000383354
-0.00396883 -0.000131173 0.000519602
-0.00428981 -0.000123541 0.000650685
-0.00458326 -0.000115922 0.000779099
-0.00484213 -0.000109607 0.000904472
-0.00506246 -0.000104976 0.00102194
-0.00523915 -0.000101169 0.00112656
-0.00536687 -9.76715e-05 0.00121789
-0.00544596 -9.52927e-05 0.00129924
-0.00548424 -9.44192e-05 0.00137415
-0.00549156 -9.37479e-05 0.00144386
-0.00547421 -9.24755e-05 0.00150798
-0.00543612 -9.16038e-05 0.00156672
-0.00538021 -9.22338e-05 0.00162116
-0.00530498 -9.47496e-05 0.00167316
-0.00520314 -9.85031e-05 0.00172661
-0.00506729 -0.000101907 0.0017873
-0.00489792 -0.000104355 0.00186035
-0.00470181 -0.00010726 0.00194907
-0.00448369 -0.000110936 0.00205532
-0.00424572 -0.000113287 0.00217846
-0.00399212 -0.000115423 0.00231338
-0.0037289 -0.000120754 0.00245146
-0.00345893 -0.000126809 0.00258646
-0.00317963 -0.000128775 0.0027187
-0.00288551 -0.000128591 0.00285165
-0.00257242 -0.000130063 0.00298739
-0.00223985 -0.000132255 0.00312378
-0.00188778 -0.000134069 0.00325242
-0.00151329 -0.000136362 0.00336174
-0.00111421 -0.000138886 0.00344321
-0.000694744 -0.000140031 0.00349369
-0.000265663 -0.00013969 0.00351431
0.00016091 -0.00013907 0.00350977
0.000578572 -0.000138231 0.0034868
0.000989103 -0.00013706 0.00345182
0.00139467 -0.000135683 0.00341008
0.00179165 -0.000133364 0.00336394
0.00217521 -0.000129209 0.00331299
0.00254225 -0.000124171 0.00325547
0.00288799 -0.0001202 0.00318778
0.00320561 -0.000117057 0.00310769
0.00348895 -0.00011416 0.0030184
0.003733 -0.000112416 0.00292642
0.00393482 -0.00011149 0.0028369
0.00409743 -0.000110465 0.00275061
0.00423201 -0.000110022 0.00266312
0.00435479 -0.000109767 0.00256874
0.00447854 -0.000107585 0.0024643
0.00460292 -0.000104671 0.00234406
0.00471621 -0.000103181 0.0021967
0.0048075 -0.000103149 0.00201427
0.00487445 -0.000104615 0.00179982
0.0049213 -0.000106293 0.0015629
0.00495258 -0.000107381 0.00131135
0.00496908 -0.000108799 0.00105015
0.00496747 -0.000110184 0.000784271
0.00494277 -0.000110651 0.000516839
0.00489079 -0.000111427 0.000245792
0.00480556 -0.000113932 -3.40748e-05
0.00467664 -0.000117119 -0.000327145
0.00449278 -0.000119956 -0.000636454
0.00424818 -0.000123333 -0.000965485
0.00394508 -0.000127613 -0.00131695
0.00359053 -0.000131264 -0.00168802
0.00319136 -0.000133197 -0.00206857
0.00275351 -0.00013449 -0.00244311
0.00228488 -0.000135944 -0.00279285
0.00179633 -0.000136405 -0.00309954
0.00129779 -0.000135834 -0.00335262
0.000792935 -0.000135368 -0.00355449
0.000278153 -0.000134882 -0.00371851
-0.000254816 -0.0001331 -0.00385988
-0.000814655 -0.000129113 -0.00398723
-0.00140419 -0.000123633 -0.00410322
-0.00201819 -0.000116119 -0.00420668
-0.00264715 -0.000106774 -0.00429046
-0.00327936 -9.89452e-05 -0.00434335
-0.00390326 -9.23014e-05 -0.00435569
-0.00451212 -8.40554e-05 -0.00432061
-0.00510687 -7.46363e-05 -0.00423373
-0.00569525 -6.47866e-05 -0.00409574
-0.00628679 -5.34472e-05 -0.00391484
-0.00688646 -4.03652e-05 -0.00370698
-0.00748939 -2.73233e-05 -0.00349291
-0.00808094 -1.58183e-05 -0.0032892
-0.00864226 -5.33755e-06 -0.00310137
-0.00915483 5.40203e-06 -0.00292754
-0.00960202 1.5422e-05 -0.00276441
-0.00996876 2.3057e-05 -0.00261021
-0.0102413 2.93298e-05 -0.00246733
-0.0104094 3.43611e-05 -0.00233958
-0.0104663 3.60314e-05 -0.00222639
-0.0104092 3.35941e-05 -0.00212594
-0.0102437 2.84412e-05 -0.00204112
-0.00998461 2.15722e-05 -0.00197564
-0.00965345 1.1849e-05 -0.00192673
-0.00927606 -6.6268e-07 -0.0018855
-0.00887925 -1.25839e-05 -0.00184082
-0.008484 -2.26137e-05 -0.0017839
-0.00810193 -3.35118e-05 -0.00171379
-0.00773548 -4.59291e-05 -0.00163602
-0.00737974 -5.61621e-05 -0.00155472
-0.00702295 -6.34039e-05 -0.00146976
-0.00664686 -7.17256e-05 -0.00137776
-0.00623275 -8.10231e-05 -0.00127279
-0.00576858 -8.94794e-05 -0.00114983
-0.00525001 -0.000101261 -0.00100792
-0.00468027 -0.000116996 -0.000850852
-0.00407385 -0.000130286 -0.000684235
-0.00345626 -0.000139332 -0.00050943
-0.00285695 -0.000146492 -0.000321176
-0.00230183 -0.000151219 -0.000112003
-0.00180758 -0.000153168 0.000120856
-0.001379 -0.000154564 0.000371612
-0.00100977 -0.000156692 0.000628712
-0.000687267 -0.000159201 0.000881009
-0.00040132 -0.000161914 0.00112128
-0.000149533 -0.000163713 0.00134576
6.71724e-05 -0.000162204 0.00155253
0.00025278 -0.000157998 0.00174115
0.00041697 -0.000153609 0.00191229
0.000572757 -0.000150099 0.00206587
0.000737589 -0.000148676 0.00220164
0.000929708 -0.000148943 0.00232187
0.00115979 -0.00014886 0.00242976
0.00142756 -0.000148083 0.00252547
0.00172514 -0.000146271 0.00260734
0.00204272 -0.000141972 0.00267574
0.0023714 -0.000135855 0.00273202
0.0027033 -0.000129854 0.00277461
0.00303278 -0.000124958 0.00279848
0.00335683 -0.000121934 0.00279743
0.00367077 -0.000119827 0.00276569
0.00396517 -0.000116456 0.00269988
0.00422628 -0.000111853 0.00259895
0.00443545 -0.000107898 0.00246136
0.00457163 -0.000105528 0.00228732
0.00462102 -0.000104923 0.00208398
0.00458615 -0.000106478 0.00186284
0.00448387 -0.000110862 0.00163476
0.00433667 -0.00011826 0.00140705
0.00416838 -0.000125694 0.00117964
0.00400168 -0.000128727 0.000946443
0.0038563 -0.000128441 0.000701068
0.00374855 -0.000129401 0.00043959
0.00369036 -0.000131723 0.000160004
0.00368941 -0.000133258 -0.000139695
0.00374815 -0.000133466 -0.00045962
0.00386001 -0.000131974 -0.00079643
0.00400715 -0.000128402 -0.0011482
0.00416348 -0.000122865 -0.00151802
0.00429988 -0.000115246 -0.00191245
0.00438809 -0.000106816 -0.0023375
0.00441187 -9.98179e-05 -0.00279455
0.00437874 -9.41675e-05 -0.00327915
0.00431336 -8.91255e-05 -0.00378209
0.00424564 -8.45352e-05 -0.00429185
0.00420971 -7.92941e-05 -0.00479584
0.00423737 -7.16211e-05 -0.00527853
0.00434364 -6.08018e-05 -0.00572328
0.00452498 -4.8741e-05 -0.00612154
0.00476865 -3.6964e-05 -0.00648074
0.0050592 -2.38755e-05 -0.00682055
0.00538017 -9.4661e-06 -0.00715813
0.00571524 3.59119e-06 -0.00749866
0.00604846 1.49237e-05 -0.00783758
0.00636386 2.63669e-05 -0.00816629
0.00664878 4.00133e-05 -0.00847764
0.00689618 5.51232e-05 -0.00876587
0.00710325 6.69422e-05 -0.00902161
0.00726764 7.37221e-05 -0.00923511
0.00738593 7.83749e-05 -0.00940552
0.00745835 8.22642e-05 -0.00953919
0.00749261 8.43434e-05 -0.00963807
0.00750141 8.4135e-05 -0.00969531
0.00749588 8.23822e-05 -0.00969943
0.00748049 8.02405e-05 -0.00963857
0.00745463 7.80572e-05 -0.00950417
0.00741622 7.50575e-05 -0.00929469
0.0073616 6.95913e-05 -0.00901668
0.0072856 5.94873e-05 -0.00868351
0.00718437 4.52392e-05 -0.00831357
0.00705716 3.07454e-05 -0.00792265
0.00690568 1.87701e-05 -0.00751523
0.00673326 8.36962e-06 -0.00708803
0.00654324 -2.87358e-06 -0.00663726
0.00633759 -1.46991e-05 -0.00615985
0.00611763 -2.5433e-05 -0.00565375
0.00588395 -3.70694e-05 -0.0051173
0.00563628 -5.323e-05 -0.00454836
0.0053738 -7.24606e-05 -0.00394572
0.00509515 -8.93829e-05 -0.00331002
0.00479787 -0.000102813 -0.00264303
0.00447456 -0.000116199 -0.00194749
0.00410773 -0.000129979 -0.00123068
0.00367065 -0.000141192 -0.000504668
0.00314004 -0.000149758 0.000220425
0.00250989 -0.000156031 0.000937538
0.00179094 -0.000157295 0.00163758
0.00100033 -0.000153981 0.00231185
0.000154697 -0.000148304 0.00295758
-0.000729888 -0.00013893 0.00357792
-0.00163879 -0.00012506 0.00418201
-0.00256246 -0.000106407 0.00478423
-0.00349884 -8.20104e-05 0.0053963
-0.00445392 -5.38202e-05 0.00602325
-0.00543426 -2.33676e-05 0.00666765
-0.00643496 1.07309e-05 0.00732939
-0.00744241 4.67938e-05 0.00800153
-0.00844714 8.03375e-05 0.00867238
-0.00944354 0.000112199 0.00933034
-0.0104222 0.0001462 0.00996385
-0.0113727 0.000181479 0.0105614
-0.0122905 0.00021629 0.0111149
-0.0131759 0.00025081 0.0116182
-0.0140281 0.000283535 0.0120634
-0.0148401 0.000313168 0.0124414
-0.0156029 0.000339641 0.0127447
-0.016314 0.000361371 0.0129742
-0.0169768 0.000377477 0.0131467
-0.0175915 0.000390737 0.0132897
-0.0181527 0.000403733 0.013423
-0.0186559 0.000416813 0.0135499
-0.0190933 0.000431646 0.0136616
-0.0194459 0.000447841 0.0137474
-0.0196933 0.000459985 0.0138005
-0.0198244 0.00046514 0.013819
-0.0198408 0.000465613 0.0138075
-0.0197586 0.000463036 0.0137729
-0.0196065 0.000456628 0.013719
-0.0194142 0.000447624 0.0136466
-0.0191963 0.000439805 0.013559
-0.0189455 0.000434217 0.0134625
-0.0186418 0.000428261 0.0133628
-0.018268 0.000418308 0.0132623
-0.0178155 0.000400181 0.0131611
-0.0172787 0.000374186 0.0130586
-0.0166547 0.000349272 0.0129564
-0.0159468 0.000331833 0.0128594
-0.0151635 0.000318415 0.0127729
-0.0143158 0.000303496 0.0126967
-0.0134141 0.000282453 0.0126239
-0.0124677 0.000254524 0.0125467
-0.0114885 0.000225986 0.01246
-0.0104953 0.000201514 0.012364
-0.00950757 0.000178104 0.0122629
-0.00853233 0.000152581 0.0121597
-0.0075647 0.00012903 0.0120538
-0.00660277 0.000111318 0.011942
-0.00565182 9.66877e-05 0.011819
-0.00471364 8.18614e-05 0.0116776
-0.00378045 6.6655e-05 0.0115081
-0.002844 5.2531e-05 0.0112995
-0.00190609 3.93466e-05 0.0110436
-0.000977185 2.695e-05 0.0107366
-6.88423e-05 1.77691e-05 0.0103758
0.000813707 1.10027e-05 0.00995741
0.00167683 3.62859e-06 0.00947741
0.00253629 -4.27228e-06 0.0089298
0.00341045 -1.19433e-05 0.00830532
0.00431507 -1.93972e-05 0.00760044
0.00525792 -2.50089e-05 0.00682969
0.00623563 -2.57182e-05 0.0060237
0.00723529 -2.11413e-05 0.00520984
0.00823614 -1.34421e-05 0.00440111
0.00921093 -2.69886e-06 0.0036052
0.0101275 1.17283e-05 0.00283015
0.0109512 2.79701e-05 0.00207962
0.011647 4.44611e-05 0.00135007
0.0121862 6.13862e-05 0.000634138
0.0125578 7.84098e-05 -7.7431e-05
0.0127714 9.23248e-05 -0.00079765
0.0128453 9.94927e-05 -0.00153993
0.0128038 0.000101978 -0.00231104
0.0126839 0.000103181 -0.00311027
0.0125324 0.000103944 -0.00393426
0.0123936 0.000107459 -0.00478022
0.0122963 0.000114868 -0.00564652
0.0122521 0.000123878 -0.0065347
0.0122643 0.00013566 -0.0074476
0.0123278 0.000152398 -0.00837602
0.0124165 0.000172902 -0.00929218
0.0124856 0.000195039 -0.0101695
0.0124883 0.000217746 -0.011006
0.0123958 0.000239092 -0.0118231
0.0122102 0.000256247 -0.012646
0.01196 0.000269452 -0.0134843
0.0116831 0.000281965 -0.0143316
0.0114176 0.000294579 -0.0151712
0.0111999 0.000306403 -0.0159759
0.0110557 0.000318868 -0.0167161
0.0109913 0.000334064 -0.0173731
0.0109967 0.000353387 -0.0179428
0.0110513 0.000375141 -0.0184337
0.0111284 0.000392744 -0.0188598
0.0111993 0.000402716 -0.0192368
0.0112359 0.000408743 -0.0195797
0.0112133 0.000413378 -0.0198943
0.0111157 0.000415283 -0.0201763
0.0109354 0.000416237 -0.0204186
0.0106702 0.00042011 -0.0206167
0.0103248 0.000423888 -0.0207686
0.00990673 0.000422669 -0.0208744
0.00941916 0.000420042 -0.0209343
0.00885936 0.000419464 -0.0209489
0.00822543 0.000415769 -0.0209159
0.00751807 0.00040734 -0.020828
0.00673815 0.000398385 -0.0206735
0.00589002 0.000384904 -0.020443
0.00498518 0.000361229 -0.0201322
0.00403774 0.00033341 -0.0197421
0.00306044 0.00031059 -0.0192786
0.00206702 0.000293727 -0.0187552
0.00107448 0.000278833 -0.0181955
0.000104129 0.000262716 -0.0176274
-0.000825767 0.00024245 -0.017069
-0.00171389 0.000219347 -0.0165204
-0.00257531 0.000199281 -0.0159667
-0.00342941 0.00018232 -0.0153829
-0.00429708 0.000165792 -0.0147459
-0.00519905 0.00015289 -0.0140441
-0.00614481 0.000145635 -0.0132801
-0.00712906 0.000141069 -0.012467
-0.00813793 0.000137764 -0.0116227
-0.00914878 0.000134966 -0.0107651
-0.0101285 0.000132787 -0.00990806
-0.0110421 0.000133653 -0.00906023
-0.0118621 0.000137144 -0.00822392
-0.0125705 0.000140539 -0.00739561
-0.0131607 0.000141992 -0.00656873
-0.0136387 0.000143386 -0.00573475
-0.0140156 0.000147307 -0.00488405
-0.0143038 0.000149469 -0.00400654
-0.0145202 0.000146349 -0.00308778
-0.0146864 0.000142873 -0.00211199
-0.0148314 0.000143833 -0.00107235
-0.0149882 0.000148097 2.54284e-05
-0.0151814 0.000154823 0.00116877
-0.0154207 0.000167772 0.00234428
-0.0157018 0.000186941 0.00353927
-0.0160019 0.00020671 0.00474034
-0.0162788 0.000228666 0.00593371
-0.0164805 0.000256849 0.00711042
-0.0165584 0.000283959 0.00826755
-0.0164787 0.000300983 0.00940113
-0.0162298 0.000309023 0.0105011
-0.0158213 0.000313866 0.011552
-0.015278 0.000318068 0.012538
-0.0146296 0.000320772 0.0134519
-0.0138989 0.00032248 0.0143036
-0.0131016 0.000325276 0.0151115
-0.0122546 0.000329366 0.0158835
-0.0113778 0.000331361 0.0166091
-0.0104892 0.000327916 0.0172682
-0.00959949 0.00032213 0.0178426
-0.00870994 0.000318365 0.018324
-0.00781385 0.0003148 0.018716
-0.00689942 0.000309721 0.0190274
-0.00595215 0.000307288 0.0192719
-0.00495475 0.000311359 0.0194696
-0.00388961 0.000319533 0.019638
-0.00274934 0.000325667 0.0197866
-0.00154469 0.000327125 0.0199176
-0.000302397 0.000327756 0.0200252
0.000941752 0.000329675 0.0200959
0.00215206 0.000328264 0.020116
0.00329835 0.000321146 0.020079
0.00435727 0.000313823 0.0199848
0.00531837 0.000312803 0.0198308
0.00618892 0.000318794 0.0196074
0.00698744 0.000327646 0.0193079
0.00773021 0.000334297 0.0189407
0.00842373 0.000335531 0.0185241
0.0090693 0.000331165 0.0180744
0.00966965 0.000323504 0.0175975
0.0102285 0.000315886 0.0170874
0.0107499 0.000308803 0.0165343
0.0112406 0.000300469 0.0159359
0.0117088 0.000292331 0.0152935
0.0121572 0.000286639 0.0146071
0.0125833 0.000282667 0.0138768
0.0129822 0.000276946 0.0131083
0.0133444 0.000265032 0.0123125
0.0136602 0.0002489 0.0115061
0.0139264 0.000237214 0.0107097
0.014145 0.000230654 0.00994049
0.0143149 0.000220475 0.00920683
0.0144303 0.000207125 0.00851251
0.0144837 0.000197213 0.00786006
0.0144683 0.000186555 0.00724669
0.0143796 0.000171785 0.0066637
0.0142175 0.000160489 0.00610151
0.0139889 0.000154794 0.00554576
0.0137048 0.000146639 0.00496798
0.0133772 0.000130455 0.00433382
0.0130097 0.000108596 0.00361904
0.0125928 8.77652e-05 0.00281059
0.0121144 6.96782e-05 0.00190305
0.0115723 5.00723e-05 0.000900395
0.0109734 2.90348e-05 -0.000181364
0.0103277 1.09592e-05 -0.00131588
0.00964599 -1.24171e-06 -0.00247264
0.00894571 -7.92201e-06 -0.00362755
0.0082486 -1.10572e-05 -0.00477407
0.00756887 -9.2947e-06 -0.00592137
0.00690505 -7.07006e-07 -0.00708261
0.00624601 1.39174e-05 -0.00826594
0.00558626 3.43248e-05 -0.0094712
0.00493158 5.79386e-05 -0.010691
0.00428718 8.13045e-05 -0.011911
0.00364617 0.000106772 -0.0131083
0.00299388 0.000135887 -0.0142524
0.00231985 0.00016767 -0.0153074
0.00162347 0.000202943 -0.0162436
0.000909049 0.000238893 -0.0170479
0.000179543 0.000269624 -0.0177258
-0.00056054 0.00029108 -0.0182969
-0.0013004 0.000302394 -0.0187845
-0.00202882 0.000308193 -0.0192057
-0.00274119 0.000314314 -0.0195627
-0.00343394 0.000320351 -0.0198457
-0.00409451 0.000324372 -0.0200434
-0.00470034 0.000330084 -0.0201488
-0.00522931 0.000340185 -0.0201611
-0.00567346 0.000349872 -0.0200863
-0.0060438 0.000353607 -0.019931
-0.00636348 0.000349467 -0.019698
-0.00665984 0.000338026 -0.0193852
-0.00695743 0.000323532 -0.0189824
-0.00726488 0.000310453 -0.0184733
-0.00756869 0.000299175 -0.0178478
-0.00784422 0.000286182 -0.0171073
-0.00806904 0.000267429 -0.016262
-0.00823086 0.000242777 -0.015326
-0.00833064 0.000215902 -0.0143163
-0.00837982 0.000188309 -0.0132538
-0.00839681 0.000156859 -0.01216
-0.0084037 0.00012282 -0.0110493
-0.00841986 9.29685e-05 -0.00992337
-0.00845538 6.78666e-05 -0.00877609
-0.00851279 4.39436e-05 -0.00760207
-0.00859051 2.25919e-05 -0.00640013
-0.00867755 6.44442e-06 -0.00517385
-0.00874974 -4.38065e-06 -0.00393127
-0.00877984 -1.28035e-05 -0.00268191
-0.00875269 -2.37163e-05 -0.00143559
-0.0086671 -3.53508e-05 -0.000202831
-0.00852543 -4.08653e-05 0.00100785
-0.00832541 -3.93288e-05 0.00218867
-0.00806163 -3.36968e-05 0.00332948
-0.00773467 -2.60727e-05 0.00442121
-0.00735581 -1.77064e-05 0.00545482
-0.00694216 -8.4266e-06 0.00641774
-0.00651236 6.22934e-07 0.0072985
-0.00608548 8.33248e-06 0.00809099
-0.00567932 1.72879e-05 0.00879478
-0.00530425 2.95451e-05 0.00941782
-0.00495484 4.3337e-05 0.00997579
-0.00461215 5.63852e-05 0.0104828
-0.00425637 6.77546e-05 0.0109439
-0.00387376 7.61156e-05 0.0113563
-0.00345579 7.99886e-05 0.0117125
-0.00299764 8.02462e-05 0.0120067
-0.00249951 7.86582e-05 0.012246
-0.00197046 7.65031e-05 0.0124539
-0.00143109 7.91576e-05 0.0126597
-0.000912524 9.10649e-05 0.0128827
-0.000446476 0.000105277 0.0131223
-4.91623e-05 0.000113597 0.0133632
0.000283817 0.000119694 0.0135871
0.000566127 0.000129071 0.0137824
0.000807866 0.000137634 0.0139452
0.00101693 0.000139877 0.0140734
0.00121049 0.000137662 0.0141584
0.00141597 0.000134626 0.0141855
0.00165916 0.000131479 0.0141412
0.00195522 0.000128532 0.0140181
0.0023077 0.000125316 0.0138166
0.00271242 0.000119243 0.0135473
0.00316084 0.000108465 0.0132253
0.00364091 9.73194e-05 0.0128637
0.00413987 9.05037e-05 0.012474
0.00464966 8.52045e-05 0.012064
0.00516973 8.06684e-05 0.0116333
0.00570309 7.82793e-05 0.0111756
0.00625089 7.54114e-05 0.0106883
0.00680781 7.24217e-05 0.0101736
0.00736024 7.08762e-05 0.00963141
0.00789365 6.76847e-05 0.00905306
0.00840067 6.05371e-05 0.00842695
0.00887805 5.33829e-05 0.00775094
0.00932042 5.10656e-05 0.00703227
0.0097212 5.07006e-05 0.00627611
0.0100748 4.79535e-05 0.00548083
0.010374 4.53123e-05 0.00464536
0.0106115 4.42259e-05 0.0037771
0.0107881 4.14956e-05 0.00288687
0.0109137 3.79564e-05 0.0019785
0.0109998 3.7412e-05 0.00105298
0.0110534 3.78258e-05 0.00012204
0.0110762 3.66613e-05 -0.000794771
0.0110729 3.79095e-05 -0.001683
0.0110539 4.3055e-05 -0.00253248
0.011025 4.75236e-05 -0.00333389
0.0109787 5.17926e-05 -0.0040843
0.0109004 6.00361e-05 -0.00479014
0.0107767 7.03632e-05 -0.00546364
0.0105925 7.9629e-05 -0.00611859
0.0103289 8.69343e-05 -0.00676672
0.00997435 9.02713e-05 -0.0074154
0.00953448 9.02798e-05 -0.00806843
0.00902868 9.12517e-05 -0.00872723
0.00848125 9.4393e-05 -0.00939072
0.00791144 9.80295e-05 -0.0100526
0.00732596 0.000103097 -0.0106962
0.00672616 0.000110452 -0.0112977
0.00612012 0.000115994 -0.0118378
0.00552148 0.000114578 -0.0123074
0.00493888 0.000107748 -0.0127005
0.0043731 0.000102817 -0.013013
0.0038212 0.000102472 -0.0132486
0.00327609 0.000103955 -0.0134216
0.0027244 0.00010729 -0.0135482
0.00214727 0.000112893 -0.0136376
0.00152712 0.000117372 -0.0136887
0.000859289 0.000117495 -0.0136943
0.000155542 0.000114853 -0.0136468
-0.000565007 0.000111531 -0.0135411
-0.00128632 0.0001047 -0.0133746
-0.00199808 9.43352e-05 -0.0131471
-0.00269235 8.51594e-05 -0.0128618
-0.00335737 8.0557e-05 -0.0125223
-0.00397636 8.03737e-05 -0.0121279
-0.00453463 7.99999e-05 -0.011675
-0.00502629 7.67351e-05 -0.0111657
-0.0054561 7.24859e-05 -0.0106127
-0.00583282 6.71498e-05 -0.0100365
-0.00616214 5.78338e-05 -0.00945895
-0.00645321 4.48848e-05 -0.00889833
-0.00672214 3.28316e-05 -0.00836726
-0.00698219 2.51451e-05 -0.0078766
-0.00724237 2.24824e-05 -0.007436
-0.00751465 2.40352e-05 -0.00704604
-0.00781025 2.79501e-05 -0.00668812
-0.00813213 3.21639e-05 -0.00632282
-0.00847799 3.3648e-05 -0.00590555
-0.00884594 3.0264e-05 -0.00541379
-0.00923333 2.53861e-05 -0.0048578
-0.00963351 2.31289e-05 -0.004262
-0.0100358 2.29458e-05 -0.00364164
-0.0104249 2.45568e-05 -0.00300012
-0.0107781 2.97388e-05 -0.00234168
-0.0110672 3.62329e-05 -0.00167275
-0.011265 3.96642e-05 -0.000991637
-0.0113517 3.83759e-05 -0.000289429
-0.01132 3.0908e-05 0.00044171
-0.0111756 2.03985e-05 0.00120536
-0.0109314 1.4808e-05 0.00200058
-0.0106009 1.53065e-05 0.00282246
-0.010196 1.77957e-05 0.00366242
-0.00972825 2.10822e-05 0.00451144
-0.00920966 2.39926e-05 0.00536844
-0.00865601 2.51209e-05 0.00624177
-0.00808715 2.8349e-05 0.00714082
-0.00751869 3.72746e-05 0.00807064
-0.00695727 4.87856e-05 0.00902984
-0.00640404 6.05584e-05 0.0100074
-0.0058578 7.54806e-05 0.0109828
-0.00531938 9.33219e-05 0.0119296
-0.00479657 0.000109291 0.0128169
-0.00430202 0.000124592 0.0136144
-0.00384847 0.000143904 0.0143031
-0.00345005 0.00016419 0.0148809
-0.0031203 0.000180179 0.0153588
-0.00286581 0.000192745 0.0157531
-0.00268533 0.000205559 0.0160806
-0.00257112 0.000217438 0.0163548
-0.0025131 0.000223234 0.0165812
-0.00250356 0.000224362 0.0167607
-0.00253701 0.00022572 0.0168963
-0.00261034 0.000227873 0.0169913
-0.0027236 0.000230897 0.0170464
-0.0028781 0.000232857 0.017062
-0.00307487 0.000229887 0.0170382
-0.00331764 0.000224909 0.0169729
-0.00361461 0.000223164 0.016862
-0.00397313 0.000223392 0.0166994
-0.00439501 0.000221963 0.0164752
-0.00487763 0.000217946 0.0161806
-0.00541099 0.000211367 0.0158197
-0.00596941 0.000202629 0.0154078
-0.00651389 0.000194973 0.0149582
-0.00700706 0.000190635 0.0144819
-0.00742537 0.000187956 0.0139905
-0.00776218 0.000184798 0.0134888
-0.00802391 0.000178932 0.0129687
-0.0082221 0.00016754 0.0124127
-0.00836553 0.000149548 0.0118067
-0.00845791 0.000128199 0.0111513
-0.00850134 0.000109458 0.0104572
-0.00850032 9.5991e-05 0.00973595
-0.00846036 8.36546e-05 0.0089979
-0.00838261 6.80442e-05 0.00825113
-0.00826549 5.00852e-05 0.00749753
-0.00811375 2.90758e-05 0.00672898
-0.00794022 4.43007e-06 0.00592912
-0.00775756 -1.65017e-05 0.00508457
-0.00756497 -3.0824e-05 0.00419217
-0.00733678 -4.53291e-05 0.00325012
-0.00702777 -6.12702e-05 0.0022548
-0.00659343 -7.64619e-05 0.00121574
-0.0060091 -9.34826e-05 0.000161639
-0.00527513 -0.000109467 -0.000871317
-0.0044114 -0.000119054 -0.00185272
-0.00345221 -0.00012664 -0.0027705
-0.00243672 -0.00013481 -0.00363669
-0.00139397 -0.000137578 -0.00447945
-0.000335885 -0.000130602 -0.00532863
0.000736261 -0.0001136 -0.00620027
0.00182262 -8.57442e-05 -0.00709152
0.00292308 -4.62853e-05 -0.00798906
0.00403993 2.35061e-07 -0.00887768
0.00517573 4.6656e-05 -0.00974344
0.00632802 8.68291e-05 -0.0105728
0.00748916 0.000118786 -0.0113547
0.00865194 0.00015038 -0.0120895
0.00981187 0.000190426 -0.0127887
0.0109594 0.000237089 -0.0134663
0.012072 0.000284288 -0.0141329
0.0131183 0.000330405 -0.0147978
0.0140687 0.000375628 -0.0154681
0.0149022 0.000417715 -0.0161475
0.0156065 0.000451366 -0.016834
0.016181 0.000471455 -0.0175188
0.016643 0.000481599 -0.0181893
0.0170214 0.000493523 -0.0188305
0.0173472 0.000514157 -0.0194262
0.0176531 0.000538625 -0.0199644
0.0179719 0.000558508 -0.0204421
0.0183331 0.000575366 -0.0208646
0.0187611 0.000596984 -0.0212363
0.0192702 0.000625818 -0.0215583
0.0198619 0.000659677 -0.0218343
0.0205255 0.000693261 -0.0220739
0.021237 0.00072019 -0.022291
0.0219654 0.000738946 -0.0225001
0.0226835 0.000752417 -0.02271
0.0233695 0.000763817 -0.0229222
0.0240052 0.000773709 -0.0231367
0.0245819 0.000781377 -0.0233526
0.0251013 0.000789249 -0.0235659
0.0255707 0.000802626 -0.0237735
0.0260066 0.000824638 -0.0239735
0.0264315 0.000851855 -0.0241622
0.0268593 0.000880384 -0.0243385
0.0272947 0.000910546 -0.0245077
0.0277428 0.000939867 -0.024676
0.0282085 0.00096067 -0.0248444
0.0286919 0.000965763 -0.0250117
0.029185 0.000959748 -0.0251743
0.0296706 0.000959009 -0.0253231
0.0301221 0.000972844 -0.0254474
0.0305096 0.000997275 -0.0255424
0.0308003 0.00102284 -0.0256092
0.0309533 0.0010398 -0.0256491
0.0309307 0.00104315 -0.0256661
0.0307104 0.00103344 -0.0256689
0.0302842 0.0010157 -0.0256605
0.0296539 0.000995399 -0.0256312
0.0288266 0.000971053 -0.0255666
0.027813 0.000939306 -0.0254524
0.0266326 0.000904772 -0.0252706
0.0253222 0.000871762 -0.0249996
0.0239347 0.000835116 -0.0246212
0.0225155 0.000788836 -0.0241254
0.021083 0.000732982 -0.0235083
0.0196365 0.000670753 -0.0227752
0.0181683 0.000604777 -0.0219445
0.0166654 0.000538749 -0.021042
0.015113 0.000477988 -0.020092
0.0134915 0.00042229 -0.0191124
0.0117786 0.000367523 -0.0181132
0.00995967 0.00031261 -0.0170899
0.00802944 0.000255646 -0.0160216
0.00598511 0.000193694 -0.0148786
0.00382597 0.000131331 -0.0136352
0.00155591 7.40169e-05 -0.0122754
-0.00081607 1.98013e-05 -0.0107901
-0.00327788 -2.1399e-05 -0.00917856
-0.0058132 -2.97747e-05 -0.00745409
-0.00839349 -3.10065e-06 -0.00564136
-0.0109762 4.61802e-05 -0.00376897
-0.0135175 0.000109885 -0.00186803
-0.0159816 0.000190146 3.14583e-05
-0.0183392 0.00028024 0.00191096
-0.0205698 0.000364573 0.00376763
-0.0226625 0.000442639 0.00560669
-0.02461 0.000518356 0.00743529
-0.0264027 0.000587512 0.00926457
-0.0280302 0.000646804 0.0111075
-0.029487 0.000700761 0.0129699
-0.0307798 0.000762291 0.0148473
-0.031931 0.000838626 0.0167277
-0.0329737 0.000920124 0.0185917
-0.0339426 0.000993586 0.020415
-0.0348596 0.00105659 0.0221764
-0.0357258 0.00111103 0.0238664
-0.0365343 0.00115655 0.0254817
-0.0372857 0.00119851 0.0270178
-0.0379849 0.00124815 0.0284719
-0.0386302 0.00131094 0.029843
-0.0392173 0.00137824 0.0311283
-0.0397462 0.00143731 0.0323248
-0.04022 0.00148744 0.0334303
-0.0406408 0.00152993 0.0344424
-0.0410073 0.0015594 0.0353632
-0.0413136 0.00157964 0.0362065
-0.041552 0.00160396 0.0369959
-0.0417152 0.00163266 0.0377526
-0.0417944 0.00165421 0.0384851
-0.0417826 0.00166441 0.0391922
-0.041681 0.00166733 0.0398743
-0.0414989 0.00166839 0.0405408
-0.0412395 0.00167111 0.0412052
-0.0408907 0.00167671 0.041871
-0.0404287 0.00168605 0.0425223
-0.0398272 0.00169588 0.0431312
-0.0390663 0.00169901 0.0436744
-0.0381382 0.00169122 0.0441369
-0.0370452 0.00167219 0.044507
-0.035796 0.00164498 0.0447763
-0.0344068 0.00161349 0.0449393
-0.0328992 0.00157633 0.0449964
-0.0312968 0.00153296 0.0449593
-0.0296242 0.00149104 0.0448455
-0.0279058 0.00145694 0.0446723
-0.0261562 0.00142938 0.044457
-0.0243732 0.00140594 0.0442095
-0.0225466 0.00138259 0.0439194
-0.0206717 0.00135272 0.043556
-0.0187512 0.00131404 0.043086
-0.016791 0.00126681 0.0424847
-0.0147992 0.00121334 0.0417382
-0.01279 0.00116023 0.0408466
-0.0107829 0.00111279 0.0398187
-0.00879364 0.00106865 0.0386613
-0.00682827 0.00101736 0.0373793
-0.0048878 0.000952792 0.035977
-0.00297658 0.000879146 0.0344561
-0.00110253 0.000808258 0.0328139
0.00072686 0.000754396 0.0310508
0.00250435 0.000714868 0.0291768
0.00422187 0.000673176 0.027208
0.00587394 0.000623965 0.0251613
0.00746455 0.000571669 0.0230532
0.0090119 0.000519036 0.0209007
0.0105497 0.000469802 0.0187196
0.0121212 0.000427853 0.0165213
0.0137588 0.00039233 0.0143128
0.0154679 0.000367254 0.0120992
0.017234 0.000366729 0.00988822
0.0190376 0.000399741 0.00769099
0.0208608 0.000458658 0.00552204
0.0226905 0.000523603 0.00339766
0.0245202 0.000574625 0.00133299
0.0263474 0.000605093 -0.000663432
0.0281661 0.00063109 -0.00259146
0.0299588 0.00067787 -0.00445784
0.0316906 0.000751069 -0.0062713
0.0333157 0.000837779 -0.00803177
0.0347936 0.000927234 -0.00972844
0.036102 0.00101188 -0.011354
0.0372355 0.00107998 -0.012918
0.0381989 0.00112532 -0.0144441
0.0389991 0.00115942 -0.0159546
0.0396385 0.0011959 -0.0174613
0.0401135 0.00123342 -0.0189673
0.0404197 0.00126717 -0.0204743
0.0405581 0.00129927 -0.0219908
0.0405386 0.00133145 -0.0235299
0.0403786 0.00136196 -0.0250987
0.0400996 0.00138996 -0.0266968
0.0397237 0.00141488 -0.0283239
0.0392705 0.0014327 -0.0299826
0.0387582 0.00143961 -0.0316694
0.0382028 0.00144199 -0.0333634
0.037617 0.00145547 -0.0350258
0.0370124 0.00148666 -0.0366121
0.0364005 0.00152547 -0.0380856
0.03579 0.00156193 -0.0394211
0.035185 0.00159472 -0.0406029
0.0345829 0.00161899 -0.0416222
0.0339708 0.0016249 -0.0424755
0.0333239 0.00161528 -0.0431638
0.0326073 0.00160681 -0.0436936
0.0317831 0.00160355 -0.0440703
0.0308195 0.00159106 -0.0442889
0.0296947 0.00156206 -0.0443384
0.0283962 0.00152502 -0.0442152
0.0269239 0.00148728 -0.0439275
0.0252886 0.00144658 -0.0434899
0.0235066 0.00139948 -0.042919
0.0215992 0.00134751 -0.0422306
0.0195896 0.00129337 -0.0414362
0.0174987 0.00124091 -0.0405435
0.0153449 0.00119348 -0.0395558
0.0131464 0.00114597 -0.0384709
0.0109175 0.00109007 -0.0372783
0.00866228 0.00102217 -0.0359647
0.00637243 0.000944522 -0.0345199
0.00403027 0.00086695 -0.0329366
0.00161673 0.000795475 -0.0312116
-0.00088125 0.000726423 -0.0293468
-0.00346689 0.000662425 -0.0273493
-0.00613374 0.000614505 -0.0252287
-0.00886821 0.000586544 -0.0229946
-0.0116509 0.00057262 -0.0206577
-0.0144594 0.000562422 -0.0182314
-0.0172736 0.000548855 -0.0157316
-0.0200792 0.00054154 -0.0131742
-0.0228685 0.000563829 -0.0105707
-0.025642 0.000622334 -0.00792609
-0.0284073 0.000696356 -0.00524338
-0.0311741 0.000774737 -0.00252732
-0.03395 0.000865358 0.000214513
-0.0367396 0.000971347 0.00297413
-0.0395443 0.00109155 0.00574627
-0.042363 0.0012214 0.00852665
-0.0451945 0.00135167 0.0113089
-0.0480396 0.00147825 0.0140848
-0.0509045 0.00160042 0.0168449
-0.0537992 0.00171727 0.0195792
-0.0567346 0.00183163 0.0222829
-0.059722 0.00195037 0.0249577
-0.062772 0.00208302 0.0276073
-0.0658907 0.00223275 0.0302314
-0.0690782 0.00239547 0.0328261
-0.0723322 0.00257027 0.0353855
-0.075652 0.0027543 0.037902
-0.0790364 0.00293634 0.0403723
-0.0824841 0.00310014 0.0428023
-0.0859933 0.00323397 0.0452019
-0.0895603 0.00334847 0.0475762
-0.0931816 0.00347898 0.0499279
-0.0968539 0.00365333 0.0522601
-0.10057 0.00386111 0.0545734
-0.104321 0.00407143 0.0568596
-0.108095 0.00426827 0.0591055
-0.11188 0.00444971 0.0613041
-0.115657 0.00461563 0.063454
-0.11941 0.0047735 0.0655538
-0.123124 0.00493237 0.0676032
-0.126781 0.00509369 0.0696004
-0.130366 0.00525953 0.0715403
-0.133865 0.00542923 0.0734163
-0.137259 0.00559088 0.0752208
-0.140528 0.00573162 0.0769447
-0.143658 0.00585183 0.0785764
-0.146643 0.00596145 0.0801017
-0.149474 0.00606375 0.0815094
-0.152144 0.00615875 0.0828003
-0.15465 0.00625576 0.0839886
-0.156993 0.00636322 0.0850976
-0.159179 0.00647951 0.0861495
-0.16121 0.00659482 0.087156
-0.163077 0.00669489 0.0881156
-0.164766 0.00677167 0.0890192
-0.166259 0.00682916 0.089852
-0.167537 0.00687657 0.0905991
-0.168583 0.00691901 0.0912493
-0.169378 0.00695471 0.0917934
-0.169902 0.0069798 0.0922238
-0.170138 0.00699171 0.0925362
-0.170072 0.00698914 0.0927324
-0.16969 0.00697228 0.0928184
-0.168983 0.006942 0.0928003
-0.167944 0.0069017 0.0926811
-0.166567 0.00685592 0.092463
-0.164851 0.00679978 0.0921485
-0.162798 0.00672085 0.0917382
-0.160412 0.0066186 0.0912286
-0.157704 0.00650881 0.0906139
-0.154685 0.00640548 0.0898853
-0.151373 0.00630573 0.089031
-0.147787 0.00619494 0.0880403
-0.14396 0.00606078 0.0869074
-0.139933 0.00590275 0.085631
-0.13577 0.00573651 0.0842128
-0.131545 0.00557684 0.0826572
-0.127322 0.0054241 0.0809717
-0.123136 0.00528004 0.079166
-0.118997 0.00515366 0.077251
-0.114892 0.00504825 0.0752371
-0.110799 0.00494988 0.0731317
-0.106686 0.00483775 0.0709398
-0.102521 0.00470622 0.0686667
-0.0982743 0.00456318 0.0663199
-0.0939428 0.00441905 0.0639107
-0.0895489 0.00428515 0.0614553
-0.0851157 0.00416784 0.0589723
-0.0806823 0.00405789 0.0564817
-0.0763279 0.00393686 0.0540026
-0.0721354 0.00379835 0.0515474
-0.0681619 0.00365552 0.0491194
-0.0644595 0.003522 0.0467182
-0.0610807 0.00339643 0.0443435
-0.0580552 0.00327776 0.0419955
-0.0553803 0.00317563 0.0396757
-0.0530444 0.00310099 0.037386
-0.0510415 0.00306211 0.0351227
-0.0493612 0.00305734 0.0328767
-0.0479796 0.00306498 0.0306363
-0.0468509 0.003056 0.0283894
-0.0459005 0.0030178 0.0261272
-0.0450311 0.0029562 0.0238441
-0.044145 0.00288421 0.0215332
-0.0431699 0.00281814 0.0191908
-0.0420678 0.00277072 0.0168191
-0.0408211 0.00273875 0.0144178
-0.0394247 0.0027043 0.0119803
-0.0378938 0.00265178 0.0094964
-0.0362574 0.00258369 0.00695434
-0.0345354 0.0025202 0.00434062
-0.0327392 0.00248173 0.00163859
-0.0308797 0.00247116 -0.00117052
-0.0289621 0.00247137 -0.00410171
-0.0269835 0.0024573 -0.00716092
-0.0249362 0.00241195 -0.0103455
-0.0228118 0.00233202 -0.0136476
-0.0206054 0.00221982 -0.0170564
-0.0183172 0.00207769 -0.0205579
-0.0159478 0.00191094 -0.0241359
-0.0134971 0.00173412 -0.0277713
-0.0109705 0.00157984 -0.0314428
-0.00838255 0.00149155 -0.0351301
-0.00575478 0.00148817 -0.0388186
-0.00311152 0.00155139 -0.0424998
-0.000477839 0.00165722 -0.0461675
0.00212275 0.00178604 -0.0498177
0.00467184 0.00191545 -0.0534503
0.00716109 0.00203742 -0.0570661
0.00959691 0.00215949 -0.0606648
0.0119979 0.00228867 -0.0642421
0.0143865 0.00242945 -0.0677867
0.0167832 0.00257749 -0.0712828
0.019205 0.00271628 -0.0747121
0.0216661 0.00283922 -0.0780551
0.0241796 0.00295891 -0.0812913
0.0267593 0.00308583 -0.0843989
0.0294189 0.00321906 -0.087352
0.0321669 0.0033571 -0.0901164
0.0350055 0.00349551 -0.0926494
0.0379312 0.0036192 -0.0949045
0.0409323 0.00371755 -0.0968409
0.0439829 0.00379708 -0.0984375
0.0470395 0.00386659 -0.0996931
0.050048 0.00392776 -0.100615
0.0529632 0.00398472 -0.101211
0.055758 0.00404373 -0.101484
0.0584202 0.00410325 -0.101438
0.0609446 0.00415425 -0.101075
0.0633265 0.00418767 -0.100401
0.0655592 0.00419954 -0.0994345
0.0676377 0.00419344 -0.0982254
0.0695628 0.00417703 -0.0968749
0.0713424 0.00415813 -0.0954975
0.0729871 0.00414544 -0.0941657
0.0745036 0.00414349 -0.0928996
0.0758954 0.00414825 -0.0916896
0.0771668 0.0041505 -0.0905137
0.078328 0.00413915 -0.0893503
0.0793941 0.00411391 -0.0881782
0.0803829 0.00409398 -0.0869751
0.08131 0.00409502 -0.0857243
0.0821831 0.00410777 -0.0844207
0.0830003 0.00411687 -0.0830672
0.08375 0.0041168 -0.0816677
0.0844155 0.00410435 -0.0802248
0.0849797 0.00408174 -0.078743
0.0854307 0.00405872 -0.0772309
0.0857686 0.00403689 -0.0756957
0.0860086 0.0040024 -0.0741309
0.0861797 0.00394699 -0.0725204
0.0863175 0.00388529 -0.0708548
0.0864523 0.00383927 -0.0691398
0.0865998 0.00381671 -0.0673863
0.086758 0.00380839 -0.0656015
0.0869089 0.00380028 -0.0637901
0.0870236 0.00378779 -0.0619537
0.0870731 0.00377158 -0.0600859
0.0870345 0.00374776 -0.0581701
0.0868967 0.00371297 -0.0561857
0.0866619 0.0036674 -0.0541177
0.0863406 0.00360928 -0.0519591
0.085947 0.00353567 -0.0497075
0.0854915 0.00345672 -0.0473635
0.0849743 0.00339535 -0.0449295
0.0843893 0.00335951 -0.042405
0.083737 0.00333718 -0.0397879
0.0830244 0.00331548 -0.0370762
0.0822538 0.00328975 -0.0342676
0.081423 0.00326291 -0.0313567
0.0805335 0.00323674 -0.0283358
0.0795898 0.00320565 -0.0251977
0.078594 0.00316409 -0.0219393
0.0775462 0.00311599 -0.0185627
0.0764467 0.00307235 -0.0150725
0.0752974 0.00304275 -0.011472
0.0741041 0.00303014 -0.0077653
0.0728746 0.0030269 -0.00396321
0.0716164 0.00301689 -8.49282e-05
0.0703352 0.00299049 0.00384294
0.0690336 0.00295077 0.00779254
0.0677082 0.00290214 0.0117413
0.0663493 0.00284596 0.0156718
0.0649446 0.002786 0.0195711
0.0634853 0.00273274 0.0234307
0.0619639 0.00270464 0.0272459
0.0603672 0.00271334 0.0310186
0.0586807 0.00274823 0.03476
0.056898 0.00279087 0.0384883
0.0550227 0.00282957 0.0422271
0.0530613 0.00285759 0.0460006
0.0510156 0.00287834 0.0498258
0.0488847 0.00290475 0.0537089
0.0466711 0.00293997 0.0576493
0.0443811 0.00297157 0.0616444
0.0420236 0.00299557 0.0656904
0.0396147 0.00302925 0.0697804
0.0371807 0.00308443 0.0739042
0.0347557 0.00314871 0.0780523
0.0323708 0.00322339 0.0822181
0.0300432 0.00333394 0.0863975
0.027772 0.00348093 0.0905882
0.0255483 0.00364123 0.0947853
0.0233657 0.00379863 0.0989805
0.0212171 0.0039485 0.103165
0.0190898 0.00409291 0.107328
0.0169702 0.00423243 0.111455
0.0148524 0.00436421 0.115533
0.012739 0.00448424 0.119553
0.0106382 0.00459665 0.123507
0.00856237 0.00471884 0.12739
0.00652544 0.00486476 0.131197
0.00453751 0.0050298 0.134922
0.00260363 0.00519537 0.138558
0.000726861 0.00534452 0.142094
-0.00109148 0.00547283 0.145518
-0.00285158 0.00558426 0.148819
-0.00455285 0.00568451 0.151984
-0.00619324 0.00577773 0.155002
-0.0077735 0.00586692 0.157858
-0.00930314 0.00596015 0.160542
-0.0108007 0.00606604 0.163049
-0.0122863 0.0061804 0.165379
-0.0137717 0.00628924 0.16754
-0.0152578 0.00638624 0.169548
-0.0167396 0.00647662 0.171448
-0.0182074 0.00656292 0.173309
-0.0196421 0.00664139 0.175192
-0.0210205 0.00671344 0.177115
-0.0223258 0.00678662 0.17906
-0.023551 0.00686665 0.180989
-0.0246954 0.00695537 0.182871
-0.0257611 0.00705174 0.18469
-0.0267491 0.00714937 0.186431
-0.0276575 0.00723691 0.188079
-0.0284823 0.00730795 0.189615
-0.029219 0.0073663 0.191024
-0.029864 0.00741749 0.192296
-0.0304208 0.00746039 0.193416
-0.0309043 0.00749027 0.194365
-0.0313399 0.00750516 0.19513
-0.0317594 0.00750625 0.195698
-0.0321978 0.00749841 0.196064
-0.0326868 0.00749583 0.19623
-0.0332473 0.00751379 0.196205
-0.0338903 0.00754575 0.196001
-0.0346204 0.00756844 0.195638
-0.035434 0.00757333 0.195152
-0.0363145 0.00757078 0.194595
-0.0372342 0.00756766 0.194007
-0.0381651 0.00756099 0.193401
-0.0390878 0.00754904 0.192766
-0.0399973 0.00753512 0.192079
-0.0409017 0.0075222 0.191329
-0.0418144 0.00751246 0.190515
-0.0427471 0.00750985 0.189644
-0.0437084 0.0075121 0.188715
-0.0447063 0.00750525 0.187722
-0.0457496 0.00747797 0.186661
-0.0468456 0.00743211 0.185535
-0.0479981 0.00737796 0.184346
-0.0492069 0.00733042 0.183094
-0.0504663 0.00729988 0.181773
-0.0517602 0.00728171 0.18038
-0.0530591 0.00726319 0.178912
-0.0543234 0.00723164 0.177373
-0.0555143 0.00718061 0.175774
-0.0566039 0.00711846 0.174129
-0.0575777 0.00705967 0.172451
-0.0584316 0.00700976 0.170749
-0.059167 0.0069619 0.169026
-0.0597863 0.00690752 0.167281
-0.0602955 0.00684728 0.165505
-0.0607074 0.00678411 0.16369
-0.0610432 0.00671814 0.161829
-0.0613311 0.00665379 0.159917
-0.061598 0.00659545 0.157953
-0.0618593 0.0065379 0.155933
-0.0621187 0.00647269 0.15386
-0.0623739 0.00640153 0.151736
-0.0626205 0.00633544 0.149565
-0.0628525 0.00627929 0.14735
-0.0630644 0.00622442 0.145092
-0.0632566 0.00615847 0.142792
-0.0634382 0.00607779 0.140448
-0.0636219 0.00599044 0.138055
-0.0638135 0.00591034 0.13561
-0.0640042 0.00584533 0.133112
-0.0641675 0.00578702 0.130578
-0.0642718 0.00572038 0.128041
-0.0642966 0.00564008 0.125542
-0.0642385 0.00554934 0.123117
-0.0641073 0.00545839 0.120778
-0.0639202 0.0053839 0.118521
-0.063697 0.00533628 0.116329
-0.0634544 0.00531307 0.11419
-0.063201 0.00530429 0.112092
-0.0629326 0.00529538 0.110033
-0.0626331 0.00526807 0.108013
-0.062279 0.00521212 0.106039
-0.0618489 0.00513493 0.104114
-0.0613298 0.00505339 0.102238
-0.0607185 0.0049847 0.100405
-0.0600199 0.00494188 0.0986004
-0.0592443 0.00493041 0.0967985
-0.0584039 0.0049468 0.0949732
-0.0575083 0.00497563 0.0931057
-0.0565619 0.00499382 0.0911896
-0.0555703 0.00498587 0.089229
-0.0545455 0.00495282 0.087236
-0.0535056 0.00490768 0.0852274
-0.0524718 0.00486251 0.0832223
-0.0514648 0.00481892 0.0812399
-0.0504997 0.00477479 0.079296
-0.0495814 0.00473141 0.0774006
-0.0487022 0.00468792 0.0755588
-0.0478483 0.00464058 0.0737729
-0.0470069 0.00459261 0.0720409
-0.0461697 0.00455454 0.0703544
-0.0453357 0.00453514 0.0686996
-0.0445097 0.00453769 0.0670628
-0.043697 0.00455636 0.0654349
-0.0429036 0.0045746 0.063813
-0.0421359 0.00457595 0.0621966
-0.0413989 0.0045547 0.0605839
-0.0406928 0.00451206 0.05897
-0.0400132 0.00444826 0.0573454
-0.0393554 0.00436382 0.0556988
-0.0387115 0.0042662 0.0540193
-0.0380669 0.00417243 0.0522981
-0.0374013 0.00410565 0.0505305
-0.0366993 0.00408235 0.0487152
-0.0359575 0.00409639 0.046852
-0.0351827 0.00411993 0.0449415
-0.0343849 0.0041199 0.0429887
-0.033574 0.00407291 0.0410058
-0.0327558 0.00397096 0.0390126
-0.0319307 0.0038197 0.0370347
-0.0310948 0.00364202 0.0350947
-0.0302409 0.00348048 0.0332046
-0.0293604 0.00337255 0.031366
-0.0284474 0.00332309 0.0295763
-0.0275054 0.00331098 0.0278373
-0.0265521 0.0033074 0.0261575
-0.0256172 0.00328191 0.024547
-0.0247326 0.00321214 0.0230134
-0.0239191 0.00309695 0.0215606
-0.023183 0.00295361 0.0201899
-0.0225235 0.002806 0.0188977
-0.0219404 0.00267794 0.0176756
-0.0214337 0.00258661 0.0165141
-0.0210012 0.00253531 0.0154042
-0.0206383 0.00251204 0.0143409
-0.0203427 0.0024931 0.0133256
-0.020113 0.00245208 0.0123643
-0.0199419 0.00237558 0.0114637
-0.0198128 0.00227402 0.0106311
-0.0197019 0.00217966 0.00987559
-0.0195849 0.00212818 0.00920718
-0.0194439 0.00213487 0.00863318
-0.0192702 0.00218335 0.00815324
-0.0190628 0.00223349 0.00775896
-0.0188247 0.00225334 0.00743821
-0.0185622 0.00224405 0.00717853
-0.0182843 0.00222429 0.00696863
-0.0180036 0.00220491 0.00680247
-0.0177358 0.00218525 0.00668353
-0.0174937 0.00216336 0.00662405
-0.0172812 0.00214405 0.00663786
-0.0170957 0.00213932 0.0067339
-0.0169355 0.00215456 0.00691534
-0.0168003 0.00216997 0.00718062
-0.0166873 0.00216167 0.00752537
-0.0165926 0.00213482 0.00794558
-0.0165149 0.00210855 0.00843892
-0.0164531 0.00209301 0.0090057
-0.0164022 0.00208868 0.00964963
-0.0163552 0.00208952 0.010374
-0.0163079 0.00208902 0.0111733
-0.0162602 0.00208713 0.0120264
-0.0162138 0.00208776 0.012902
-0.016169 0.00209 0.0137716
-0.0161279 0.0020886 0.0146165
-0.0160964 0.00208111 0.0154251
-0.0160821 0.00206877 0.0161885
-0.0160914 0.0020543 0.0168992
-0.016128 0.00204187 0.0175507
-0.0161933 0.0020354 0.0181414
-0.0162881 0.00203649 0.0186825
-0.0164129 0.00204425 0.0192047
-0.0165691 0.00205593 0.0197486
-0.0167605 0.00206659 0.02034
-0.0169934 0.0020704 0.0209737
-0.0172726 0.00206634 0.0216184
-0.0175975 0.00206007 0.022229
-0.0179634 0.00205769 0.0227597
-0.0183633 0.00205958 0.0231769
-0.0187856 0.00206132 0.0234669
-0.0192119 0.00205959 0.0236328
-0.0196185 0.00205573 0.0236846
-0.0199796 0.00205326 0.0236318
-0.0202741 0.00205223 0.0234819
-0.020492 0.00205023 0.0232416
-0.0206324 0.00204857 0.0229194
-0.0206963 0.00204985 0.0225293
-0.0206797 0.00205227 0.0220906
-0.020573 0.00205183 0.0216243
-0.0203667 0.00204761 0.0211488
-0.0200565 0.00204213 0.0206769
-0.0196435 0.00203707 0.0202153
-0.01913 0.00203211 0.019768
-0.0185173 0.00202702 0.0193383
-0.0178066 0.00202279 0.0189285
-0.0170005 0.00202111 0.0185406
-0.0161022 0.00202186 0.0181763
-0.0151145 0.0020221 0.0178386
-0.0140413 0.00201941 0.0175341
-0.0128905 0.00201514 0.0172692
-0.0116771 0.00201228 0.0170446
-0.0104241 0.00201111 0.016857
-0.00915838 0.00200955 0.0167083
-0.00790586 0.0020048 0.0166067
-0.00668771 0.00199423 0.0165632
-0.00551948 0.00197618 0.016588
-0.00441268 0.00195273 0.0166873
-0.00337601 0.00193169 0.0168608
-0.00241396 0.00192122 0.0171024
-0.00152351 0.00192425 0.0174048
-0.00069396 0.00193675 0.0177635
8.76351e-05 0.00194971 0.0181735
0.000831815 0.0019565 0.0186276
0.00154782 0.00195487 0.0191184
0.00224633 0.00194372 0.0196382
0.00293937 0.00192474 0.0201779
0.00363709 0.00190407 0.0207302
0.00434505 0.00188903 0.0212914
0.00506497 0.00188673 0.0218618
0.00579567 0.00189886 0.0224475
0.00653098 0.00191518 0.0230613
0.00725763 0.00192347 0.0237139
0.00795808 0.0019206 0.024407
0.00861739 0.00190935 0.0251362
0.00922764 0.00189344 0.0258948
0.009788 0.00187723 0.0266733
0.0103017 0.0018666 0.0274589
0.0107724 0.0018657 0.0282397
0.0112034 0.00187202 0.0290089
0.0116011 0.00187899 0.0297639
0.0119762 0.00188138 0.0305022
0.0123425 0.00187649 0.031218
0.012711 0.00186438 0.0319027
0.0130875 0.00184623 0.032548
0.0134709 0.00182512 0.0331494
0.0138529 0.00180975 0.0337098
0.0142178 0.00180919 0.0342377
0.0145446 0.00182318 0.0347434
0.0148128 0.00184127 0.0352336
0.0150063 0.00185109 0.0357102
0.0151137 0.00184881 0.0361717
0.0151272 0.00184113 0.0366111
0.0150446 0.00183657 0.0370186
0.0148675 0.00183625 0.037388
0.0146005 0.00183287 0.0377178
0.0142516 0.00181936 0.0380102
0.013832 0.00180055 0.0382692
0.0133548 0.0017901 0.0384984
0.012835 0.00179192 0.0387003
0.0122891 0.00179455 0.0388772
0.011731 0.00178838 0.0390305
0.0111676 0.00177629 0.0391602
0.0105971 0.00176414 0.0392662
0.0100089 0.00175218 0.0393484
0.00938784 0.00173955 0.0394067
0.0087203 0.00172965 0.0394413
0.00799744 0.00172651 0.0394532
0.0072148 0.00172985 0.0394448
0.00636977 0.00173574 0.039419
0.00545891 0.00173945 0.039379
0.00448115 0.00173569 0.0393257
0.00344307 0.00172269 0.0392588
0.00235869 0.00170733 0.0391763
0.00124592 0.00169735 0.0390772
0.00012458 0.00169347 0.0389622
-0.000985695 0.00169438 0.0388325
-0.00207005 0.0016992 0.0386875
-0.00312086 0.00170282 0.0385222
-0.00413601 0.00169974 0.0383276
-0.00511902 0.00169228 0.0380951
-0.0060812 0.00168718 0.0378207
-0.00704101 0.0016859 0.0375071
-0.00802045 0.00168534 0.0371625
-0.00903994 0.00168502 0.0367972
-0.0101134 0.00168699 0.0364195
-0.011246 0.0016914 0.0360353
-0.0124336 0.0016955 0.0356452
-0.0136645 0.00169598 0.035243
-0.0149207 0.00169171 0.0348183
-0.0161807 0.0016843 0.0343612
-0.0174236 0.00167536 0.0338676
-0.0186344 0.00166591 0.0333393
-0.0198029 0.00165811 0.0327829
-0.0209193 0.00165339 0.0322086
-0.0219752 0.00165064 0.0316294
-0.0229693 0.00164807 0.031058
-0.0239086 0.00164457 0.030503
-0.0248059 0.00164206 0.0299644
-0.0256763 0.00164625 0.0294325
-0.0265321 0.00166028 0.028893
-0.0273788 0.00167855 0.0283325
-0.0282134 0.0016896 0.0277397
-0.0290282 0.00168524 0.0271066
-0.0298146 0.00166709 0.0264289
-0.0305651 0.00164617 0.0257066
-0.0312729 0.0016357 0.0249438
-0.0319331 0.00164116 0.0241479
-0.0325455 0.00165693 0.0233261
-0.0331156 0.00167262 0.0224831
-0.0336538 0.00168087 0.0216215
-0.0341712 0.00168076 0.0207438
-0.0346761 0.00167656 0.0198532
-0.0351737 0.00167298 0.0189524
-0.0356647 0.00166901 0.0180409
-0.0361457 0.0016609 0.0171141
-0.0366094 0.0016504 0.0161657
-0.0370429 0.00164101 0.0151902
-0.0374279 0.00163258 0.0141841
-0.0377452 0.0016243 0.0131454
-0.0379775 0.00161624 0.0120736
-0.0381112 0.00160955 0.0109677
-0.038139 0.00160508 0.00982565
-0.0380621 0.00159982 0.00864637
-0.0378855 0.0015868 0.00743103
-0.0376142 0.00156052 0.00618186
-0.0372519 0.00152489 0.00490101
-0.0368018 0.00149268 0.00359204
-0.0362669 0.00147389 0.00226222
-0.0356498 0.00146642 0.000922285
-0.0349554 0.00145817 -0.000412856
-0.0341917 0.00143618 -0.00172161
-0.0333714 0.00139605 -0.0029801
-0.0325096 0.00134746 -0.00417163
-0.0316172 0.00130733 -0.00529024
-0.0306967 0.00128447 -0.00633681
-0.0297433 0.00127445 -0.00731599
-0.0287481 0.00126873 -0.00823472
-0.0277021 0.00126157 -0.00909792
-0.0265991 0.00124746 -0.00990457
-0.0254355 0.0012222 -0.0106485
-0.0242106 0.00118981 -0.0113214
-0.0229264 0.0011595 -0.0119163
-0.0215863 0.00113424 -0.01243
-0.0201932 0.00111086 -0.0128666
-0.0187494 0.00108816 -0.0132366
-0.0172562 0.00106711 -0.0135498
-0.0157139 0.0010468 -0.0138106
-0.014124 0.00102448 -0.0140175
-0.0124897 0.00100099 -0.0141657
-0.0108158 0.000983267 -0.014251
-0.00910642 0.000974274 -0.0142711
-0.0073662 0.000967174 -0.0142247
-0.00560323 0.000956186 -0.0141089
-0.00383178 0.000944034 -0.0139202
-0.00207092 0.000935274 -0.0136543
-0.000340103 0.000928535 -0.0133081
0.00134651 0.000918405 -0.0128818
0.00298323 0.000901926 -0.0123788
0.00457115 0.000880832 -0.0118035
0.00611604 0.00085941 -0.0111601
0.00762741 0.00084168 -0.0104559
0.00911649 0.000830596 -0.00970061
0.0105926 0.000826691 -0.0089043
0.0120593 0.000825793 -0.00807338
0.0135128 0.000822263 -0.00720985
0.0149434 0.000813732 -0.00631393
0.0163349 0.000801464 -0.00538592
0.0176642 0.000789608 -0.00442645
0.0189061 0.000781954 -0.0034383
0.0200389 0.000778951 -0.00242756
0.0210462 0.000777467 -0.00140154
0.0219174 0.000771725 -0.000367522
0.022646 0.000758262 0.000666934
0.0232279 0.000740276 0.00169556
0.0236612 0.000728549 0.00271502
0.0239485 0.000733216 0.00372405
0.0241004 0.000748283 0.0047237
0.0241321 0.000758044 0.00571699
0.02406 0.000758852 0.00670543
0.0239024 0.000759542 0.00768724
0.0236787 0.000764654 0.00865707
0.0234063 0.000768803 0.00960608
0.0230954 0.00076749 0.0105257
0.022748 0.000763287 0.0114116
0.0223615 0.000760841 0.0122635
0.0219311 0.000762442 0.0130826
0.0214518 0.000767167 0.0138705
0.0209188 0.00077077 0.0146283
0.0203267 0.000770066 0.0153575
0.0196717 0.000767062 0.0160619
0.0189518 0.000764801 0.0167479
0.0181671 0.000763989 0.0174223
0.0173204 0.000763944 0.0180903
0.0164173 0.000762803 0.0187548
0.0154671 0.000757972 0.0194161
0.0144809 0.00074881 0.0200718
0.0134688 0.000737833 0.0207186
0.012439 0.000728686 0.0213543
0.0113983 0.000724147 0.021978
0.0103518 0.000725081 0.0225898
0.00930223 0.000729958 0.0231905
0.00825097 0.00073546 0.0237824
0.00719836 0.000740183 0.0243689
0.00614408 0.000745141 0.0249553
0.00508778 0.000751557 0.0255456
0.00402829 0.000762822 0.0261409
0.0029642 0.000781133 0.0267414
0.00189622 0.000803048 0.0273479
0.000827496 0.000822447 0.0279618
-0.000238082 0.00083528 0.0285832
-0.00129786 0.000843916 0.0292112
-0.00235077 0.000854999 0.0298453
-0.0033962 0.000873252 0.030486
-0.004433 0.000899682 0.0311332
-0.00545963 0.000931062 0.0317856
-0.00647496 0.000961422 0.0324412
-0.0074775 0.000987338 0.0330974
-0.00846328 0.00101026 0.0337504
-0.0094251 0.00103329 0.0343936
-0.0103555 0.00105729 0.0350189
-0.0112526 0.00108195 0.0356207
-0.0121217 0.00110815 0.0361987
-0.0129735 0.00113632 0.0367587
-0.0138191 0.00116466 0.0373088
-0.0146673 0.00119129 0.0378563
-0.0155225 0.00121789 0.0384057
-0.0163844 0.00124737 0.0389587
-0.0172489 0.00127845 0.0395148
-0.0181082 0.00130767 0.0400723
-0.0189515 0.0013349 0.040629
-0.0197674 0.00136128 0.0411825
-0.0205471 0.00138454 0.0417309
-0.0212874 0.00140371 0.0422718
-0.0219924 0.0014233 0.0427994
-0.0226707 0.00144691 0.043303
-0.0233311 0.00147228 0.0437688
-0.0239814 0.00149532 0.0441822
-0.0246271 0.00151543 0.0445286
-0.0252712 0.00153363 0.0447956
-0.0259122 0.00155064 0.0449752
-0.0265436 0.00156762 0.0450651
-0.0271571 0.00158256 0.0450689
-0.0277454 0.00159114 0.0449963
-0.0283031 0.00159349 0.0448615
-0.0288247 0.00159463 0.0446794
-0.0293034 0.00159688 0.0444616
-0.0297336 0.00159738 0.0442159
-0.0301128 0.001595 0.0439469
-0.0304433 0.00159218 0.0436569
-0.0307307 0.00158959 0.043346
-0.0309825 0.00158597 0.0430116
-0.0312063 0.00158148 0.0426491
-0.0314069 0.00157616 0.0422523
-0.0315877 0.00156785 0.0418161
-0.0317504 0.00155624 0.0413395
-0.0318964 0.00154476 0.0408255
-0.0320275 0.00153503 0.040279
-0.0321456 0.00152531 0.0397062
-0.0322511 0.00151448 0.0391146
-0.0323442 0.00150216 0.038512
-0.0324255 0.00148729 0.0379039
-0.0324957 0.00146961 0.0372933
-0.0325554 0.00145026 0.0366808
-0.0326069 0.00142955 0.0360655
-0.0326544 0.00140712 0.0354424
-0.0327029 0.00138452 0.0348044
-0.032758 0.0013645 0.0341437
-0.0328252 0.00134773 0.0334522
-0.0329099 0.00133181 0.0327219
-0.0330174 0.00131502 0.0319463
-0.0331525 0.00129903 0.0311211
-0.033317 0.00128406 0.0302428
-0.0335085 0.00126715 0.0293072
-0.0337218 0.00124803 0.0283102
-0.0339515 0.00122791 0.027247
-0.0341916 0.00120596 0.0261137
-0.0344345 0.00118495 0.0249098
-0.0346729 0.00116998 0.0236366
-0.0348989 0.00115907 0.0222966
-0.0351049 0.00114807 0.020893
-0.0352831 0.00113906 0.0194282
-0.0354269 0.00113326 0.0179041
-0.0355315 0.00112705 0.0163241
-0.0355929 0.00111856 0.0146943
-0.0356077 0.00110939 0.0130231
-0.0355726 0.00110208 0.0113198
-0.0354837 0.00109752 0.00959291
-0.0353355 0.00109241 0.00785011
-0.0351219 0.00108271 0.00609976
-0.0348377 0.0010688 0.00435088
-0.0344809 0.00105398 0.00261008
-0.0340531 0.00104074 0.000880239
-0.0335589 0.00102931 -0.000838236
-0.0330049 0.00101856 -0.00254597
-0.0323972 0.00100822 -0.00424445
-0.0317392 0.00100013 -0.00593536
-0.0310313 0.000995462 -0.00761936
-0.0302729 0.000993151 -0.00929747
-0.0294636 0.000990176 -0.0109731
-0.0286029 0.000982046 -0.0126512
-0.0276923 0.000968753 -0.0143361
-0.0267363 0.000956193 -0.0160305
-0.0257423 0.000949157 -0.0177348
-0.0247196 0.000948358 -0.0194471
-0.0236771 0.000953588 -0.0211629
-0.0226231 0.000965102 -0.0228752
-0.0215659 0.000982712 -0.024575
-0.020513 0.00100477 -0.0262515
-0.0194706 0.00102726 -0.0278936
-0.0184408 0.00104575 -0.0294891
-0.01742 0.00105843 -0.0310255
-0.0164009 0.00107081 -0.0324906
-0.0153759 0.00109388 -0.0338738
-0.0143393 0.00113041 -0.0351675
-0.0132897 0.00116993 -0.036366
-0.0122295 0.00120117 -0.0374645
-0.0111628 0.00122286 -0.0384596
-0.0100935 0.00124092 -0.0393497
-0.00902543 0.00125965 -0.0401348
-0.00796201 0.00127695 -0.0408189
-0.00690613 0.00128919 -0.0414096
-0.00586122 0.00129807 -0.041917
-0.00483104 0.00130701 -0.0423527
-0.00381967 0.00131597 -0.0427289
-0.0028298 0.0013233 -0.0430557
-0.00186022 0.00132799 -0.043339
-0.000906734 0.00133087 -0.0435775
3.4985e-05 0.00133429 -0.0437637
0.000968445 0.00133877 -0.0438882
0.00189688 0.00134287 -0.0439428
0.00282331 0.00134585 -0.0439216
0.00375062 0.00134737 -0.0438198
0.00468223 0.00134596 -0.0436327
0.00562244 0.00133965 -0.0433568
0.00657636 0.00132807 -0.0429916
0.00754915 0.00131265 -0.042539
0.00854563 0.00129481 -0.0420022
0.00956997 0.00127518 -0.0413852
0.0106237 0.00125523 -0.040692
0.0117046 0.00123757 -0.0399273
0.0128079 0.00122362 -0.0390962
0.0139274 0.00121191 -0.0382045
0.0150551 0.00119959 -0.0372571
0.0161829 0.00118512 -0.0362581
0.0173056 0.001169 -0.0352107
0.0184215 0.00115281 -0.0341153
0.0195303 0.00113584 -0.0329694
0.0206304 0.0011151 -0.0317702
0.0217176 0.00109009 -0.0305139
0.0227857 0.00106347 -0.0291962
0.0238264 0.00103809 -0.0278133
0.0248298 0.00101535 -0.0263642
0.0257882 0.000996535 -0.0248511
0.0266959 0.000981774 -0.0232776
0.0275477 0.000968381 -0.0216482
0.0283401 0.000954788 -0.019967
0.0290726 0.000943477 -0.0182384
0.0297443 0.000940909 -0.0164673
0.0303528 0.000947396 -0.0146583
0.0308952 0.00095324 -0.0128164
0.0313693 0.000954855 -0.0109482
0.0317747 0.00095682 -0.00906126
0.0321139 0.000961356 -0.00716432
0.0323912 0.00096815 -0.00526873
0.0326102 0.000976283 -0.00338766
0.0327727 0.000984384 -0.00153496
0.032882 0.000992344 0.000276797
0.0329461 0.0010005 0.002039
0.0329764 0.00100719 0.00374776
0.0329844 0.00101048 0.00540224
0.0329795 0.00101258 0.00700323
0.0329678 0.00102117 0.00855243
0.0329537 0.00104081 0.0100516
0.0329381 0.0010655 0.0115016
0.0329169 0.00108689 0.0129009
0.0328824 0.00110366 0.0142468
0.0328255 0.00111875 0.0155371
0.0327361 0.00113276 0.0167712
0.0326044 0.00114417 0.0179506
0.0324227 0.00115287 0.0190769
0.0321884 0.00116013 0.0201496
0.0319008 0.00116737 0.0211664
0.0315585 0.00117467 0.0221225
0.0311583 0.00118025 0.0230117
0.0306975 0.00118266 0.0238307
0.0301744 0.00118208 0.0245787
0.0295905 0.00117916 0.0252558
0.028948 0.00117345 0.0258621
0.0282489 0.00116483 0.0263971
0.0274959 0.00115456 0.0268596
0.0266913 0.00114315 0.0272478
0.0258357 0.00112964 0.027559
0.024928 0.0011131 0.0277898
0.0239666 0.00109378 0.0279371
0.0229492 0.00107279 0.0279984
0.0218743 0.00105139 0.0279722
0.0207422 0.00102966 0.0278581
0.0195541 0.00100675 0.0276555
0.0183119 0.000982673 0.0273644
0.017019 0.000956181 0.0269866
0.0156802 0.000924331 0.0265241
0.0143007 0.000886638 0.0259792
0.0128844 0.000846086 0.0253551
0.0114344 0.000805408 0.0246552
0.009954 0.000764831 0.0238827
0.00844892 0.000724331 0.0230404
0.00692737 0.00068465 0.0221331
0.00539749 0.000647967 0.021167
0.00386456 0.00061838 0.0201491
0.00233111 0.000597204 0.0190863
0.000797498 0.000579989 0.0179838
-0.000738835 0.000561732 0.0168458
-0.00228395 0.000542652 0.0156746
-0.00384573 0.000525124 0.0144723
-0.00543131 0.000509454 0.0132401
-0.00704597 0.000495795 0.0119795
-0.00869248 0.000485012 0.010692
-0.0103717 0.000477398 0.00937821
-0.0120837 0.000472203 0.0080387
-0.0138276 0.000466742 0.00667401
-0.0156016 0.000456552 0.00528478
-0.0174022 0.000440536 0.00387198
-0.0192246 0.000445175 0.00243806
-0.0210632 0.000502566 0.000987158
-0.0229145 0.000587403 -0.00047679
-0.0247759 0.000656727 -0.0019508
-0.0266444 0.000712531 -0.00343257
-0.0285175 0.000774032 -0.00492096
-0.0303944 0.000845051 -0.00641623
-0.0322746 0.000919549 -0.00791917
-0.0341568 0.000994123 -0.00943111
-0.0360387 0.00107037 -0.0109544
-0.0379176 0.00115055 -0.0124904
-0.0397902 0.00123415 -0.0140368
-0.0416517 0.00131819 -0.0155885
-0.043496 0.00140003 -0.0171402
-0.0453165 0.00147993 -0.0186875
-0.0471081 0.00155938 -0.0202263
-0.0488672 0.00163908 -0.0217527
-0.0505906 0.00171911 -0.0232643
-0.0522747 0.0017985 -0.0247598
-0.053916 0.00187493 -0.0262376
-0.0555117 0.00194725 -0.027695
-0.0570595 0.00201685 -0.0291293
-0.0585557 0.00208574 -0.0305385
-0.0599955 0.00215462 -0.0319218
-0.0613727 0.00222268 -0.0332781
-0.0626817 0.00228876 -0.0346072
-0.0639189 0.00235225 -0.0359091
-0.065081 0.0024126 -0.0371831
-0.0661643 0.00246878 -0.0384273
-0.0671668 0.00252034 -0.0396397
-0.0680875 0.00256812 -0.0408175
-0.068927 0.00261255 -0.0419575
-0.0696887 0.00265322 -0.0430578
-0.0703767 0.00269084 -0.0441188
-0.0709942 0.00272655 -0.0451431
-0.0715435 0.0027597 -0.0461337
-0.0720248 0.00278947 -0.0470912
-0.0724365 0.00281637 -0.0480135
-0.0727765 0.00284084 -0.0488953
-0.0730415 0.00286284 -0.0497295
-0.0732283 0.0028821 -0.0505098
-0.0733338 0.00289782 -0.051231
-0.0733556 0.00290993 -0.0518879
-0.0732926 0.00291866 -0.052474
-0.0731439 0.00292374 -0.0529817
-0.0729089 0.00292523 -0.0534031
-0.0725875 0.00292335 -0.053731
-0.0721806 0.00291778 -0.0539592
-0.0716905 0.00290749 -0.0540844
-0.071121 0.00289161 -0.0541067
-0.0704781 0.00287056 -0.0540282
-0.0697693 0.00284583 -0.0538516
-0.0690042 0.00281837 -0.0535804
-0.0681914 0.00278784 -0.0532194
-0.0673373 0.00275407 -0.052775
-0.0664444 0.00271785 -0.0522534
-0.0655129 0.00268018 -0.0516595
-0.0645415 0.002641 -0.0509956
-0.0635261 0.00259929 -0.0502621
-0.0624606 0.00255443 -0.0494584
-0.0613386 0.00250611 -0.048585
-0.0601555 0.00245366 -0.0476429
-0.0589075 0.00239691 -0.0466339
-0.0575937 0.00233679 -0.0455619
-0.0562149 0.00227435 -0.0444324
-0.0547718 0.00221008 -0.0432517
-0.0532641 0.00214461 -0.0420269
-0.0516926 0.0020782 -0.0407643
-0.0500592 0.00201074 -0.0394678
-0.0483664 0.00194256 -0.0381402
-0.0466175 0.00187344 -0.0367829
-0.0448163 0.00180237 -0.0353971
-0.0429676 0.0017298 -0.0339856
-0.0410762 0.00165854 -0.032552
-0.0391461 0.0015914 -0.0310996
-0.0371804 0.00153036 -0.029631
-0.0351811 0.00147651 -0.0281476
-0.0331501 0.00142956 -0.0266489
-0.0310893 0.00138913 -0.0251327
-0.0290012 0.00135338 -0.023596
-0.0268886 0.00131542 -0.0220352
-0.0247544 0.00126933 -0.0204489
-0.0226006 0.0012175 -0.0188383
-0.0204299 0.00116717 -0.0172063
-0.018245 0.00112497 -0.0155561
-0.0160494 0.0010942 -0.0138899
-0.0138462 0.00107397 -0.0122094
-0.0116388 0.00106042 -0.0105162
-0.00942891 0.00104691 -0.00881105
-0.00721713 0.00102677 -0.0070937
-0.00500283 0.000997037 -0.00536377
-0.0027848 0.0009589 -0.00362124
-0.000560495 0.000916803 -0.00186631
0.00167306 0.00087646 -9.94879e-05
0.00391648 0.000843668 0.00167806
0.00616815 0.000822565 0.00346411
0.00842575 0.000812154 0.00525535
0.0106871 0.000805484 0.00704876
0.0129511 0.000794218 0.00884241
0.0152163 0.000773552 0.0106338
0.0174814 0.000743108 0.0124194
0.0197442 0.000717238 0.0141951
0.0219988 0.000745407 0.0159562
0.0242377 0.000857522 0.0176969
0.0264558 0.000997378 0.0194113
0.0286481 0.00109982 0.0210928
0.0308062 0.00116863 0.022735
0.0329205 0.001239 0.0243327
0.0349813 0.00132558 0.025882
0.0369778 0.00141718 0.0273798
0.0388996 0.00150075 0.0288239
0.040739 0.00157514 0.0302136
0.0424928 0.00164622 0.0315494
0.0441624 0.00171801 0.0328316
0.0457529 0.00178986 0.0340598
0.0472726 0.00185854 0.0352342
0.0487292 0.00192156 0.0363558
0.05013 0.00198005 0.0374265
0.0514834 0.00203771 0.0384474
0.0527958 0.0020964 0.0394175
0.0540713 0.002154 0.0403335
0.0553121 0.00220758 0.0411895
0.0565188 0.00225723 0.0419788
0.0576918 0.00230478 0.042696
0.0588302 0.00235077 0.0433387
0.0599315 0.00239492 0.0439082
0.0609931 0.00243721 0.0444092
0.0620123 0.00247768 0.0448484
0.0629861 0.00251608 0.045233
0.0639111 0.0025519 0.0455688
0.0647844 0.00258561 0.0458579
0.0656032 0.00261826 0.0461004
0.0663641 0.00264948 0.0462959
0.0670628 0.00267763 0.0464447
0.0676938 0.00270192 0.0465483
0.068251 0.00272258 0.0466084
0.0687287 0.00273936 0.0466259
0.0691221 0.00275178 0.0466024
0.0694274 0.00276021 0.0465409
0.0696427 0.00276493 0.0464452
0.0697682 0.00276554 0.0463193
0.0698064 0.0027626 0.0461665
0.0697604 0.0027586 0.0459887
0.069633 0.0027548 0.0457867
0.069426 0.00274953 0.0455614
0.0691405 0.00274113 0.045314
0.0687775 0.00272929 0.0450461
0.0683388 0.00271416 0.0447601
0.0678277 0.0026966 0.0444592
0.0672487 0.00267759 0.0441475
0.0666068 0.00265672 0.043829
0.0659067 0.00263303 0.0435065
0.0651532 0.0026062 0.0431814
0.064353 0.00257668 0.0428552
0.0635148 0.00254569 0.0425282
0.062648 0.00251453 0.0422006
0.0617609 0.00248407 0.0418732
0.0608592 0.00245433 0.0415467
0.0599461 0.00242436 0.0412224
0.0590228 0.00239289 0.0409022
0.0580883 0.00235927 0.0405884
0.0571396 0.00232416 0.0402841
0.0561728 0.00228856 0.0399921
0.0551823 0.00225309 0.0397145
0.0541618 0.00221823 0.0394522
0.053105 0.00218337 0.0392054
0.0520046 0.00214749 0.0389735
0.0508538 0.00211055 0.0387553
0.0496481 0.00207217 0.0385492
0.0483851 0.00203184 0.0383531
0.047066 0.0019903 0.0381655
0.0456958 0.00194921 0.0379858
0.0442808 0.00190978 0.0378116
0.0428295 0.00187219 0.0376392
0.0413511 0.00183722 0.0374643
0.0398546 0.00180499 0.037283
0.0383483 0.00177321 0.0370925
0.0368378 0.0017412 0.0368911
0.0353262 0.00171047 0.0366789
0.0338158 0.00168128 0.036456
0.0323085 0.00165291 0.0362216
0.0308064 0.00162509 0.0359747
0.0293111 0.00159789 0.035714
0.027824 0.00157072 0.035437
0.0263467 0.00154381 0.0351394
0.0248812 0.0015191 0.0348152
0.0234306 0.00149681 0.034457
0.0219995 0.00147506 0.0340587
0.0205935 0.00145218 0.0336159
0.0192178 0.00142784 0.033126
0.0178759 0.00140379 0.0325872
0.0165681 0.00138209 0.0319976
0.015291 0.0013627 0.0313563
0.0140377 0.00134394 0.0306619
0.0127994 0.00132385 0.0299132
0.0115686 0.00130141 0.0291093
0.0103391 0.00127717 0.0282495
0.00910532 0.00125236 0.0273343
0.00786261 0.00122792 0.0263647
0.00660701 0.00120433 0.0253418
0.00533541 0.00118221 0.0242666
0.00404545 0.00116176 0.0231407
0.00273563 0.00114221 0.021966
0.00140555 0.001123 0.0207446
5.63994e-05 0.00110256 0.0194797
-0.00130795 0.00107866 0.0181766
-0.00268107 0.00105152 0.0168417
-0.00405533 0.00102295 0.0154816
-0.00542207 0.000994532 0.0141012
-0.0067714 0.000967177 0.0127031
-0.00809342 0.000940813 0.0112884
-0.0093799 0.000914868 0.00985861
-0.0106248 0.000889389 0.00841482
-0.0118238 0.000866074 0.006958
-0.0129739 0.000846974 0.00549009
-0.0140728 0.000831476 0.00401446
-0.0151194 0.000816269 0.00253436
-0.0161138 0.000798967 0.00105148
-0.0170571 0.000779949 -0.000433268
-0.0179519 0.000761441 -0.00191866
-0.0188018 0.00074549 -0.00340267
-0.0196112 0.000731668 -0.00488269
-0.0203853 0.000717684 -0.00635649
-0.0211293 0.000702137 -0.00782184
-0.0218479 0.000689577 -0.00927515
-0.0225448 0.000695541 -0.0107119
-0.0232221 0.000730426 -0.0121278
-0.0238825 0.000779383 -0.0135191
-0.0245281 0.000820648 -0.0148824
-0.0251589 0.000851173 -0.0162143
-0.0257735 0.000880844 -0.0175111
-0.0263706 0.00091578 -0.0187695
-0.0269492 0.000954144 -0.0199866
-0.0275092 0.000991303 -0.0211606
-0.0280516 0.00102496 -0.0222905
-0.0285768 0.00105712 -0.0233762
-0.0290858 0.00109042 -0.0244184
-0.029579 0.00112407 -0.0254182
-0.0300562 0.00115568 -0.026377
-0.030516 0.00118461 -0.0272952
-0.0309558 0.0012118 -0.0281735
-0.0313719 0.00123792 -0.0290127
-0.0317584 0.00126349 -0.0298129
-0.03211 0.00128871 -0.0305733
-0.0324238 0.00131311 -0.0312934
-0.0326993 0.00133673 -0.0319719
-0.0329373 0.00136016 -0.032607
-0.0331394 0.00138286 -0.0331964
-0.0333071 0.00140244 -0.0337377
-0.0334408 0.00141716 -0.034229
-0.033539 0.00142804 -0.0346684
-0.0336003 0.00143699 -0.0350556
-0.0336253 0.00144494 -0.0353919
-0.0336147 0.00145218 -0.0356789
-0.033568 0.00145864 -0.0359184
-0.0334842 0.00146376 -0.0361126
-0.0333612 0.00146659 -0.036265
-0.0331959 0.00146665 -0.0363781
-0.0329852 0.00146457 -0.0364517
-0.0327251 0.00146085 -0.0364831
-0.0324121 0.00145503 -0.036467
-0.0320437 0.00144651 -0.0363982
-0.0316172 0.00143513 -0.0362732
-0.0311309 0.00142095 -0.0360907
-0.0305827 0.001404 -0.0358515
-0.0299707 0.00138452 -0.0355575
-0.0292942 0.00136262 -0.03521
-0.0285532 0.00133801 -0.0348102
-0.0277481 0.00131036 -0.0343581
-0.0268805 0.00127914 -0.0338531
-0.0259522 0.00124404 -0.033294
-0.0249649 0.00120581 -0.0326787
-0.0239208 0.00116493 -0.0320052
-0.0228226 0.00112132 -0.0312713
-0.0216748 0.00107595 -0.030474
-0.0204837 0.00103023 -0.0296105
-0.0192561 0.000984944 -0.0286784
-0.0179982 0.000940741 -0.0276755
-0.0167149 0.000896463 -0.0265994
-0.01541 0.000850045 -0.0254483
-0.0140859 0.000801791 -0.0242216
-0.0127443 0.000753353 -0.0229185
-0.0113881 0.000707129 -0.0215392
-0.0100212 0.000667209 -0.0200858
-0.00864797 0.000639047 -0.0185622
-0.00727356 0.000624402 -0.0169727
-0.00590315 0.000617976 -0.0153227
-0.00454232 0.000614563 -0.0136195
-0.00319616 0.000612361 -0.0118726
-0.00186808 0.000609125 -0.0100929
-0.00055925 0.000603371 -0.00829144
0.000730768 0.00059677 -0.00647872
0.00200265 0.000591781 -0.00466167
0.00325701 0.000589598 -0.00284243
0.0044943 0.000591139 -0.00102066
0.00571315 0.000597424 0.00080445
0.00691152 0.000607296 0.00263333
0.00808954 0.000617216 0.00446495
0.00924879 0.000624715 0.00629808
0.01039 0.000629555 0.00813224
0.0115125 0.000632178 0.00996671
0.0126136 0.000632825 0.0118
0.0136898 0.000631606 0.0136302
0.0147374 0.000634248 0.0154549
0.0157516 0.000658847 0.0172705
0.0167264 0.000716813 0.019073
0.0176569 0.00079044 0.0208591
0.0185409 0.000854523 0.0226256
0.0193782 0.000904384 0.0243692
0.02017 0.000950248 0.0260858
0.0209174 0.00100061 0.0277708
0.0216208 0.0010555 0.0294195
0.022281 0.0011107 0.031027
0.022899 0.00116361 0.0325888
0.0234763 0.00121462 0.0340993
0.024015 0.00126557 0.0355547
0.0245173 0.00131602 0.0369544
0.0249842 0.00136354 0.0383001
0.025416 0.00140796 0.0395929
0.0258133 0.00145136 0.0408321
0.0261783 0.00149451 0.0420159
0.0265136 0.00153622 0.0431406
0.0268221 0.00157522 0.0442009
0.027107 0.00161096 0.0451909
0.027372 0.00164374 0.0461052
0.0276206 0.0016738 0.0469402
0.0278546 0.00170144 0.0476932
0.0280741 0.00172695 0.048362
0.028278 0.00174961 0.0489451
0.0284645 0.00176864 0.0494417
0.0286317 0.00178438 0.049853
0.0287763 0.00179732 0.0501821
0.0288927 0.00180782 0.0504322
0.0289748 0.00181599 0.0506055
0.0290167 0.00182131 0.0507047
0.0290143 0.00182338 0.0507331
0.0289655 0.00182221 0.0506959
0.028869 0.00181836 0.0505998
0.0287229 0.00181298 0.0504511
0.0285249 0.0018066 0.0502556
0.0282734 0.00179892 0.0500203
0.0279687 0.00178988 0.0497527
0.0276123 0.00177922 0.0494595
0.027208 0.00176594 0.0491464
0.0267598 0.00174974 0.0488181
0.0262729 0.00173197 0.0484785
0.0257543 0.00171444 0.0481299
0.0252119 0.00169814 0.0477738
0.024654 0.00168308 0.0474109
0.0240869 0.00166846 0.0470405
0.0235145 0.00165337 0.0466586
0.0229383 0.001637 0.0462602
0.0223586 0.0016188 0.0458397
0.0217737 0.00159808 0.045389
0.0211824 0.00157404 0.0448992
0.0205844 0.00154712 0.0443624
0.0199795 0.00151849 0.0437719
0.0193669 0.00148835 0.0431231
0.0187455 0.00145633 0.0424135
0.0181136 0.00142219 0.0416425
0.017469 0.00138623 0.04081
0.0168092 0.00134925 0.0399158
0.0161308 0.00131099 0.0389609
0.0154295 0.00127007 0.0379478
0.0147008 0.00122592 0.0368791
0.0139404 0.0011794 0.0357583
0.0131458 0.00113227 0.0345908
0.0123156 0.00108652 0.0333839
0.0114497 0.00104389 0.0321466
0.0105495 0.00100345 0.0308879
0.00961798 0.000961978 0.0296167
0.00865852 0.000920245 0.02834
0.00767486 0.000884191 0.0270636
0.00667075 0.000856659 0.0257929
0.00565004 0.000833812 0.0245323
0.00461743 0.000811752 0.0232852
0.00357783 0.000791738 0.0220549
0.00253612 0.000776966 0.0208441
0.00149776 0.000767339 0.0196553
0.000468116 0.000760124 0.0184895
-0.000547624 0.000752997 0.017346
-0.00154458 0.000745499 0.0162234
-0.00251842 0.000738521 0.0151179
-0.0034649 0.000732656 0.014023
-0.00438029 0.000727434 0.012932
-0.005262 0.000722213 0.0118392
-0.0061087 0.000718108 0.010741
-0.00691967 0.000716903 0.00963438
-0.00769385 0.000717771 0.00851645
-0.00842996 0.000718191 0.00738502
-0.00912664 0.000717095 0.00623902
-0.00978293 0.000715222 0.00507929
-0.0103988 0.000713499 0.00390797
-0.0109746 0.000711521 0.00272778
-0.0115113 0.000708375 0.00154206
-0.012011 0.000703805 0.000354728
-0.0124771 0.000698016 -0.000830657
-0.0129134 0.000691889 -0.00201182
-0.0133249 0.000686935 -0.00318701
-0.0137165 0.000684115 -0.0043543
-0.0140921 0.000682746 -0.00551181
-0.0144551 0.000680733 -0.00665768
-0.0148077 0.000676384 -0.00778997
-0.0151499 0.000669635 -0.00890707
-0.0154805 0.000660604 -0.0100079
-0.015798 0.000649306 -0.0110908
-0.0160999 0.000637284 -0.0121533
-0.0163832 0.000629176 -0.0131937
-0.0166437 0.00063151 -0.0142105
-0.0168775 0.000645983 -0.0152017
-0.0170811 0.000665669 -0.016165
-0.0172508 0.000681661 -0.0170964
-0.0173842 0.000693215 -0.0179909
-0.0174801 0.000706447 -0.0188435
-0.0175376 0.00072331 -0.0196499
-0.0175566 0.000739064 -0.0204065
-0.0175384 0.000750239 -0.0211107
-0.0174837 0.000758752 -0.0217587
-0.0173937 0.000768212 -0.0223446
-0.0172723 0.000779789 -0.0228607
-0.0171244 0.000790655 -0.0233001
-0.016955 0.000797367 -0.023657
-0.0167689 0.000800247 -0.0239266
-0.0165692 0.000801395 -0.0241057
-0.0163577 0.000801095 -0.0241923
-0.0161352 0.000798456 -0.0241858
-0.0159016 0.000793271 -0.0240865
-0.0156564 0.000785593 -0.0238955
-0.0153993 0.000775167 -0.0236141
-0.0151309 0.000761654 -0.0232437
-0.0148517 0.000744564 -0.0227855
-0.0145614 0.000724177 -0.0222417
-0.0142589 0.000701748 -0.021615
-0.013943 0.000678145 -0.0209086
-0.0136137 0.000653635 -0.0201251
-0.0132704 0.000627961 -0.0192664
-0.0129118 0.00060074 -0.0183347
-0.0125362 0.000572472 -0.0173322
-0.0121419 0.000544378 -0.0162627
-0.0117266 0.000517731 -0.0151317
-0.0112885 0.000493807 -0.0139474
-0.0108266 0.000473712 -0.01272
-0.0103412 0.000457284 -0.0114612
-0.0098327 0.000443749 -0.0101836
-0.00930164 0.000433151 -0.00889808
-0.00874783 0.000426627 -0.00761161
-0.00817162 0.000424863 -0.00632886
-0.00757445 0.0004247 -0.00505348
-0.00695772 0.000422545 -0.00378822
-0.00632189 0.000419443 -0.00253556
-0.00566708 0.00041766 -0.00129741
-0.00499407 0.00041707 -7.52573e-05
-0.00430464 0.000416326 0.00112831
-0.00360095 0.000414882 0.00231041
-0.00288567 0.000413599 0.00346847
-0.00216217 0.000413739 0.00459849
-0.00143363 0.000415302 0.0056958
-0.000703 0.000417356 0.00675643
2.6399e-05 0.000419706 0.00777636
0.000751586 0.000422865 0.00875202
0.00147034 0.000427635 0.00968064
0.00218017 0.000434293 0.0105598
0.00287826 0.000441551 0.0113877
0.00356159 0.000448325 0.0121626
0.00422674 0.000455059 0.0128829
0.00487106 0.000462504 0.0135472
0.00549214 0.000470805 0.0141549
0.00608764 0.000479536 0.0147054
0.00665706 0.000487964 0.0151988
0.00720129 0.000496049 0.0156362
0.00772124 0.000504867 0.0160194
0.00821792 0.000515066 0.0163496
0.00869266 0.00052549 0.0166278
0.00914712 0.000534698 0.0168554
0.00958281 0.000543688 0.0170331
0.0100004 0.000553732 0.0171619
0.0103998 0.000563783 0.0172429
0.0107805 0.000571968 0.0172782
0.0111426 0.000577374 0.0172691
0.0114872 0.000581078 0.0172163
0.0118162 0.000584665 0.0171204
0.0121318 0.000587842 0.0169819
0.0124361 0.000589367 0.0168014
0.0127301 0.000589186 0.0165796
0.013014 0.000587797 0.016318
0.0132885 0.000585429 0.0160186
0.0135547 0.000582326 0.0156838
0.0138141 0.000578363 0.0153159
0.014068 0.000572893 0.0149171
0.0143177 0.000565997 0.0144892
0.0145636 0.000558842 0.0140346
0.014805 0.000551808 0.013555
0.0150403 0.000544668 0.0130517
0.0152679 0.000537276 0.012525
0.015487 0.000528973 0.0119744
0.0156966 0.000520044 0.0113978
0.015896 0.000511508 0.0107912
0.0160843 0.000503173 0.0101509
0.0162605 0.000494707 0.0094747
0.016424 0.000485834 0.00876113
0.0165744 0.00047666 0.00800911
0.0167101 0.000469221 0.00721838
0.0168291 0.000463925 0.00638861
0.0169296 0.00045796 0.00551984
0.0170099 0.000450783 0.00461393
0.0170671 0.000445478 0.00367473
0.0170976 0.000443197 0.002707
0.0170983 0.000441525 0.00171634
0.0170669 0.000439687 0.000709712
0.0170023 0.000438869 -0.000305738
0.0169039 0.000438966 -0.0013236
0.0167717 0.00043944 -0.00233796
0.0166075 0.000439023 -0.00334407
0.0164147 0.000436773 -0.00433896
0.0161985 0.000434671 -0.00532096
0.0159652 0.000434725 -0.00628877
0.0157194 0.000436124 -0.00724102
0.0154648 0.000437797 -0.00817663
0.0152037 0.000440443 -0.00909525
0.0149377 0.000444717 -0.0099965
0.0146684 0.000450283 -0.0108791
0.0143971 0.00045694 -0.0117413
0.014124 0.000464534 -0.0125818
0.0138492 0.000473004 -0.0133984
0.0135719 0.000482135 -0.0141883
0.0132904 0.000491089 -0.0149481
0.0130031 0.000499388 -0.0156738
0.0127084 0.000506659 -0.0163622
0.0124042 0.000512978 -0.0170104
0.0120875 0.000519292 -0.0176168
0.0117545 0.000525556 -0.0181799
0.0114016 0.000532061 -0.0186979
0.0110254 0.000539587 -0.0191685
0.0106232 0.00054604 -0.0195881
0.0101931 0.000549823 -0.0199518
0.00973447 0.000552529 -0.0202547
0.00924786 0.00055496 -0.0204922
0.0087335 0.000555811 -0.0206601
0.0081916 0.000554465 -0.0207548
0.00762216 0.000551861 -0.0207732
0.00702521 0.000548349 -0.0207142
0.00640187 0.000542988 -0.0205774
0.00575397 0.000535166 -0.0203627
0.00508389 0.00052526 -0.0200696
0.00439403 0.000513426 -0.0196977
0.00368638 0.000499231 -0.0192458
0.00296368 0.000482568 -0.0187129
0.00222967 0.000464698 -0.018099
0.00148767 0.000447323 -0.0174054
0.000740348 0.000429966