-2975.56 -1.46966e-05 -6065.09 -2.99562e-05 -2975.56 -1.46966e-05 -5538.35 -2.73546e-05 -11141.4 -5.50285e-05 -5538.35 -2.73546e-05 -5538.35 -2.73546e-05 -11141.4 -5.50285e-05 -5538.35 -2.73546e-05 -2975.56 -1.46966e-05 -6065.09 -2.99562e-05 -2975.56 -1.46966e-05
-1444.54 -7.13477e-06 -6116.85 -3.02118e-05 -1444.54 -7.13477e-06 -5247.46 -2.59178e-05 -11179.7 -5.52181e-05 -5247.46 -2.59178e-05 -5247.46 -2.59178e-05 -11179.7 -5.52181e-05 -5247.46 -2.59178e-05 -1444.54 -7.13477e-06 -6116.85 -3.02118e-05 -1444.54 -7.13477e-06
845.496 4.176e-06 -5016.4 -2.47766e-05 845.496 4.176e-06 -3506.34 -1.73182e-05 -11218.8 -5.54109e-05 -3506.34 -1.73182e-05 -3506.34 -1.73182e-05 -11218.8 -5.54109e-05 -3506.34 -1.73182e-05 845.496 4.176e-06 -5016.4 -2.47766e-05 845.496 4.176e-06
3413.41 1.68592e-05 -3229.47 -1.59507e-05 3413.41 1.68592e-05 -1308.58 -6.46325e-06 -10910.7 -5.38893e-05 -1308.58 -6.46325e-06 -1308.58 -6.46325e-06 -10910.7 -5.38893e-05 -1308.58 -6.46325e-06 3413.41 1.68592e-05 -3229.47 -1.59507e-05 3413.41 1.68592e-05
6022.36 2.97451e-05 -1104.87 -5.45709e-06 6022.36 2.97451e-05 1186.62 5.86087e-06 -9574.99 -4.7292e-05 1186.62 5.86087e-06 1186.62 5.86087e-06 -9574.99 -4.7292e-05 1186.62 5.86087e-06 6022.36 2.97451e-05 -1104.87 -5.45709e-06 6022.36 2.97451e-05
8555.42 4.22562e-05 1281.08 6.32742e-06 8555.42 4.22562e-05 3770.56 1.86232e-05 -7642.74 -3.77484e-05 3770.56 1.86232e-05 3770.56 1.86232e-05 -7642.74 -3.77484e-05 3770.56 1.86232e-05 8555.42 4.22562e-05 1281.08 6.32742e-06 8555.42 4.22562e-05
11093.1 5.47901e-05 3764.42 1.85929e-05 11093.1 5.47901e-05 6446.45 3.18398e-05 -5608.07 -2.76989e-05 6446.45 3.18398e-05 6446.45 3.18398e-05 -5608.07 -2.76989e-05 6446.45 3.18398e-05 11093.1 5.47901e-05 3764.42 1.85929e-05 11093.1 5.47901e-05
13668.8 6.75117e-05 6378.31 3.15032e-05 13668.8 6.75117e-05 9035.94 4.46296e-05 -3410.31 -1.68439e-05 9035.94 4.46296e-05 9035.94 4.46296e-05 -3410.31 -1.68439e-05 9035.94 4.46296e-05 13668.8 6.75117e-05 6378.31 3.15032e-05 13668.8 6.75117e-05
16148.2 7.97581e-05 8860.35 4.37623e-05 16148.2 7.97581e-05 11736.7 5.79692e-05 -1055.02 -5.21088e-06 11736.7 5.79692e-05 11736.7 5.79692e-05 -1055.02 -5.21088e-06 11736.7 5.79692e-05 16148.2 7.97581e-05 8860.35 4.37623e-05 16148.2 7.97581e-05
18608.1 9.19076e-05 11580.4 5.71968e-05 18608.1 9.19076e-05 14249.9 7.03822e-05 1426.03 7.04333e-06 14249.9 7.03822e-05 14249.9 7.03822e-05 1426.03 7.04333e-06 14249.9 7.03822e-05 18608.1 9.19076e-05 11580.4 5.71968e-05 18608.1 9.19076e-05
21112.1 0.000104275 14113 6.97056e-05 21112.1 0.000104275 16703.2 8.24993e-05 3975.73 1.96366e-05 16703.2 8.24993e-05 16703.2 8.24993e-05 3975.73 1.96366e-05 16703.2 8.24993e-05 21112.1 0.000104275 14113 6.97056e-05 21112.1 0.000104275
23672.9 0.000116923 16657.5 8.22732e-05 23672.9 0.000116923 19172.2 9.4694e-05 6462.1 3.19171e-05 19172.2 9.4694e-05 19172.2 9.4694e-05 6462.1 3.19171e-05 19172.2 9.4694e-05 23672.9 0.000116923 16657.5 8.22732e-05 23672.9 0.000116923
26197.6 0.000129393 19153.2 9.45999e-05 26197.6 0.000129393 21628.8 0.000106827 9182.21 4.5352e-05 21628.8 0.000106827 21628.8 0.000106827 9182.21 4.5352e-05 21628.8 0.000106827 26197.6 0.000129393 19153.2 9.45999e-05 26197.6 0.000129393
28725 0.000141876 21730.5 0.00010733 28725 0.000141876 24079.6 0.000118932 11781.6 5.81909e-05 24079.6 0.000118932 24079.6 0.000118932 11781.6 5.81909e-05 24079.6 0.000118932 28725 0.000141876 21730.5 0.00010733 28725 0.000141876
31254.6 0.00015437 24327.5 0.000120156 31254.6 0.00015437 26520.4 0.000130988 14376.5 7.10074e-05 26520.4 0.000130988 26520.4 0.000130988 14376.5 7.10074e-05 26520.4 0.000130988 31254.6 0.00015437 24327.5 0.000120156 31254.6 0.00015437
33776.2 0.000166825 26914.4 0.000132933 33776.2 0.000166825 28849 0.000142488 16831.4 8.31322e-05 28849 0.000142488 28849 0.000142488 16831.4 8.31322e-05 28849 0.000142488 33776.2 0.000166825 26914.4 0.000132933 33776.2 0.000166825
36299.8 0.000179289 29451.3 0.000145463 36299.8 0.000179289 31157.9 0.000153892 19501.3 9.63191e-05 31157.9 0.000153892 31157.9 0.000153892 19501.3 9.63191e-05 31157.9 0.000153892 36299.8 0.000179289 29451.3 0.000145463 36299.8 0.000179289
38829.1 0.000191782 31954.6 0.000157827 38829.1 0.000191782 33439.9 0.000165164 22163.1 0.000109466 33439.9 0.000165164 33439.9 0.000165164 22163.1 0.000109466 33439.9 0.000165164 38829.1 0.000191782 31954.6 0.000157827 38829.1 0.000191782
41296.5 0.000203968 34446.2 0.000170134 41296.5 0.000203968 35748.5 0.000176566 24760.3 0.000122294 35748.5 0.000176566 35748.5 0.000176566 24760.3 0.000122294 35748.5 0.000176566 41296.5 0.000203968 34446.2 0.000170134 41296.5 0.000203968
43742.9 0.000216052 36935.6 0.000182429 43742.9 0.000216052 38059 0.000187978 27210.6 0.000134396 38059 0.000187978 38059 0.000187978 27210.6 0.000134396 38059 0.000187978 43742.9 0.000216052 36935.6 0.000182429 43742.9 0.000216052
46189.6 0.000228136 39441.8 0.000194808 46189.6 0.000228136 40432 0.000199698 29632.5 0.000146358 40432 0.000199698 40432 0.000199698 29632.5 0.000146358 40432 0.000199698 46189.6 0.000228136 39441.8 0.000194808 46189.6 0.000228136
48633.1 0.000240204 41957.5 0.000207233 48633.1 0.000240204 42756.9 0.000211181 32054.3 0.00015832 42756.9 0.000211181 42756.9 0.000211181 32054.3 0.00015832 42756.9 0.000211181 48633.1 0.000240204 41957.5 0.000207233 48633.1 0.000240204
51075.3 0.000252267 44587 0.00022022 51075.3 0.000252267 45073.5 0.000222623 34467.7 0.00017024 45073.5 0.000222623 45073.5 0.000222623 34467.7 0.00017024 45073.5 0.000222623 51075.3 0.000252267 44587 0.00022022 51075.3 0.000252267
53509.8 0.000264291 47143.6 0.000232848 53509.8 0.000264291 47393.3 0.000234081 36845.4 0.000181984 47393.3 0.000234081 47393.3 0.000234081 36845.4 0.000181984 47393.3 0.000234081 53509.8 0.000264291 47143.6 0.000232848 53509.8 0.000264291
55931.3 0.000276251 49719.3 0.000245569 55931.3 0.000276251 49671.4 0.000245333 39275.8 0.000193988 49671.4 0.000245333 49671.4 0.000245333 39275.8 0.000193988 49671.4 0.000245333 55931.3 0.000276251 49719.3 0.000245569 55931.3 0.000276251
58400.4 0.000288446 52288.9 0.000258261 58400.4 0.000288446 51964.5 0.000256659 41704.5 0.000205984 51964.5 0.000256659 51964.5 0.000256659 41704.5 0.000205984 51964.5 0.000256659 58400.4 0.000288446 52288.9 0.000258261 58400.4 0.000288446
60870.2 0.000300645 54858.6 0.000270953 60870.2 0.000300645 54258.9 0.000267991 44123.3 0.00021793 54258.9 0.000267991 54258.9 0.000267991 44123.3 0.00021793 54258.9 0.000267991 60870.2 0.000300645 54858.6 0.000270953 60870.2 0.000300645
63328.4 0.000312786 57421.3 0.000283611 63328.4 0.000312786 56551.3 0.000279313 46543.5 0.000229884 56551.3 0.000279313 56551.3 0.000279313 46543.5 0.000229884 56551.3 0.000279313 63328.4 0.000312786 57421.3 0.000283611 63328.4 0.000312786
65782.6 0.000324908 60004.8 0.000296371 65782.6 0.000324908 58807.4 0.000290456 48949.3 0.000241766 58807.4 0.000290456 58807.4 0.000290456 48949.3 0.000241766 58807.4 0.000290456 65782.6 0.000324908 60004.8 0.000296371 65782.6 0.000324908
68241.9 0.000337055 62580.8 0.000309094 68241.9 0.000337055 61079.6 0.000301679 51355 0.000253649 61079.6 0.000301679 61079.6 0.000301679 51355 0.000253649 61079.6 0.000301679 68241.9 0.000337055 62580.8 0.000309094 68241.9 0.000337055
70688.2 0.000349137 65153.8 0.000321802 70688.2 0.000349137 63346.2 0.000312875 53728.1 0.00026537 63346.2 0.000312875 63346.2 0.000312875 53728.1 0.00026537 63346.2 0.000312875 70688.2 0.000349137 65153.8 0.000321802 70688.2 0.000349137
73129.4 0.000361194 67716.8 0.000334461 73129.4 0.000361194 65610.7 0.000324059 56015.8 0.000276669 65610.7 0.000324059 65610.7 0.000324059 56015.8 0.000276669 65610.7 0.000324059 73129.4 0.000361194 67716.8 0.000334461 73129.4 0.000361194
75567.1 0.000373235 70280.8 0.000347125 75567.1 0.000373235 67875 0.000335243 58301.8 0.00028796 67875 0.000335243 67875 0.000335243 58301.8 0.00028796 67875 0.000335243 75567.1 0.000373235 70280.8 0.000347125 75567.1 0.000373235
77986.9 0.000385187 72863.8 0.000359883 77986.9 0.000385187 70085.6 0.000346161 60570.3 0.000299164 70085.6 0.000346161 70085.6 0.000346161 60570.3 0.000299164 70085.6 0.000346161 77986.9 0.000385187 72863.8 0.000359883 77986.9 0.000385187
80413.6 0.000397172 75432.8 0.000372571 80413.6 0.000397172 72313.3 0.000357164 62846.4 0.000310406 72313.3 0.000357164 72313.3 0.000357164 62846.4 0.000310406 72313.3 0.000357164 80413.6 0.000397172 75432.8 0.000372571 80413.6 0.000397172
82833.6 0.000409125 77974.6 0.000385126 82833.6 0.000409125 74532.7 0.000368126 65123.8 0.000321654 74532.7 0.000368126 74532.7 0.000368126 65123.8 0.000321654 74532.7 0.000368126 82833.6 0.000409125 77974.6 0.000385126 82833.6 0.000409125
85246.2 0.000421041 80499.5 0.000397597 85246.2 0.000421041 76756.4 0.000379109 67398.7 0.00033289 76756.4 0.000379109 76756.4 0.000379109 67398.7 0.00033289 76756.4 0.000379109 85246.2 0.000421041 80499.5 0.000397597 85246.2 0.000421041
87642 0.000432874 82982.2 0.000409859 87642 0.000432874 78944.8 0.000389918 69661.9 0.000344068 78944.8 0.000389918 78944.8 0.000389918 69661.9 0.000344068 78944.8 0.000389918 87642 0.000432874 82982.2 0.000409859 87642 0.000432874
90036.9 0.000444703 85455.7 0.000422076 90036.9 0.000444703 81164.1 0.000400879 71935 0.000355295 81164.1 0.000400879 81164.1 0.000400879 71935 0.000355295 81164.1 0.000400879 90036.9 0.000444703 85455.7 0.000422076 90036.9 0.000444703
92417.3 0.00045646 87918.7 0.000434241 92417.3 0.00045646 83386.7 0.000411857 74209 0.000366527 83386.7 0.000411857 83386.7 0.000411857 74209 0.000366527 83386.7 0.000411857 92417.3 0.00045646 87918.7 0.000434241 92417.3 0.00045646
94792.2 0.00046819 90374.5 0.00044637 94792.2 0.00046819 85614.6 0.00042286 76479.1 0.000377739 85614.6 0.00042286 85614.6 0.00042286 76479.1 0.000377739 85614.6 0.00042286 94792.2 0.00046819 90374.5 0.00044637 94792.2 0.00046819
97168.5 0.000479927 92833.7 0.000458517 97168.5 0.000479927 87838.1 0.000433843 78744.9 0.00038893 87838.1 0.000433843 87838.1 0.000433843 78744.9 0.00038893 87838.1 0.000433843 97168.5 0.000479927 92833.7 0.000458517 97168.5 0.000479927
99532.4 0.000491602 95306.7 0.000470731 99532.4 0.000491602 90016.7 0.000444603 81043.5 0.000400283 90016.7 0.000444603 90016.7 0.000444603 81043.5 0.000400283 90016.7 0.000444603 99532.4 0.000491602 95306.7 0.000470731 99532.4 0.000491602
101898 0.000503286 97772 0.000482907 101898 0.000503286 92227 0.00045552 83368.3 0.000411766 92227 0.00045552 92227 0.00045552 83368.3 0.000411766 92227 0.00045552 101898 0.000503286 97772 0.000482907 101898 0.000503286
104263 0.000514966 100222 0.000495008 104263 0.000514966 94442.5 0.000466463 85683.5 0.000423201 94442.5 0.000466463 94442.5 0.000466463 85683.5 0.000423201 94442.5 0.000466463 104263 0.000514966 100222 0.000495008 104263 0.000514966
106630 0.00052666 102673 0.000507113 106630 0.00052666 96660.5 0.000477417 88003.5 0.00043466 96660.5 0.000477417 96660.5 0.000477417 88003.5 0.00043466 96660.5 0.000477417 106630 0.00052666 102673 0.000507113 106630 0.00052666
109004 0.000538384 105132 0.00051926 109004 0.000538384 98883.4 0.000488397 90328.7 0.000446144 98883.4 0.000488397 98883.4 0.000488397 90328.7 0.000446144 98883.4 0.000488397 109004 0.000538384 105132 0.00051926 109004 0.000538384
111385 0.000550142 107604 0.000531471 111385 0.000550142 101118 0.000499432 92663.7 0.000457677 101118 0.000499432 101118 0.000499432 92663.7 0.000457677 101118 0.000499432 111385 0.000550142 107604 0.000531471 111385 0.000550142
113777 0.000561957 110103 0.000543813 113777 0.000561957 103370 0.000510558 95015 0.00046929 103370 0.000510558 103370 0.000510558 95015 0.00046929 103370 0.000510558 113777 0.000561957 110103 0.000543813 113777 0.000561957
116174 0.000573797 112623 0.000556258 116174 0.000573797 105617 0.000521653 97379.2 0.000480967 105617 0.000521653 105617 0.000521653 97379.2 0.000480967 105617 0.000521653 116174 0.000573797 112623 0.000556258 116174 0.000573797
118606 0.000585811 115164 0.000568811 118606 0.000585811 107927 0.000533063 99781.3 0.000492831 107927 0.000533063 107927 0.000533063 99781.3 0.000492831 107927 0.000533063 118606 0.000585811 115164 0.000568811 118606 0.000585811
121077 0.000598015 117749 0.000581574 121077 0.000598015 110279 0.000544679 102215 0.00050485 110279 0.000544679 110279 0.000544679 102215 0.00050485 110279 0.000544679 121077 0.000598015 117749 0.000581574 121077 0.000598015
123595 0.000610449 120384 0.000594589 123595 0.000610449 112673 0.000556506 104687 0.000517062 112673 0.000556506 112673 0.000556506 104687 0.000517062 112673 0.000556506 123595 0.000610449 120384 0.000594589 123595 0.000610449
126163 0.000623134 123071 0.000607861 126163 0.000623134 115119 0.000568588 107206 0.000529505 115119 0.000568588 115119 0.000568588 107206 0.000529505 115119 0.000568588 126163 0.000623134 123071 0.000607861 126163 0.000623134
128785 0.000636086 125817 0.000621427 128785 0.000636086 117626 0.00058097 109777 0.000542202 117626 0.00058097 117626 0.00058097 109777 0.000542202 117626 0.00058097 128785 0.000636086 125817 0.000621427 128785 0.000636086
131469 0.00064934 128617 0.000635253 131469 0.00064934 120207 0.000593716 112405 0.000555181 120207 0.000593716 120207 0.000593716 112405 0.000555181 120207 0.000593716 131469 0.00064934 128617 0.000635253 131469 0.00064934
134215 0.000662902 131466 0.000649325 134215 0.000662902 122865 0.000606847 115091 0.000568447 122865 0.000606847 122865 0.000606847 115091 0.000568447 122865 0.000606847 134215 0.000662902 131466 0.000649325 134215 0.000662902
137015 0.000676733 134385 0.000663744 137015 0.000676733 125571 0.000620211 117826 0.000581954 125571 0.000620211 125571 0.000620211 117826 0.000581954 125571 0.000620211 137015 0.000676733 134385 0.000663744 137015 0.000676733
139908 0.000691024 137384 0.000678554 139908 0.000691024 128388 0.000634124 120640 0.000595854 128388 0.000634124 128388 0.000634124 120640 0.000595854 128388 0.000634124 139908 0.000691024 137384 0.000678554 139908 0.000691024
142895 0.000705776 140473 0.000693812 142895 0.000705776 131299 0.000648499 123537 0.000610163 131299 0.000648499 131299 0.000648499 123537 0.000610163 131299 0.000648499 142895 0.000705776 140473 0.000693812 142895 0.000705776
145983 0.000721027 143665 0.000709578 145983 0.000721027 134314 0.00066339 126522 0.000624905 134314 0.00066339 134314 0.00066339 126522 0.000624905 134314 0.00066339 145983 0.000721027 143665 0.000709578 145983 0.000721027
149183 0.000736831 146968 0.000725893 149183 0.000736831 137442 0.000678845 129603 0.000640123 137442 0.000678845 137442 0.000678845 129603 0.000640123 137442 0.000678845 149183 0.000736831 146968 0.000725893 149183 0.000736831
152496 0.000753197 150382 0.000742753 152496 0.000753197 140691 0.000694891 132791 0.000655868 140691 0.000694891 140691 0.000694891 132791 0.000655868 140691 0.000694891 152496 0.000753197 150382 0.000742753 152496 0.000753197
155925 0.00077013 153904 0.000760148 155925 0.00077013 144057 0.000711515 136082 0.000672126 144057 0.000711515 144057 0.000711515 136082 0.000672126 144057 0.000711515 155925 0.00077013 153904 0.000760148 155925 0.00077013
159466 0.000787623 157527 0.000778043 159466 0.000787623 147538 0.000728708 139472 0.000688869 147538 0.000728708 147538 0.000728708 139472 0.000688869 147538 0.000728708 159466 0.000787623 157527 0.000778043 159466 0.000787623
163118 0.00080566 161248 0.000796422 163118 0.00080566 151131 0.000746451 142959 0.000706094 151131 0.000746451 151131 0.000746451 142959 0.000706094 151131 0.000746451 163118 0.00080566 161248 0.000796422 163118 0.00080566
166886 0.000824271 165081 0.000815352 166886 0.000824271 154836 0.000764752 146542 0.000723788 154836 0.000764752 154836 0.000764752 146542 0.000723788 154836 0.000764752 166886 0.000824271 165081 0.000815352 166886 0.000824271
170778 0.00084349 169030 0.000834862 170778 0.00084349 158663 0.000783657 150224 0.000741976 158663 0.000783657 158663 0.000783657 150224 0.000741976 158663 0.000783657 170778 0.00084349 169030 0.000834862 170778 0.00084349
174802 0.00086337 173109 0.000855008 174802 0.00086337 162623 0.000803217 154017 0.000760706 162623 0.000803217 162623 0.000803217 154017 0.000760706 162623 0.000803217 174802 0.00086337 173109 0.000855008 174802 0.00086337
178972 0.000883962 177329 0.000875848 178972 0.000883962 166728 0.000823487 157929 0.000780031 166728 0.000823487 166728 0.000823487 157929 0.000780031 166728 0.000823487 178972 0.000883962 177329 0.000875848 178972 0.000883962
183255 0.000905116 181681 0.000897344 183255 0.000905116 170940 0.000844295 161941 0.000799846 170940 0.000844295 170940 0.000844295 161941 0.000799846 170940 0.000844295 183255 0.000905116 181681 0.000897344 183255 0.000905116
187708 0.000927114 186192 0.000919624 187708 0.000927114 175339 0.000866022 166110 0.000820437 175339 0.000866022 175339 0.000866022 166110 0.000820437 175339 0.000866022 187708 0.000927114 186192 0.000919624 187708 0.000927114
192291 0.000949749 190837 0.000942568 192291 0.000949749 179877 0.000888433 170408 0.000841666 179877 0.000888433 179877 0.000888433 170408 0.000841666 179877 0.000888433 192291 0.000949749 190837 0.000942568 192291 0.000949749
196989 0.000972951 195602 0.0009661 196989 0.000972951 184534 0.000911433 174810 0.000863405 184534 0.000911433 184534 0.000911433 174810 0.000863405 184534 0.000911433 196989 0.000972951 195602 0.0009661 196989 0.000972951
201793 0.00099668 200473 0.00099016 201793 0.00099668 189298 0.000934965 179302 0.000885593 189298 0.000934965 189298 0.000934965 179302 0.000885593 189298 0.000934965 201793 0.00099668 200473 0.00099016 201793 0.00099668
206703 0.00102093 205444 0.00101471 206703 0.00102093 194165 0.000959005 183877 0.000908192 194165 0.000959005 194165 0.000959005 183877 0.000908192 194165 0.000959005 206703 0.00102093 205444 0.00101471 206703 0.00102093
211725 0.00104574 210519 0.00103978 211725 0.00104574 199141 0.000983579 188544 0.000931241 199141 0.000983579 199141 0.000983579 188544 0.000931241 199141 0.000983579 211725 0.00104574 210519 0.00103978 211725 0.00104574
216874 0.00107117 215709 0.00106541 216874 0.00107117 204236 0.00100875 193311 0.000954787 204236 0.00100875 204236 0.00100875 193311 0.000954787 204236 0.00100875 216874 0.00107117 215709 0.00106541 216874 0.00107117
222166 0.0010973 221035 0.00109172 222166 0.0010973 209472 0.00103461 198274 0.000979297 209472 0.00103461 209472 0.00103461 198274 0.000979297 209472 0.00103461 222166 0.0010973 221035 0.00109172 222166 0.0010973
227610 0.00112419 226518 0.0011188 227610 0.00112419 214861 0.00106123 203491 0.00100507 214861 0.00106123 214861 0.00106123 203491 0.00100507 214861 0.00106123 227610 0.00112419 226518 0.0011188 227610 0.00112419
233204 0.00115182 232152 0.00114663 233204 0.00115182 220407 0.00108862 208886 0.00103171 220407 0.00108862 220407 0.00108862 208886 0.00103171 220407 0.00108862 233204 0.00115182 232152 0.00114663 233204 0.00115182
238929 0.0011801 237928 0.00117515 238929 0.0011801 226097 0.00111672 214438 0.00105914 226097 0.00111672 226097 0.00111672 214438 0.00105914 226097 0.00111672 238929 0.0011801 237928 0.00117515 238929 0.0011801
244765 0.00120893 243826 0.00120429 244765 0.00120893 231912 0.00114544 220140 0.0010873 231912 0.00114544 231912 0.00114544 220140 0.0010873 231912 0.00114544 244765 0.00120893 243826 0.00120429 244765 0.00120893
250688 0.00123818 249824 0.00123391 250688 0.00123818 237828 0.00117466 225972 0.0011161 237828 0.00117466 237828 0.00117466 225972 0.0011161 237828 0.00117466 250688 0.00123818 249824 0.00123391 250688 0.00123818
256680 0.00126777 255902 0.00126393 256680 0.00126777 243823 0.00120427 231910 0.00114543 243823 0.00120427 243823 0.00120427 231910 0.00114543 243823 0.00120427 256680 0.00126777 255902 0.00126393 256680 0.00126777
262681 0.00129742 262015 0.00129413 262681 0.00129742 249824 0.00123391 237891 0.00117497 249824 0.00123391 249824 0.00123391 237891 0.00117497 249824 0.00123391 262681 0.00129742 262015 0.00129413 262681 0.00129742
268841 0.00132785 268257 0.00132496 268841 0.00132785 255981 0.00126432 244022 0.00120525 255981 0.00126432 255981 0.00126432 244022 0.00120525 255981 0.00126432 268841 0.00132785 268257 0.00132496 268841 0.00132785
275016 0.00135835 274508 0.00135584 275016 0.00135835 262096 0.00129453 250135 0.00123545 262096 0.00129453 262096 0.00129453 250135 0.00123545 262096 0.00129453 275016 0.00135835 274508 0.00135584 275016 0.00135835
281452 0.00139015 280873 0.00138729 281452 0.00139015 268340 0.00132537 256355 0.00126617 268340 0.00132537 268340 0.00132537 256355 0.00126617 268340 0.00132537 281452 0.00139015 280873 0.00138729 281452 0.00139015
288007 0.00142254 287341 0.00141925 288007 0.00142254 274682 0.0013567 262654 0.00129729 274682 0.0013567 274682 0.0013567 262654 0.00129729 274682 0.0013567 288007 0.00142254 287341 0.00141925 288007 0.00142254
294695 0.0014556 293925 0.0014518 294695 0.0014556 281138 0.0013886 269047 0.00132887 281138 0.0013886 281138 0.0013886 269047 0.00132887 281138 0.0013886 294695 0.0014556 293925 0.0014518 294695 0.0014556
301527 0.00148939 300635 0.00148498 301527 0.00148939 287724 0.00142115 275555 0.00136102 287724 0.00142115 287724 0.00142115 275555 0.00136102 287724 0.00142115 301527 0.00148939 300635 0.00148498 301527 0.00148939
308497 0.00152388 307472 0.00151882 308497 0.00152388 294445 0.00145437 282193 0.00139382 294445 0.00145437 294445 0.00145437 282193 0.00139382 294445 0.00145437 308497 0.00152388 307472 0.00151882 308497 0.00152388
315587 0.001559 314427 0.00155327 315587 0.001559 301294 0.00148824 288973 0.00142732 301294 0.00148824 301294 0.00148824 288973 0.00142732 301294 0.00148824 315587 0.001559 314427 0.00155327 315587 0.001559
322769 0.00159464 321479 0.00158826 322769 0.00159464 308253 0.00152268 295892 0.00146153 308253 0.00152268 308253 0.00152268 295892 0.00146153 308253 0.00152268 322769 0.00159464 321479 0.00158826 322769 0.00159464
330011 0.00163068 328602 0.00162369 330011 0.00163068 315297 0.00155758 302940 0.0014964 315297 0.00155758 315297 0.00155758 302940 0.0014964 315297 0.00155758 330011 0.00163068 328602 0.00162369 330011 0.00163068
337282 0.001667 335786 0.00165956 337282 0.001667 322404 0.00159285 310098 0.00153184 322404 0.00159285 322404 0.00159285 310098 0.00153184 322404 0.00159285 337282 0.001667 335786 0.00165956 337282 0.001667
344550 0.00170353 343033 0.00169595 344550 0.00170353 329565 0.00162848 317343 0.00156776 329565 0.00162848 329565 0.00162848 317343 0.00156776 329565 0.00162848 344550 0.00170353 343033 0.00169595 344550 0.00170353
351786 0.00174024 350299 0.00173276 351786 0.00174024 336776 0.0016645 324647 0.00160405 336776 0.0016645 336776 0.0016645 324647 0.00160405 336776 0.0016645 351786 0.00174024 350299 0.00173276 351786 0.00174024
358955 0.00177711 357539 0.00176991 358955 0.00177711 344028 0.00170096 331984 0.00164062 344028 0.00170096 344028 0.00170096 331984 0.00164062 344028 0.00170096 358955 0.00177711 357539 0.00176991 358955 0.00177711
366017 0.00181416 364706 0.00180739 366017 0.00181416 351315 0.00173792 339328 0.00167741 351315 0.00173792 351315 0.00173792 339328 0.00167741 351315 0.00173792 366017 0.00181416 364706 0.00180739 366017 0.00181416
372914 0.0018514 371735 0.00184519 372914 0.0018514 358589 0.00177532 346653 0.00171438 358589 0.00177532 358589 0.00177532 346653 0.00171438 358589 0.00177532 372914 0.0018514 371735 0.00184519 372914 0.0018514
379572 0.00188887 378544 0.00188329 379572 0.00188887 365757 0.00181293 353928 0.0017515 365757 0.00181293 365757 0.00181293 353928 0.0017515 365757 0.00181293 379572 0.00188887 378544 0.00188329 379572 0.00188887
385907 0.00192663 385035 0.00192171 385907 0.00192663 372761 0.00185077 361116 0.00178877 372761 0.00185077 372761 0.00185077 361116 0.00178877 372761 0.00185077 385907 0.00192663 385035 0.00192171 385907 0.00192663
391817 0.00196475 391097 0.00196047 391817 0.00196475 379527 0.00188889 368170 0.00182622 379527 0.00188889 379527 0.00188889 368170 0.00182622 379527 0.00188889 391817 0.00196475 391097 0.00196047 391817 0.00196475
397201 0.00200332 396619 0.00199964 397201 0.00200332 385966 0.00192736 375029 0.00186388 385966 0.00192736 385966 0.00192736 375029 0.00186388 385966 0.00192736 397201 0.00200332 396619 0.00199964 397201 0.00200332
401963 0.00204242 401505 0.00203928 401963 0.00204242 391971 0.00196626 381616 0.0019018 391971 0.00196626 391971 0.00196626 381616 0.0019018 391971 0.00196626 401963 0.00204242 401505 0.00203928 401963 0.00204242
406038 0.00208212 405684 0.00207946 406038 0.00208212 397430 0.00200568 387840 0.00194004 397430 0.00200568 397430 0.00200568 387840 0.00194004 397430 0.00200568 406038 0.00208212 405684 0.00207946 406038 0.00208212
409404 0.00212244 409137 0.00212021 409404 0.00212244 402242 0.00204568 393596 0.00197868 402242 0.00204568 402242 0.00204568 393596 0.00197868 402242 0.00204568 409404 0.00212244 409137 0.00212021 409404 0.00212244
412091 0.00216336 411893 0.00216153 412091 0.00216336 406337 0.00208629 398782 0.00201777 406337 0.00208629 406337 0.00208629 398782 0.00201777 406337 0.00208629 412091 0.00216336 411893 0.00216153 412091 0.00216336
414170 0.00220485 414027 0.00220339 414170 0.00220485 409694 0.00212751 403312 0.00205737 409694 0.00212751 409694 0.00212751 403312 0.00205737 409694 0.00212751 414170 0.00220485 414027 0.00220339 414170 0.00220485
415741 0.00224681 415639 0.00224573 415741 0.00224681 412351 0.00216929 407138 0.0020975 412351 0.00216929 412351 0.00216929 407138 0.0020975 412351 0.00216929 415741 0.00224681 415639 0.00224573 415741 0.00224681
416899 0.00228877 416830 0.00228818 416899 0.00228877 414375 0.00221118 410238 0.00213783 414375 0.00221118 414375 0.00221118 410238 0.00213783 414375 0.00221118 416899 0.00228877 416830 0.00228818 416899 0.00228877
417768 0.00233177 417721 0.00233154 417768 0.00233177 415918 0.00225418 412726 0.00217924 415918 0.00225418 415918 0.00225418 412726 0.00217924 415918 0.00225418 417768 0.00233177 417721 0.00233154 417768 0.00233177
418398 0.00237427 418368 0.00237459 418398 0.00237427 417040 0.00229679 414612 0.00222046 417040 0.00229679 417040 0.00229679 414612 0.00222046 417040 0.00229679 418398 0.00237427 418368 0.00237459 418398 0.00237427
418872 0.00241727 418853 0.0024181 418872 0.00241727 417871 0.00233996 416045 0.0022623 417871 0.00233996 417871 0.00233996 416045 0.0022623 417871 0.00233996 418872 0.00241727 418853 0.0024181 418872 0.00241727
419230 0.0024604 419219 0.00246176 419230 0.0024604 418483 0.00238332 417114 0.00230443 418483 0.00238332 418483 0.00238332 417114 0.00230443 418483 0.00238332 419230 0.0024604 419219 0.00246176 419230 0.0024604
419507 0.00250361 419502 0.00250553 419507 0.00250361 418939 0.00242679 417906 0.00234676 418939 0.00242679 418939 0.00242679 417906 0.00234676 418939 0.00242679 419507 0.00250361 419502 0.00250553 419507 0.00250361
419727 0.00254686 419727 0.00254938 419727 0.00254686 419284 0.00247034 418498 0.00238947 419284 0.00247034 419284 0.00247034 418498 0.00238947 419284 0.00247034 419727 0.00254686 419727 0.00254938 419727 0.00254686
419907 0.00259015 419911 0.00259332 419907 0.00259015 419552 0.00251395 418947 0.00243275 419552 0.00251395 419552 0.00251395 418947 0.00243275 419552 0.00251395 419907 0.00259015 419911 0.00259332 419907 0.00259015
420060 0.00263347 420066 0.00263731 420060 0.00263347 419766 0.00255761 419291 0.0024764 419766 0.00255761 419766 0.00255761 419291 0.0024764 419766 0.00255761 420060 0.00263347 420066 0.00263731 420060 0.00263347
420193 0.0026768 420201 0.00268137 420193 0.0026768 419942 0.00260129 419562 0.00252064 419942 0.00260129 419942 0.00260129 419562 0.00252064 419942 0.00260129 420193 0.0026768 420201 0.00268137 420193 0.0026768
420313 0.00272016 420323 0.00272549 420313 0.00272016 420092 0.00264501 419779 0.00256521 420092 0.00264501 420092 0.00264501 419779 0.00256521 420092 0.00264501 420313 0.00272016 420323 0.00272549 420313 0.00272016
420423 0.00276352 420435 0.00276963 420423 0.00276352 420223 0.00268875 419958 0.00260983 420223 0.00268875 420223 0.00268875 419958 0.00260983 420223 0.00268875 420423 0.00276352 420435 0.00276963 420423 0.00276352
420526 0.0028069 420539 0.00281379 420526 0.0028069 420342 0.0027325 420111 0.00265446 420342 0.0027325 420342 0.0027325 420111 0.00265446 420342 0.0027325 420526 0.0028069 420539 0.00281379 420526 0.0028069
420624 0.00285029 420639 0.00285797 420624 0.00285029 420451 0.00277627 420244 0.00269913 420451 0.00277627 420451 0.00277627 420244 0.00269913 420451 0.00277627 420624 0.00285029 420639 0.00285797 420624 0.00285029
420718 0.00289371 420735 0.00290219 420718 0.00289371 420554 0.00282005 420365 0.00274382 420554 0.00282005 420554 0.00282005 420365 0.00274382 420554 0.00282005 420718 0.00289371 420735 0.00290219 420718 0.00289371
420811 0.00293718 420829 0.00294655 420811 0.00293718 420652 0.00286387 420476 0.00278858 420652 0.00286387 420652 0.00286387 420476 0.00278858 420652 0.00286387 420811 0.00293718 420829 0.00294655 420811 0.00293718
420901 0.00298074 420922 0.00299104 420901 0.00298074 420748 0.00290791 420581 0.00283341 420748 0.00290791 420748 0.00290791 420581 0.00283341 420748 0.00290791 420901 0.00298074 420922 0.00299104 420901 0.00298074
420991 0.00302438 421013 0.0030356 420991 0.00302438 420841 0.00295201 420681 0.00287828 420841 0.00295201 420841 0.00295201 420681 0.00287828 420841 0.00295201 420991 0.00302438 421013 0.0030356 420991 0.00302438
421079 0.00306811 421103 0.00308023 421079 0.00306811 420932 0.00299616 420778 0.0029232 420932 0.00299616 420932 0.00299616 420778 0.0029232 420932 0.00299616 421079 0.00306811 421103 0.00308023 421079 0.00306811
421168 0.00311209 421193 0.00312498 421168 0.00311209 421023 0.00304043 420873 0.00296819 421023 0.00304043 421023 0.00304043 420873 0.00296819 421023 0.00304043 421168 0.00311209 421193 0.00312498 421168 0.00311209
421256 0.00315628 421283 0.00316987 421256 0.00315628 421113 0.00308481 420966 0.00301327 421113 0.00308481 421113 0.00308481 420966 0.00301327 421113 0.00308481 421256 0.00315628 421283 0.00316987 421256 0.00315628
421344 0.00320064 421373 0.00321491 421344 0.00320064 421202 0.00312931 421059 0.00305843 421202 0.00312931 421202 0.00312931 421059 0.00305843 421202 0.00312931 421344 0.00320064 421373 0.00321491 421344 0.00320064
421433 0.0032452 421462 0.00326015 421433 0.0032452 421291 0.00317397 421150 0.00310371 421291 0.00317397 421291 0.00317397 421150 0.00310371 421291 0.00317397 421433 0.0032452 421462 0.00326015 421433 0.0032452
421521 0.00329001 421552 0.00330561 421521 0.00329001 421380 0.00321883 421241 0.00314912 421380 0.00321883 421380 0.00321883 421241 0.00314912 421380 0.00321883 421521 0.00329001 421552 0.00330561 421521 0.00329001
421611 0.0033351 421642 0.00335134 421611 0.0033351 421470 0.00326391 421332 0.00319469 421470 0.00326391 421470 0.00326391 421332 0.00319469 421470 0.00326391 421611 0.0033351 421642 0.00335134 421611 0.0033351
421700 0.00338049 421733 0.00339736 421700 0.00338049 421559 0.00330926 421423 0.00324044 421559 0.00330926 421559 0.00330926 421423 0.00324044 421559 0.00330926 421700 0.00338049 421733 0.00339736 421700 0.00338049
421790 0.00342621 421825 0.00344374 421790 0.00342621 421650 0.00335493 421514 0.00328649 421650 0.00335493 421650 0.00335493 421514 0.00328649 421650 0.00335493 421790 0.00342621 421825 0.00344374 421790 0.00342621
421881 0.00347229 421917 0.00349049 421881 0.00347229 421740 0.00340093 421606 0.0033329 421740 0.00340093 421740 0.00340093 421606 0.0033329 421740 0.00340093 421881 0.00347229 421917 0.00349049 421881 0.00347229
421972 0.0035187 422009 0.00353758 421972 0.0035187 421832 0.00344728 421698 0.00337958 421832 0.00344728 421832 0.00344728 421698 0.00337958 421832 0.00344728 421972 0.0035187 422009 0.00353758 421972 0.0035187
422064 0.00356544 422102 0.00358499 422064 0.00356544 421924 0.00349399 421791 0.00342654 421924 0.00349399 421924 0.00349399 421791 0.00342654 421924 0.00349399 422064 0.00356544 422102 0.00358499 422064 0.00356544
422157 0.00361249 422196 0.00363271 422157 0.00361249 422016 0.00354103 421884 0.0034738 422016 0.00354103 422016 0.00354103 421884 0.0034738 422016 0.00354103 422157 0.00361249 422196 0.00363271 422157 0.00361249
422251 0.0036606 422291 0.00368072 422251 0.0036606 422109 0.00358849 421977 0.00352137 422109 0.00358849 422109 0.00358849 421977 0.00352137 422109 0.00358849 422251 0.0036606 422291 0.00368072 422251 0.0036606
422346 0.00370896 422386 0.00372903 422346 0.00370896 422203 0.00363622 422072 0.00356926 422203 0.00363622 422203 0.00363622 422072 0.00356926 422203 0.00363622 422346 0.00370896 422386 0.00372903 422346 0.00370896
422443 0.0037583 422481 0.00377772 422443 0.0037583 422298 0.00368431 422166 0.00361752 422298 0.00368431 422298 0.00368431 422166 0.00361752 422298 0.00368431 422443 0.0037583 422481 0.00377772 422443 0.0037583
422541 0.00380821 422578 0.00382679 422541 0.00380821 422393 0.00373284 422262 0.00366614 422393 0.00373284 422393 0.00373284 422262 0.00366614 422393 0.00373284 422541 0.00380821 422578 0.00382679 422541 0.00380821
422640 0.00385832 422674 0.00387607 422640 0.00385832 422489 0.00378166 422358 0.00371506 422489 0.00378166 422489 0.00378166 422358 0.00371506 422489 0.00378166 422640 0.00385832 422674 0.00387607 422640 0.00385832
422738 0.00390858 422772 0.0039255 422738 0.00390858 422585 0.00383066 422455 0.00376421 422585 0.00383066 422585 0.00383066 422455 0.00376421 422585 0.00383066 422738 0.00390858 422772 0.0039255 422738 0.00390858
422837 0.00395896 422869 0.00397507 422837 0.00395896 422682 0.00387982 422552 0.00381356 422682 0.00387982 422682 0.00387982 422552 0.00381356 422682 0.00387982 422837 0.00395896 422869 0.00397507 422837 0.00395896
422937 0.00400956 422967 0.00402476 422937 0.00400956 422779 0.00392916 422649 0.00386311 422779 0.00392916 422779 0.00392916 422649 0.00386311 422779 0.00392916 422937 0.00400956 422967 0.00402476 422937 0.00400956
423036 0.00406037 423064 0.00407457 423036 0.00406037 422876 0.00397865 422747 0.00391282 422876 0.00397865 422876 0.00397865 422747 0.00391282 422876 0.00397865 423036 0.00406037 423064 0.00407457 423036 0.00406037
423136 0.00411124 423162 0.00412446 423136 0.00411124 422973 0.00402824 422845 0.00396265 422973 0.00402824 422973 0.00402824 422845 0.00396265 422973 0.00402824 423136 0.00411124 423162 0.00412446 423136 0.00411124
423236 0.00416217 423260 0.00417442 423236 0.00416217 423071 0.0040779 422943 0.00401258 423071 0.0040779 423071 0.0040779 422943 0.00401258 423071 0.0040779 423236 0.00416217 423260 0.00417442 423236 0.00416217
423337 0.00421315 423359 0.00422443 423337 0.00421315 423169 0.00412762 423041 0.00406259 423169 0.00412762 423169 0.00412762 423041 0.00406259 423169 0.00412762 423337 0.00421315 423359 0.00422443 423337 0.00421315
423437 0.00426417 423457 0.00427449 423437 0.00426417 423266 0.0041774 423139 0.00411267 423266 0.0041774 423266 0.0041774 423139 0.00411267 423266 0.0041774 423437 0.00426417 423457 0.00427449 423437 0.00426417
423537 0.00431523 423555 0.00432459 423537 0.00431523 423364 0.00422722 423238 0.00416281 423364 0.00422722 423364 0.00422722 423238 0.00416281 423364 0.00422722 423537 0.00431523 423555 0.00432459 423537 0.00431523
423637 0.00436631 423654 0.00437473 423637 0.00436631 423462 0.00427708 423336 0.004213 423462 0.00427708 423462 0.00427708 423336 0.004213 423462 0.00427708 423637 0.00436631 423654 0.00437473 423637 0.00436631
423738 0.00441743 423752 0.00442488 423738 0.00441743 423560 0.00432698 423435 0.00426322 423560 0.00432698 423560 0.00432698 423435 0.00426322 423560 0.00432698 423738 0.00441743 423752 0.00442488 423738 0.00441743
423838 0.00446856 423851 0.00447504 423838 0.00446856 423658 0.00437692 423534 0.00431348 423658 0.00437692 423658 0.00437692 423534 0.00431348 423658 0.00437692 423838 0.00446856 423851 0.00447504 423838 0.00446856
423939 0.00451972 423949 0.00452522 423939 0.00451972 423756 0.00442689 423632 0.00436377 423756 0.00442689 423756 0.00442689 423632 0.00436377 423756 0.00442689 423939 0.00451972 423949 0.00452522 423939 0.00451972
424039 0.00457088 424048 0.00457544 424039 0.00457088 423854 0.00447686 423731 0.00441409 423854 0.00447686 423854 0.00447686 423731 0.00441409 423854 0.00447686 424039 0.00457088 424048 0.00457544 424039 0.00457088
424140 0.00462204 424147 0.00462569 424140 0.00462204 423953 0.00452683 423830 0.00446446 423953 0.00452683 423953 0.00452683 423830 0.00446446 423953 0.00452683 424140 0.00462204 424147 0.00462569 424140 0.00462204
424240 0.00467322 424246 0.00467603 424240 0.00467322 424051 0.00457685 423929 0.00451495 424051 0.00457685 424051 0.00457685 423929 0.00451495 424051 0.00457685 424240 0.00467322 424246 0.00467603 424240 0.00467322
424341 0.00472442 424345 0.00472684 424341 0.00472442 424149 0.00462689 424029 0.00456555 424149 0.00462689 424149 0.00462689 424029 0.00456555 424149 0.00462689 424341 0.00472442 424345 0.00472684 424341 0.00472442
424441 0.00477563 424445 0.00477781 424441 0.00477563 424247 0.00467695 424128 0.00461618 424247 0.00467695 424247 0.00467695 424128 0.00461618 424247 0.00467695 424441 0.00477563 424445 0.00477781 424441 0.00477563
424542 0.00482684 424546 0.00482879 424542 0.00482684 424346 0.00472701 424228 0.00466682 424346 0.00472701 424346 0.00472701 424228 0.00466682 424346 0.00472701 424542 0.00482684 424546 0.00482879 424542 0.00482684
424642 0.00487802 424646 0.0048798 424642 0.00487802 424444 0.00477706 424327 0.0047175 424444 0.00477706 424444 0.00477706 424327 0.0047175 424444 0.00477706 424642 0.00487802 424646 0.0048798 424642 0.00487802
424743 0.00492922 424746 0.00493082 424743 0.00492922 424542 0.00482712 424427 0.00476819 424542 0.00482712 424542 0.00482712 424427 0.00476819 424542 0.00482712 424743 0.00492922 424746 0.00493082 424743 0.00492922
424843 0.00498042 424846 0.00498194 424843 0.00498042 424641 0.0048772 424526 0.00481889 424641 0.0048772 424641 0.0048772 424526 0.00481889 424641 0.0048772 424843 0.00498042 424846 0.00498194 424843 0.00498042
424944 0.00503164 424948 0.00503366 424944 0.00503164 424739 0.0049273 424626 0.00486966 424739 0.0049273 424739 0.0049273 424626 0.00486966 424739 0.0049273 424944 0.00503164 424948 0.00503366 424944 0.00503164
425045 0.00508286 425050 0.0050854 425045 0.00508286 424838 0.00497742 424726 0.00492044 424838 0.00497742 424838 0.00497742 424726 0.00492044 424838 0.00497742 425045 0.00508286 425050 0.0050854 425045 0.00508286
425145 0.00513411 425151 0.0051372 425145 0.00513411 424936 0.00502757 424825 0.00497127 424936 0.00502757 424936 0.00502757 424825 0.00497127 424936 0.00502757 425145 0.00513411 425151 0.0051372 425145 0.00513411
425246 0.00518544 425253 0.00518898 425246 0.00518544 425035 0.00507782 424925 0.00502216 425035 0.00507782 425035 0.00507782 424925 0.00502216 425035 0.00507782 425246 0.00518544 425253 0.00518898 425246 0.00518544
425347 0.00523685 425355 0.00524078 425347 0.00523685 425134 0.00512827 425025 0.00507306 425134 0.00512827 425134 0.00512827 425025 0.00507306 425134 0.00512827 425347 0.00523685 425355 0.00524078 425347 0.00523685
425448 0.00528828 425456 0.00529258 425448 0.00528828 425233 0.00517874 425125 0.00512396 425233 0.00517874 425233 0.00517874 425125 0.00512396 425233 0.00517874 425448 0.00528828 425456 0.00529258 425448 0.00528828
425549 0.00533971 425558 0.00534438 425549 0.00533971 425332 0.00522922 425225 0.00517487 425332 0.00522922 425332 0.00522922 425225 0.00517487 425332 0.00522922 425549 0.00533971 425558 0.00534438 425549 0.00533971
425650 0.00539115 425660 0.00539618 425650 0.00539115 425431 0.0052797 425325 0.00522577 425431 0.0052797 425431 0.0052797 425325 0.00522577 425431 0.0052797 425650 0.00539115 425660 0.00539618 425650 0.00539115
425751 0.0054426 425762 0.00544798 425751 0.0054426 425530 0.0053302 425425 0.00527668 425530 0.0053302 425530 0.0053302 425425 0.00527668 425530 0.0053302 425751 0.0054426 425762 0.00544798 425751 0.0054426
425852 0.00549406 425863 0.00549977 425852 0.00549406 425630 0.0053807 425525 0.00532759 425630 0.0053807 425630 0.0053807 425525 0.00532759 425630 0.0053807 425852 0.00549406 425863 0.00549977 425852 0.00549406
425953 0.00554561 425965 0.00555158 425953 0.00554561 425729 0.00543129 425625 0.00537852 425729 0.00543129 425729 0.00543129 425625 0.00537852 425729 0.00543129 425953 0.00554561 425965 0.00555158 425953 0.00554561
426055 0.0055972 426067 0.00560341 426055 0.0055972 425828 0.00548192 425725 0.00542947 425828 0.00548192 425828 0.00548192 425725 0.00542947 425828 0.00548192 426055 0.0055972 426067 0.00560341 426055 0.0055972
426156 0.00564884 426169 0.00565523 426156 0.00564884 425928 0.00553293 425825 0.00548041 425928 0.00553293 425928 0.00553293 425825 0.00548041 425928 0.00553293 426156 0.00564884 426169 0.00565523 426156 0.00564884
426258 0.00570048 426270 0.00570704 426258 0.00570048 426029 0.00558399 425925 0.00553135 426029 0.00558399 426029 0.00558399 425925 0.00553135 426029 0.00558399 426258 0.00570048 426270 0.00570704 426258 0.00570048
426359 0.00575212 426372 0.00575884 426359 0.00575212 426129 0.00563504 426025 0.00558229 426129 0.00563504 426129 0.00563504 426025 0.00558229 426129 0.00563504 426359 0.00575212 426372 0.00575884 426359 0.00575212
426460 0.00580376 426474 0.00581064 426460 0.00580376 426229 0.0056861 426125 0.00563322 426229 0.0056861 426229 0.0056861 426125 0.00563322 426229 0.0056861 426460 0.00580376 426474 0.00581064 426460 0.00580376
426562 0.0058554 426576 0.00586244 426562 0.0058554 426330 0.00573716 426225 0.00568416 426330 0.00573716 426330 0.00573716 426225 0.00568416 426330 0.00573716 426562 0.0058554 426576 0.00586244 426562 0.0058554
426663 0.00590704 426677 0.00591424 426663 0.00590704 426430 0.00578822 426326 0.0057351 426430 0.00578822 426430 0.00578822 426326 0.0057351 426430 0.00578822 426663 0.00590704 426677 0.00591424 426663 0.00590704
426765 0.00595868 426779 0.00596602 426765 0.00595868 426530 0.00583928 426426 0.00578604 426530 0.00583928 426530 0.00583928 426426 0.00578604 426530 0.00583928 426765 0.00595868 426779 0.00596602 426765 0.00595868
426866 0.00601032 426881 0.00601781 426866 0.00601032 426630 0.00589034 426526 0.00583698 426630 0.00589034 426630 0.00589034 426526 0.00583698 426630 0.00589034 426866 0.00601032 426881 0.00601781 426866 0.00601032
426967 0.00606196 426982 0.00606959 426967 0.00606196 426731 0.0059414 426626 0.00588792 426731 0.0059414 426731 0.0059414 426626 0.00588792 426731 0.0059414 426967 0.00606196 426982 0.00606959 426967 0.00606196
427069 0.00611361 427084 0.00612137 427069 0.00611361 426831 0.00599261 426726 0.00593885 426831 0.00599261 426831 0.00599261 426726 0.00593885 426831 0.00599261 427069 0.00611361 427084 0.00612137 427069 0.00611361
427170 0.0061653 427186 0.00617313 427170 0.0061653 426933 0.00604418 426826 0.00598978 426933 0.00604418 426933 0.00604418 426826 0.00598978 426933 0.00604418 427170 0.0061653 427186 0.00617313 427170 0.0061653
427272 0.00621699 427287 0.00622489 427272 0.00621699 427034 0.00609575 426926 0.00604071 427034 0.00609575 427034 0.00609575 426926 0.00604071 427034 0.00609575 427272 0.00621699 427287 0.00622489 427272 0.00621699
427373 0.00626867 427389 0.00627665 427373 0.00626867 427135 0.00614731 427026 0.00609164 427135 0.00614731 427135 0.00614731 427026 0.00609164 427135 0.00614731 427373 0.00626867 427389 0.00627665 427373 0.00626867
427475 0.00632036 427491 0.0063284 427475 0.00632036 427236 0.00619888 427126 0.00614257 427236 0.00619888 427236 0.00619888 427126 0.00614257 427236 0.00619888 427475 0.00632036 427491 0.0063284 427475 0.00632036
427576 0.00637205 427592 0.00638015 427576 0.00637205 427338 0.00625043 427226 0.00619349 427338 0.00625043 427338 0.00625043 427226 0.00619349 427338 0.00625043 427576 0.00637205 427592 0.00638015 427576 0.00637205
427678 0.00642373 427694 0.00643189 427678 0.00642373 427439 0.00630199 427326 0.00624442 427439 0.00630199 427439 0.00630199 427326 0.00624442 427439 0.00630199 427678 0.00642373 427694 0.00643189 427678 0.00642373
427779 0.00647542 427796 0.00648363 427779 0.00647542 427540 0.00635354 427426 0.00629535 427540 0.00635354 427540 0.00635354 427426 0.00629535 427540 0.00635354 427779 0.00647542 427796 0.00648363 427779 0.00647542
427881 0.00652711 427897 0.00653536 427881 0.00652711 427641 0.00640509 427526 0.00634626 427641 0.00640509 427641 0.00640509 427526 0.00634626 427641 0.00640509 427881 0.00652711 427897 0.00653536 427881 0.00652711
427982 0.00657881 427999 0.00658709 427982 0.00657881 427743 0.00645663 427626 0.00639717 427743 0.00645663 427743 0.00645663 427626 0.00639717 427743 0.00645663 427982 0.00657881 427999 0.00658709 427982 0.00657881
428084 0.00663051 428100 0.00663881 428084 0.00663051 427844 0.00650818 427726 0.00644808 427844 0.00650818 427844 0.00650818 427726 0.00644808 427844 0.00650818 428084 0.00663051 428100 0.00663881 428084 0.00663051
428186 0.0066822 428202 0.00669053 428186 0.0066822 427945 0.00655972 427826 0.00649898 427945 0.00655972 427945 0.00655972 427826 0.00649898 427945 0.00655972 428186 0.0066822 428202 0.00669053 428186 0.0066822
428287 0.0067339 428303 0.00674225 428287 0.0067339 428046 0.00661126 427926 0.00654989 428046 0.00661126 428046 0.00661126 427926 0.00654989 428046 0.00661126 428287 0.0067339 428303 0.00674225 428287 0.0067339
428389 0.00678561 428405 0.00679397 428389 0.00678561 428147 0.00666279 428026 0.0066008 428147 0.00666279 428147 0.00666279 428026 0.0066008 428147 0.00666279 428389 0.00678561 428405 0.00679397 428389 0.00678561
428490 0.00683731 428507 0.00684568 428490 0.00683731 428249 0.00671432 428126 0.00665171 428249 0.00671432 428249 0.00671432 428126 0.00665171 428249 0.00671432 428490 0.00683731 428507 0.00684568 428490 0.00683731
428592 0.00688902 428608 0.00689739 428592 0.00688902 428350 0.00676585 428226 0.00670262 428350 0.00676585 428350 0.00676585 428226 0.00670262 428350 0.00676585 428592 0.00688902 428608 0.00689739 428592 0.00688902
428693 0.00694074 428710 0.00694914 428693 0.00694074 428451 0.00681738 428326 0.00675356 428451 0.00681738 428451 0.00681738 428326 0.00675356 428451 0.00681738 428693 0.00694074 428710 0.00694914 428693 0.00694074
428795 0.00699247 428811 0.00700092 428795 0.00699247 428552 0.00686892 428426 0.00680447 428552 0.00686892 428552 0.00686892 428426 0.00680447 428552 0.00686892 428795 0.00699247 428811 0.00700092 428795 0.00699247
428897 0.00704422 428913 0.00705271 428897 0.00704422 428653 0.00692045 428526 0.00685538 428653 0.00692045 428653 0.00692045 428526 0.00685538 428653 0.00692045 428897 0.00704422 428913 0.00705271 428897 0.00704422
428998 0.00709596 429015 0.00710449 428998 0.00709596 428755 0.00697199 428626 0.00690629 428755 0.00697199 428755 0.00697199 428626 0.00690629 428755 0.00697199 428998 0.00709596 429015 0.00710449 428998 0.00709596
429100 0.00714772 429117 0.00715627 429100 0.00714772 428856 0.00702352 428726 0.00695721 428856 0.00702352 428856 0.00702352 428726 0.00695721 428856 0.00702352 429100 0.00714772 429117 0.00715627 429100 0.00714772
429201 0.00719948 429218 0.00720804 429201 0.00719948 428957 0.00707506 428826 0.00700813 428957 0.00707506 428957 0.00707506 428826 0.00700813 428957 0.00707506 429201 0.00719948 429218 0.00720804 429201 0.00719948
429303 0.00725126 429320 0.00725982 429303 0.00725126 429058 0.00712659 428926 0.00705904 429058 0.00712659 429058 0.00712659 428926 0.00705904 429058 0.00712659 429303 0.00725126 429320 0.00725982 429303 0.00725126
429405 0.00730305 429422 0.00731158 429405 0.00730305 429159 0.00717812 429026 0.00710994 429159 0.00717812 429159 0.00717812 429026 0.00710994 429159 0.00717812 429405 0.00730305 429422 0.00731158 429405 0.00730305
429507 0.00735487 429523 0.00736335 429507 0.00735487 429261 0.00722967 429126 0.00716083 429261 0.00722967 429261 0.00722967 429126 0.00716083 429261 0.00722967 429507 0.00735487 429523 0.00736335 429507 0.00735487
429608 0.0074067 429625 0.00741511 429608 0.0074067 429362 0.00728121 429226 0.00721173 429362 0.00728121 429362 0.00728121 429226 0.00721173 429362 0.00728121 429608 0.0074067 429625 0.00741511 429608 0.0074067
429710 0.00745848 429727 0.00746687 429710 0.00745848 429463 0.00733274 429325 0.00726264 429463 0.00733274 429463 0.00733274 429325 0.00726264 429463 0.00733274 429710 0.00745848 429727 0.00746687 429710 0.00745848
429812 0.00751026 429828 0.00751864 429812 0.00751026 429564 0.00738428 429425 0.00731354 429564 0.00738428 429564 0.00738428 429425 0.00731354 429564 0.00738428 429812 0.00751026 429828 0.00751864 429812 0.00751026
429914 0.00756206 429930 0.00757041 429914 0.00756206 429666 0.00743582 429525 0.00736445 429666 0.00743582 429666 0.00743582 429525 0.00736445 429666 0.00743582 429914 0.00756206 429930 0.00757041 429914 0.00756206
430015 0.00761389 430032 0.00762218 430015 0.00761389 429767 0.00748737 429625 0.00741537 429767 0.00748737 429767 0.00748737 429625 0.00741537 429767 0.00748737 430015 0.00761389 430032 0.00762218 430015 0.00761389
430117 0.00766574 430133 0.00767398 430117 0.00766574 429868 0.00753892 429725 0.00746631 429868 0.00753892 429868 0.00753892 429725 0.00746631 429868 0.00753892 430117 0.00766574 430133 0.00767398 430117 0.00766574
430219 0.00771762 430235 0.00772576 430219 0.00771762 429969 0.00759048 429826 0.00751728 429969 0.00759048 429969 0.00759048 429826 0.00751728 429969 0.00759048 430219 0.00771762 430235 0.00772576 430219 0.00771762
430321 0.00776954 430337 0.00777746 430321 0.00776954 430071 0.00764201 429926 0.00756827 430071 0.00764201 430071 0.00764201 429926 0.00756827 430071 0.00764201 430321 0.00776954 430337 0.00777746 430321 0.00776954
430423 0.00782152 430438 0.00782913 430423 0.00782152 430172 0.00769346 430026 0.00761929 430172 0.00769346 430172 0.00769346 430026 0.00761929 430172 0.00769346 430423 0.00782152 430438 0.00782913 430423 0.00782152
430525 0.00787358 430540 0.00788083 430525 0.00787358 430273 0.00774491 430126 0.00767032 430273 0.00774491 430273 0.00774491 430126 0.00767032 430273 0.00774491 430525 0.00787358 430540 0.00788083 430525 0.00787358
430628 0.00792569 430641 0.00793254 430628 0.00792569 430374 0.0077964 430226 0.00772136 430374 0.0077964 430374 0.0077964 430226 0.00772136 430374 0.0077964 430628 0.00792569 430641 0.00793254 430628 0.00792569
430730 0.00797784 430743 0.00798428 430730 0.00797784 430475 0.00784791 430327 0.0077724 430475 0.00784791 430475 0.00784791 430327 0.0077724 430475 0.00784791 430730 0.00797784 430743 0.00798428 430730 0.00797784
430833 0.00803002 430844 0.00803603 430833 0.00803002 430576 0.00789944 430427 0.00782345 430576 0.00789944 430576 0.00789944 430427 0.00782345 430576 0.00789944 430833 0.00803002 430844 0.00803603 430833 0.00803002
430935 0.00808225 430946 0.0080878 430935 0.00808225 430677 0.00795098 430527 0.0078745 430677 0.00795098 430677 0.00795098 430527 0.0078745 430677 0.00795098 430935 0.00808225 430946 0.0080878 430935 0.00808225
431038 0.00813451 431048 0.0081396 431038 0.00813451 430779 0.00800254 430627 0.00792555 430779 0.00800254 430779 0.00800254 430627 0.00792555 430779 0.00800254 431038 0.00813451 431048 0.0081396 431038 0.00813451
431140 0.00818681 431150 0.00819141 431140 0.00818681 430880 0.00805413 430728 0.00797661 430880 0.00805413 430880 0.00805413 430728 0.00797661 430880 0.00805413 431140 0.00818681 431150 0.00819141 431140 0.00818681
431243 0.00823916 431251 0.00824326 431243 0.00823916 430981 0.00810574 430828 0.00802767 430981 0.00810574 430981 0.00810574 430828 0.00802767 430981 0.00810574 431243 0.00823916 431251 0.00824326 431243 0.00823916
431346 0.00829155 431353 0.00829513 431346 0.00829155 431083 0.00815737 430928 0.00807874 431083 0.00815737 431083 0.00815737 430928 0.00807874 431083 0.00815737 431346 0.00829155 431353 0.00829513 431346 0.00829155
431449 0.00834399 431455 0.00834703 431449 0.00834399 431184 0.00820904 431029 0.00812981 431184 0.00820904 431184 0.00820904 431029 0.00812981 431184 0.00820904 431449 0.00834399 431455 0.00834703 431449 0.00834399
431552 0.00839638 431557 0.00839898 431552 0.00839638 431286 0.0082608 431129 0.00818091 431286 0.0082608 431286 0.0082608 431129 0.00818091 431286 0.0082608 431552 0.00839638 431557 0.00839898 431552 0.00839638
431655 0.0084488 431659 0.00845097 431655 0.0084488 431388 0.00831261 431229 0.00823202 431388 0.00831261 431388 0.00831261 431229 0.00823202 431388 0.00831261 431655 0.0084488 431659 0.00845097 431655 0.0084488
431758 0.00850128 431761 0.008503 431758 0.00850128 431489 0.00836446 431330 0.00828313 431489 0.00836446 431489 0.00836446 431330 0.00828313 431489 0.00836446 431758 0.00850128 431761 0.008503 431758 0.00850128
431861 0.00855379 431864 0.00855506 431861 0.00855379 431591 0.00841634 431430 0.00833426 431591 0.00841634 431591 0.00841634 431430 0.00833426 431591 0.00841634 431861 0.00855379 431864 0.00855506 431861 0.00855379
431964 0.00860634 431966 0.00860716 431964 0.00860634 431693 0.00846826 431530 0.00838539 431693 0.00846826 431693 0.00846826 431530 0.00838539 431693 0.00846826 431964 0.00860634 431966 0.00860716 431964 0.00860634
432068 0.00865893 432068 0.00865929 432068 0.00865893 431795 0.00852021 431631 0.00843654 431795 0.00852021 431795 0.00852021 431631 0.00843654 431795 0.00852021 432068 0.00865893 432068 0.00865929 432068 0.00865893
432171 0.00871156 432171 0.00871146 432171 0.00871156 431897 0.0085722 431731 0.00848769 431897 0.0085722 431897 0.0085722 431731 0.00848769 431897 0.0085722 432171 0.00871156 432171 0.00871146 432171 0.00871156
432274 0.00876423 432273 0.00876367 432274 0.00876423 432000 0.00862422 431832 0.00853885 432000 0.00862422 432000 0.00862422 431832 0.00853885 432000 0.00862422 432274 0.00876423 432273 0.00876367 432274 0.00876423
432378 0.00881693 432376 0.00881591 432378 0.00881693 432102 0.00867629 431932 0.00859002 432102 0.00867629 432102 0.00867629 431932 0.00859002 432102 0.00867629 432378 0.00881693 432376 0.00881591 432378 0.00881693
432482 0.00886966 432479 0.00886819 432482 0.00886966 432204 0.00872839 432033 0.00864119 432204 0.00872839 432204 0.00872839 432033 0.00864119 432204 0.00872839 432482 0.00886966 432479 0.00886819 432482 0.00886966
432585 0.00892241 432581 0.00892051 432585 0.00892241 432306 0.00878054 432133 0.00869238 432306 0.00878054 432306 0.00878054 432133 0.00869238 432306 0.00878054 432585 0.00892241 432581 0.00892051 432585 0.00892241
432689 0.0089752 432684 0.00897287 432689 0.0089752 432409 0.00883272 432234 0.00874359 432409 0.00883272 432409 0.00883272 432234 0.00874359 432409 0.00883272 432689 0.0089752 432684 0.00897287 432689 0.0089752
432793 0.00902802 432787 0.00902525 432793 0.00902802 432512 0.00888495 432335 0.0087948 432512 0.00888495 432512 0.00888495 432335 0.0087948 432512 0.00888495 432793 0.00902802 432787 0.00902525 432793 0.00902802
432896 0.00908085 432890 0.00907768 432896 0.00908085 432614 0.00893721 432435 0.00884603 432614 0.00893721 432614 0.00893721 432435 0.00884603 432614 0.00893721 432896 0.00908085 432890 0.00907768 432896 0.00908085
433000 0.00913371 432993 0.00913013 433000 0.00913371 432717 0.00898952 432536 0.00889727 432717 0.00898952 432717 0.00898952 432536 0.00889727 432717 0.00898952 433000 0.00913371 432993 0.00913013 433000 0.00913371
433104 0.00918659 433096 0.00918262 433104 0.00918659 432820 0.00904186 432636 0.00894852 432820 0.00904186 432820 0.00904186 432636 0.00894852 432820 0.00904186 433104 0.00918659 433096 0.00918262 433104 0.00918659
433208 0.00923949 433199 0.00923513 433208 0.00923949 432923 0.00909424 432737 0.00899979 432923 0.00909424 432923 0.00909424 432737 0.00899979 432923 0.00909424 433208 0.00923949 433199 0.00923513 433208 0.00923949
433312 0.00929241 433302 0.00928768 433312 0.00929241 433026 0.00914665 432838 0.00905108 433026 0.00914665 433026 0.00914665 432838 0.00905108 433026 0.00914665 433312 0.00929241 433302 0.00928768 433312 0.00929241
433416 0.00934534 433406 0.00934025 433416 0.00934534 433129 0.0091991 432939 0.00910238 433129 0.0091991 433129 0.0091991 432939 0.00910238 433129 0.0091991 433416 0.00934534 433406 0.00934025 433416 0.00934534
433520 0.00939828 433509 0.00939284 433520 0.00939828 433232 0.00925158 433039 0.0091537 433232 0.00925158 433232 0.00925158 433039 0.0091537 433232 0.00925158 433520 0.00939828 433509 0.00939284 433520 0.00939828
