3298.94 1.62938e-05 -959.286 -4.73803e-06 3298.94 1.62938e-05 -514.304 -2.54021e-06 -6119.01 -3.02225e-05 -514.304 -2.54021e-06 -514.304 -2.54021e-06 -6119.01 -3.02225e-05 -514.304 -2.54021e-06 3298.94 1.62938e-05 -959.286 -4.73803e-06 3298.94 1.62938e-05
12329 6.08943e-05 7268.28 3.58989e-05 12329 6.08943e-05 7578.1 3.74292e-05 -920.744 -4.54766e-06 7578.1 3.74292e-05 7578.1 3.74292e-05 -920.744 -4.54766e-06 7578.1 3.74292e-05 12329 6.08943e-05 7268.28 3.58989e-05 12329 6.08943e-05
22988.2 0.000113542 17087.4 8.43967e-05 22988.2 0.000113542 16700.9 8.24877e-05 6823.54 3.37022e-05 16700.9 8.24877e-05 16700.9 8.24877e-05 6823.54 3.37022e-05 16700.9 8.24877e-05 22988.2 0.000113542 17087.4 8.43967e-05 22988.2 0.000113542
33531.9 0.000165618 26627.7 0.000131517 33531.9 0.000165618 25868.1 0.000127766 16472.6 8.13603e-05 25868.1 0.000127766 25868.1 0.000127766 16472.6 8.13603e-05 25868.1 0.000127766 33531.9 0.000165618 26627.7 0.000131517 33531.9 0.000165618
43291.9 0.000213824 37526.7 0.000185349 43291.9 0.000213824 36550.2 0.000180526 26351.4 0.000130153 36550.2 0.000180526 36550.2 0.000180526 26351.4 0.000130153 36550.2 0.000180526 43291.9 0.000213824 37526.7 0.000185349 43291.9 0.000213824
52706.6 0.000260324 48431.1 0.000239207 52706.6 0.000260324 47515.9 0.000234686 36120.6 0.000178404 47515.9 0.000234686 47515.9 0.000234686 36120.6 0.000178404 47515.9 0.000234686 52706.6 0.000260324 48431.1 0.000239207 52706.6 0.000260324
62055 0.000306497 59323.8 0.000293007 62055 0.000306497 58229.5 0.000287602 45158.5 0.000223043 58229.5 0.000287602 58229.5 0.000287602 45158.5 0.000223043 58229.5 0.000287602 62055 0.000306497 59323.8 0.000293007 62055 0.000306497
71311.2 0.000352214 69233.1 0.00034195 71311.2 0.000352214 67485.7 0.00033332 55683.3 0.000275026 67485.7 0.00033332 67485.7 0.00033332 55683.3 0.000275026 67485.7 0.00033332 71311.2 0.000352214 69233.1 0.00034195 71311.2 0.000352214
80315.2 0.000396686 78413.4 0.000387293 80315.2 0.000396686 77417.4 0.000382373 66454.5 0.000328227 77417.4 0.000382373 77417.4 0.000382373 66454.5 0.000328227 77417.4 0.000382373 80315.2 0.000396686 78413.4 0.000387293 80315.2 0.000396686
89543.6 0.000442266 87889.4 0.000434096 89543.6 0.000442266 86968.6 0.000429548 77093.3 0.000380773 86968.6 0.000429548 86968.6 0.000429548 77093.3 0.000380773 86968.6 0.000429548 89543.6 0.000442266 87889.4 0.000434096 89543.6 0.000442266
98770.2 0.000487837 96935.3 0.000478775 98770.2 0.000487837 96301.1 0.000475642 87964.7 0.000434468 96301.1 0.000475642 96301.1 0.000475642 87964.7 0.000434468 96301.1 0.000475642 98770.2 0.000487837 96935.3 0.000478775 98770.2 0.000487837
107949 0.000533173 105800 0.000522559 107949 0.000533173 105655 0.000521841 98833.9 0.000488152 105655 0.000521841 105655 0.000521841 98833.9 0.000488152 105655 0.000521841 107949 0.000533173 105800 0.000522559 107949 0.000533173
117062 0.000578181 114556 0.000565804 117062 0.000578181 114993 0.000567966 109671 0.000541678 114993 0.000567966 114993 0.000567966 109671 0.000541678 114993 0.000567966 117062 0.000578181 114556 0.000565804 117062 0.000578181
126169 0.000623164 123370 0.000609341 126169 0.000623164 124329 0.000614078 120343 0.000594389 124329 0.000614078 124329 0.000614078 120343 0.000594389 124329 0.000614078 126169 0.000623164 123370 0.000609341 126169 0.000623164
135202 0.00066778 132200 0.000652954 135202 0.00066778 133373 0.000658746 129195 0.000638108 133373 0.000658746 133373 0.000658746 129195 0.000638108 133373 0.000658746 135202 0.00066778 132200 0.000652954 135202 0.00066778
144039 0.000711425 140830 0.000695577 144039 0.000711425 142268 0.000702678 138031 0.000681752 142268 0.000702678 142268 0.000702678 138031 0.000681752 142268 0.000702678 144039 0.000711425 140830 0.000695577 144039 0.000711425
152921 0.000755294 149251 0.000737167 152921 0.000755294 151290 0.000747239 147351 0.000727783 151290 0.000747239 151290 0.000747239 147351 0.000727783 151290 0.000747239 152921 0.000755294 149251 0.000737167 152921 0.000755294
161708 0.000798693 157598 0.000778397 161708 0.000798693 160502 0.000792736 156797 0.00077444 160502 0.000792736 160502 0.000792736 156797 0.00077444 160502 0.000792736 161708 0.000798693 157598 0.000778397 161708 0.000798693
170511 0.000842174 166171 0.000820737 170511 0.000842174 169718 0.000838256 166167 0.000820718 169718 0.000838256 169718 0.000838256 166167 0.000820718 169718 0.000838256 170511 0.000842174 166171 0.000820737 170511 0.000842174
179332 0.000885743 174912 0.00086391 179332 0.000885743 178859 0.000883404 175089 0.000864787 178859 0.000883404 178859 0.000883404 175089 0.000864787 178859 0.000883404 179332 0.000885743 174912 0.00086391 179332 0.000885743
188108 0.000929087 183393 0.0009058 188108 0.000929087 187978 0.000928445 183873 0.00090817 187978 0.000928445 187978 0.000928445 183873 0.00090817 187978 0.000928445 188108 0.000929087 183393 0.0009058 188108 0.000929087
196801 0.000972021 191868 0.000947658 196801 0.000972021 197097 0.000973486 192658 0.000951559 197097 0.000973486 197097 0.000973486 192658 0.000951559 197097 0.000973486 196801 0.000972021 191868 0.000947658 196801 0.000972021
205520 0.00101509 200401 0.000989805 205520 0.00101509 206217 0.00101853 201378 0.00099463 206217 0.00101853 206217 0.00101853 201378 0.00099463 206217 0.00101853 205520 0.00101509 200401 0.000989805 205520 0.00101509
214232 0.00105812 208926 0.00103191 214232 0.00105812 215270 0.00106324 210120 0.00103781 215270 0.00106324 215270 0.00106324 210120 0.00103781 215270 0.00106324 214232 0.00105812 208926 0.00103191 214232 0.00105812
222938 0.00110112 217440 0.00107396 222938 0.00110112 224318 0.00110793 218858 0.00108097 224318 0.00110793 224318 0.00110793 218858 0.00108097 224318 0.00110793 222938 0.00110112 217440 0.00107396 222938 0.00110112
231583 0.00114382 225836 0.00111543 231583 0.00114382 233356 0.00115257 227580 0.00112405 233356 0.00115257 233356 0.00115257 227580 0.00112405 233356 0.00115257 231583 0.00114382 225836 0.00111543 231583 0.00114382
240232 0.00118654 234302 0.00115724 240232 0.00118654 242399 0.00119724 236311 0.00116717 242399 0.00119724 242399 0.00119724 236311 0.00116717 242399 0.00119724 240232 0.00118654 234302 0.00115724 240232 0.00118654
248871 0.0012292 242753 0.00119898 248871 0.0012292 251287 0.00124114 245088 0.00121052 251287 0.00124114 251287 0.00124114 245088 0.00121052 251287 0.00124114 248871 0.0012292 242753 0.00119898 248871 0.0012292
257501 0.00127183 251192 0.00124067 257501 0.00127183 260122 0.00128478 253792 0.00125351 260122 0.00128478 260122 0.00128478 253792 0.00125351 260122 0.00128478 257501 0.00127183 251192 0.00124067 257501 0.00127183
266126 0.00131444 259625 0.00128232 266126 0.00131444 268951 0.00132839 262343 0.00129575 268951 0.00132839 268951 0.00132839 262343 0.00129575 268951 0.00132839 266126 0.00131444 259625 0.00128232 266126 0.00131444
274684 0.00135671 267843 0.00132292 274684 0.00135671 277764 0.00137193 270680 0.00133694 277764 0.00137193 277764 0.00137193 270680 0.00133694 277764 0.00137193 274684 0.00135671 267843 0.00132292 274684 0.00135671
283302 0.00139929 276133 0.00136387 283302 0.00139929 286586 0.00141552 279031 0.00137819 286586 0.00141552 286586 0.00141552 279031 0.00137819 286586 0.00141552 283302 0.00139929 276133 0.00136387 283302 0.00139929
291885 0.00144171 284497 0.0014052 291885 0.00144171 295360 0.0014589 287421 0.00141965 295360 0.0014589 295360 0.0014589 287421 0.00141965 295360 0.0014589 291885 0.00144171 284497 0.0014052 291885 0.00144171
300378 0.0014837 292893 0.00144669 300378 0.0014837 304107 0.00150216 295816 0.00146116 304107 0.00150216 304107 0.00150216 295816 0.00146116 304107 0.00150216 300378 0.0014837 292893 0.00144669 300378 0.0014837
308784 0.0015253 301158 0.00148757 308784 0.0015253 312835 0.00154537 304193 0.0015026 312835 0.00154537 312835 0.00154537 304193 0.0015026 312835 0.00154537 308784 0.0015253 301158 0.00148757 308784 0.0015253
317233 0.00156716 309474 0.00152873 317233 0.00156716 321564 0.00158868 312577 0.00154412 321564 0.00158868 321564 0.00158868 312577 0.00154412 321564 0.00158868 317233 0.00156716 309474 0.00152873 317233 0.00156716
325668 0.00160905 317779 0.00156989 325668 0.00160905 330296 0.00163213 320887 0.00158536 330296 0.00163213 330296 0.00163213 320887 0.00158536 330296 0.00163213 325668 0.00160905 317779 0.00156989 325668 0.00160905
334082 0.00165099 326069 0.00161107 334082 0.00165099 338988 0.0016756 329244 0.00162695 338988 0.0016756 338988 0.0016756 329244 0.00162695 338988 0.0016756 334082 0.00165099 326069 0.00161107 334082 0.00165099
342468 0.00169304 334340 0.00165232 342468 0.00169304 347632 0.00171919 337626 0.00166886 347632 0.00171919 347632 0.00171919 337626 0.00166886 347632 0.00171919 342468 0.00169304 334340 0.00165232 342468 0.00169304
350745 0.00173493 342505 0.00169329 350745 0.00173493 356139 0.00176265 345972 0.00171093 356139 0.00176265 356139 0.00176265 345972 0.00171093 356139 0.00176265 350745 0.00173493 342505 0.00169329 350745 0.00173493
359023 0.00177746 350710 0.00173485 359023 0.00177746 364572 0.00180665 354297 0.00175339 364572 0.00180665 364572 0.00180665 354297 0.00175339 364572 0.00180665 359023 0.00177746 350710 0.00173485 359023 0.00177746
367184 0.00182037 358898 0.00177695 367184 0.00182037 372867 0.00185135 362547 0.00179629 372867 0.00185135 372867 0.00185135 362547 0.00179629 372867 0.00185135 367184 0.00182037 358898 0.00177695 367184 0.00182037
375182 0.00186396 366993 0.00181955 375182 0.00186396 380946 0.00189715 370687 0.00183986 380946 0.00189715 380946 0.00189715 370687 0.00183986 380946 0.00189715 375182 0.00186396 366993 0.00181955 375182 0.00186396
382955 0.00190871 374950 0.00186295 382955 0.00190871 388700 0.00194463 378658 0.00188449 388700 0.00194463 388700 0.00194463 378658 0.00188449 388700 0.00194463 382955 0.00190871 374950 0.00186295 382955 0.00190871
390394 0.00195523 382703 0.0019076 390394 0.00195523 395968 0.00199463 386373 0.00193074 395968 0.00199463 395968 0.00199463 386373 0.00193074 395968 0.00199463 390394 0.00195523 382703 0.0019076 390394 0.00195523
397341 0.00200439 390146 0.00195413 397341 0.00200439 402532 0.00204831 393703 0.00197941 402532 0.00204831 402532 0.00204831 393703 0.00197941 402532 0.00204831 397341 0.00200439 390146 0.00195413 397341 0.00200439
403586 0.00205735 397126 0.00200347 403586 0.00205735 408134 0.00210716 400425 0.00203137 408134 0.00210716 408134 0.00210716 400425 0.00203137 408134 0.00210716 403586 0.00205735 397126 0.00200347 403586 0.00205735
408901 0.00211579 403386 0.00205642 408901 0.00211579 412506 0.00217209 406293 0.00208787 412506 0.00217209 412506 0.00217209 406293 0.00208787 412506 0.00217209 408901 0.00211579 403386 0.00205642 408901 0.00211579
413116 0.00218236 408765 0.00211532 413116 0.00218236 415593 0.00224394 411104 0.002151 415593 0.00224394 415593 0.00224394 411104 0.002151 415593 0.00224394 413116 0.00218236 408765 0.00211532 413116 0.00218236
416049 0.00225678 412965 0.00218104 416049 0.00225678 417560 0.00232217 414640 0.00222112 417560 0.00232217 417560 0.00232217 414640 0.00222112 417560 0.00232217 416049 0.00225678 412965 0.00218104 416049 0.00225678
417877 0.00233826 415898 0.00225386 417877 0.00233826 418731 0.00240537 416966 0.00229773 418731 0.00240537 418731 0.00240537 416966 0.00229773 418731 0.00240537 417877 0.00233826 415898 0.00225386 417877 0.00233826
418944 0.00242514 417743 0.00233278 418944 0.00242514 419427 0.00249223 418375 0.00237942 419427 0.00249223 419427 0.00249223 418375 0.00237942 419427 0.00249223 418944 0.00242514 417743 0.00233278 418944 0.00242514
419576 0.00251616 418836 0.00241627 419576 0.00251616 419869 0.00258221 419209 0.00246478 419869 0.00258221 419869 0.00258221 419209 0.00246478 419869 0.00258221 419576 0.00251616 418836 0.00241627 419576 0.00251616
419984 0.00261114 419490 0.00250326 419984 0.00261114 420186 0.00267561 419725 0.00255314 420186 0.00267561 420186 0.00267561 419725 0.00255314 420186 0.00267561 419984 0.00261114 419490 0.00250326 419984 0.00261114
420288 0.00271088 419912 0.00259362 420288 0.00271088 420450 0.00277564 420080 0.00264496 420450 0.00277564 420450 0.00277564 420080 0.00264496 420450 0.00277564 420288 0.00271088 419912 0.00259362 420288 0.00271088
420547 0.00281636 420220 0.00268795 420547 0.00281636 420699 0.00288502 420358 0.00274127 420699 0.00288502 420699 0.00288502 420358 0.00274127 420699 0.00288502 420547 0.00281636 420220 0.00268795 420547 0.00281636
420791 0.00292758 420477 0.00278699 420791 0.00292758 420940 0.00299969 420601 0.00284234 420940 0.00299969 420940 0.00299969 420601 0.00284234 420940 0.00299969 420791 0.00292758 420477 0.00278699 420791 0.00292758
421028 0.00304273 420715 0.00289251 421028 0.00304273 421179 0.0031177 420830 0.00294751 421179 0.0031177 421179 0.0031177 420830 0.00294751 421179 0.0031177 421028 0.00304273 420715 0.00289251 421028 0.00304273
421267 0.00316185 420956 0.00300774 421267 0.00316185 421419 0.00323838 421055 0.00305682 421419 0.00323838 421419 0.00323838 421055 0.00305682 421419 0.00323838 421267 0.00316185 420956 0.00300774 421267 0.00316185
421507 0.00328274 421196 0.00312624 421507 0.00328274 421660 0.00336043 421280 0.00316849 421660 0.00336043 421660 0.00336043 421280 0.00316849 421660 0.00336043 421507 0.00328274 421196 0.00312624 421507 0.00328274
421748 0.00340481 421435 0.0032466 421748 0.00340481 421903 0.00348351 421504 0.00328159 421903 0.00348351 421903 0.00348351 421504 0.00328159 421903 0.00348351 421748 0.00340481 421435 0.0032466 421748 0.00340481
421991 0.00352808 421676 0.00336815 421991 0.00352808 422147 0.00360781 421730 0.00339565 422147 0.00360781 422147 0.00360781 421730 0.00339565 422147 0.00360781 421991 0.00352808 421676 0.00336815 421991 0.00352808
422236 0.00365312 421917 0.00349083 422236 0.00365312 422395 0.00373397 421956 0.00351062 422395 0.00373397 422395 0.00373397 421956 0.00351062 422395 0.00373397 422236 0.00365312 421917 0.00349083 422236 0.00365312
422488 0.00378094 422162 0.0036151 422488 0.00378094 422649 0.00386303 422185 0.00362676 422649 0.00386303 422649 0.00386303 422185 0.00362676 422649 0.00386303 422488 0.00378094 422162 0.0036151 422488 0.00378094
422747 0.00391276 422411 0.00374183 422747 0.00391276 422910 0.00399607 422416 0.00374453 422910 0.00399607 422910 0.00399607 422416 0.00374453 422910 0.00399607 422747 0.00391276 422411 0.00374183 422747 0.00391276
423015 0.00404927 422667 0.00387218 423015 0.00404927 423180 0.00413357 422652 0.00386448 423180 0.00413357 423180 0.00413357 422652 0.00386448 423180 0.00413357 423015 0.00404927 422667 0.00387218 423015 0.00404927
423292 0.00419023 422932 0.00400707 423292 0.00419023 423458 0.00427522 422896 0.00398889 423458 0.00427522 423458 0.00427522 422896 0.00398889 423458 0.00427522 423292 0.00419023 422932 0.00400707 423292 0.00419023
423575 0.00433459 423206 0.00414663 423575 0.00433459 423744 0.00442054 423161 0.0041237 423744 0.00442054 423744 0.00442054 423161 0.0041237 423744 0.00442054 423575 0.00433459 423206 0.00414663 423575 0.00433459
423863 0.00448112 423488 0.00429006 423863 0.00448112 424034 0.00456806 423437 0.00426406 424034 0.00456806 424034 0.00456806 423437 0.00426406 424034 0.00456806 423863 0.00448112 423488 0.00429006 423863 0.00448112
424153 0.00462889 423774 0.00443605 424153 0.00462889 424326 0.00471688 423719 0.00440808 424326 0.00471688 424326 0.00471688 423719 0.00440808 424326 0.00471688 424153 0.00462889 423774 0.00443605 424153 0.00462889
424445 0.00477732 424064 0.00458351 424445 0.00477732 424620 0.00486646 424007 0.00455443 424620 0.00486646 424620 0.00486646 424007 0.00455443 424620 0.00486646 424445 0.00477732 424064 0.00458351 424445 0.00477732
424737 0.00492608 424355 0.00473175 424737 0.00492608 424914 0.00501645 424297 0.00470219 424914 0.00501645 424914 0.00501645 424297 0.00470219 424914 0.00501645 424737 0.00492608 424355 0.00473175 424737 0.00492608
425029 0.00507502 424647 0.00488038 425029 0.00507502 425209 0.00516668 424589 0.00485073 425209 0.00516668 425209 0.00516668 424589 0.00485073 425209 0.00516668 425029 0.00507502 424647 0.00488038 425029 0.00507502
425322 0.00522407 424939 0.00502922 425322 0.00522407 425505 0.00531706 424881 0.00499968 425505 0.00531706 425505 0.00531706 424881 0.00499968 425505 0.00531706 425322 0.00522407 424939 0.00502922 425322 0.00522407
425615 0.00537323 425232 0.00517818 425615 0.00537323 425800 0.00546755 425174 0.00514888 425800 0.00546755 425800 0.00546755 425174 0.00514888 425800 0.00546755 425615 0.00537323 425232 0.00517818 425615 0.00537323
425908 0.00552253 425525 0.00532725 425908 0.00552253 426096 0.0056182 425468 0.00529822 426096 0.0056182 426096 0.0056182 425468 0.00529822 426096 0.0056182 425908 0.00552253 425525 0.00532725 425908 0.00552253
426202 0.00567206 425818 0.00547644 426202 0.00567206 426392 0.00576906 425761 0.0054477 426392 0.00576906 426392 0.00576906 425761 0.0054477 426392 0.00576906 426202 0.00567206 425818 0.00547644 426202 0.00567206
426496 0.00582199 426111 0.00562582 426496 0.00582199 426689 0.00592026 426055 0.00559733 426689 0.00592026 426689 0.00592026 426055 0.00559733 426689 0.00592026 426496 0.00582199 426111 0.00562582 426496 0.00582199
426792 0.00597255 426405 0.00577551 426792 0.00597255 426987 0.00607202 426349 0.00574718 426987 0.00607202 426987 0.00607202 426349 0.00574718 426987 0.00607202 426792 0.00597255 426405 0.00577551 426792 0.00597255
427089 0.00612409 426700 0.00592569 427089 0.00612409 427287 0.00622463 426644 0.00589734 427287 0.00622463 427287 0.00622463 426644 0.00589734 427287 0.00622463 427089 0.00612409 426700 0.00592569 427089 0.00612409
427390 0.00627703 426996 0.00607664 427390 0.00627703 427589 0.00637841 426940 0.00604813 427589 0.00637841 427589 0.00637841 426940 0.00604813 427589 0.00637841 427390 0.00627703 426996 0.00607664 427390 0.00627703
427692 0.00643081 427293 0.00622772 427692 0.00643081 427893 0.00653308 427237 0.00619903 427893 0.00653308 427893 0.00653308 427237 0.00619903 427893 0.00653308 427692 0.00643081 427293 0.00622772 427692 0.00643081
428006 0.00659062 427595 0.00638162 428006 0.00659062 428201 0.00669005 427536 0.00635143 428201 0.00669005 428201 0.00669005 427536 0.00635143 428201 0.00669005 428006 0.00659062 427595 0.00638162 428006 0.00659062
428335 0.00675824 427903 0.00653823 428335 0.00675824 428513 0.00684896 427837 0.0065049 428513 0.00684896 428513 0.00684896 427837 0.0065049 428513 0.00684896 428335 0.00675824 427903 0.00653823 428335 0.00675824
428673 0.00693047 428215 0.00669732 428673 0.00693047 428829 0.00700959 428141 0.00665964 428829 0.00700959 428829 0.00700959 428141 0.00665964 428829 0.00700959 428673 0.00693047 428215 0.00669732 428673 0.00693047
429015 0.0071046 428532 0.00685851 429015 0.0071046 429147 0.00717167 428448 0.00681597 429147 0.00717167 429147 0.00717167 428448 0.00681597 429147 0.00717167 429015 0.0071046 428532 0.00685851 429015 0.0071046
429360 0.00728001 428852 0.00702149 429360 0.00728001 429467 0.00733484 428759 0.00697408 429467 0.00733484 429467 0.00733484 428759 0.00697408 429467 0.00733484 429360 0.00728001 428852 0.00702149 429360 0.00728001
429706 0.00745624 429175 0.00718581 429706 0.00745624 429789 0.00749885 429073 0.00713399 429789 0.00749885 429789 0.00749885 429073 0.00713399 429789 0.00749885 429706 0.00745624 429175 0.00718581 429706 0.00745624
430053 0.00763295 429499 0.00735107 430053 0.00763295 430113 0.00766379 429390 0.00729559 430113 0.00766379 430113 0.00766379 429390 0.00729559 430113 0.00766379 430053 0.00763295 429499 0.00735107 430053 0.00763295
430400 0.00780995 429825 0.00751693 430400 0.00780995 430447 0.00783368 429711 0.00745917 430447 0.00783368 430447 0.00783368 429711 0.00745917 430447 0.00783368 430400 0.00780995 429825 0.00751693 430400 0.00780995
430748 0.00798711 430151 0.00768317 430748 0.00798711 430786 0.00800617 430035 0.00762406 430786 0.00800617 430786 0.00800617 430035 0.00762406 430786 0.00800617 430748 0.00798711 430151 0.00768317 430748 0.00798711
431096 0.00816437 430478 0.00784963 431096 0.00816437 431134 0.00818376 430362 0.00779035 431134 0.00818376 431134 0.00818376 430362 0.00779035 431134 0.00818376 431096 0.00816437 430478 0.00784963 431096 0.00816437
431445 0.00834193 430812 0.00801935 431445 0.00834193 431483 0.00836146 430689 0.00795708 431483 0.00836146 431483 0.00836146 430689 0.00795708 431483 0.00836146 431445 0.00834193 430812 0.00801935 431445 0.00834193
431794 0.00851964 431148 0.00819064 431794 0.00851964 431833 0.00853922 431017 0.00812408 431833 0.00853922 431833 0.00853922 431017 0.00812408 431833 0.00853922 431794 0.00851964 431148 0.00819064 431794 0.00851964
432144 0.00869778 431494 0.00836704 432144 0.00869778 432182 0.00871704 431346 0.00829126 432182 0.00871704 432182 0.00871704 431346 0.00829126 432182 0.00871704 432144 0.00869778 431494 0.00836704 432144 0.00869778
432494 0.00887607 431844 0.00854514 432494 0.00887607 432531 0.00889487 431674 0.00845855 432531 0.00889487 432531 0.00889487 431674 0.00845855 432531 0.00889487 432494 0.00887607 431844 0.00854514 432494 0.00887607
432844 0.00905435 432194 0.00872324 432844 0.00905435 432880 0.00907272 432003 0.00862592 432880 0.00907272 432880 0.00907272 432003 0.00862592 432880 0.00907272 432844 0.00905435 432194 0.00872324 432844 0.00905435
433194 0.0092326 432544 0.00890133 433194 0.0092326 433230 0.00925057 432332 0.00879333 433230 0.00925057 433230 0.00925057 432332 0.00879333 433230 0.00925057 433194 0.0092326 432544 0.00890133 433194 0.0092326
433544 0.00941084 432893 0.0090794 433544 0.00941084 433579 0.00942843 432660 0.00896077 433579 0.00942843 433579 0.00942843 432660 0.00896077 433579 0.00942843 433544 0.00941084 432893 0.0090794 433544 0.00941084
433894 0.00958906 433243 0.00925746 433894 0.00958906 433928 0.00960627 432989 0.00912823 433928 0.00960627 433928 0.00960627 432989 0.00912823 433928 0.00960627 433894 0.00958906 433243 0.00925746 433894 0.00958906
434244 0.00976725 433593 0.0094355 434244 0.00976725 434277 0.00978412 433318 0.00929571 434277 0.00978412 434277 0.00978412 433318 0.00929571 434277 0.00978412 434244 0.00976725 433593 0.0094355 434244 0.00976725
434594 0.00994542 433942 0.00961351 434594 0.00994542 434627 0.00996195 433647 0.00946321 434627 0.00996195 434627 0.00996195 433647 0.00946321 434627 0.00996195 434594 0.00994542 433942 0.00961351 434594 0.00994542
434944 0.0101236 434292 0.0097915 434944 0.0101236 434976 0.0101398 433976 0.00963072 434976 0.0101398 434976 0.0101398 433976 0.00963072 434976 0.0101398 434944 0.0101236 434292 0.0097915 434944 0.0101236
435294 0.0103017 434641 0.00996947 435294 0.0103017 435325 0.0103176 434305 0.00979823 435325 0.0103176 435325 0.0103176 434305 0.00979823 435325 0.0103176 435294 0.0103017 434641 0.00996947 435294 0.0103017
435644 0.0104797 434991 0.0101474 435644 0.0104797 435674 0.0104954 434634 0.00996575 435674 0.0104954 435674 0.0104954 434634 0.00996575 435674 0.0104954 435644 0.0104797 434991 0.0101474 435644 0.0104797
435993 0.0106578 435340 0.0103253 435993 0.0106578 436024 0.0106732 434963 0.0101333 436024 0.0106732 436024 0.0106732 434963 0.0101333 436024 0.0106732 435993 0.0106578 435340 0.0103253 435993 0.0106578
436343 0.0108358 435690 0.0105032 436343 0.0108358 436373 0.010851 435292 0.0103008 436373 0.010851 436373 0.010851 435292 0.0103008 436373 0.010851 436343 0.0108358 435690 0.0105032 436343 0.0108358
436692 0.0110138 436039 0.010681 436692 0.0110138 436722 0.0110288 435621 0.0104684 436722 0.0110288 436722 0.0110288 435621 0.0104684 436722 0.0110288 436692 0.0110138 436039 0.010681 436692 0.0110138
437042 0.0111918 436388 0.0108589 437042 0.0111918 437071 0.0112066 435950 0.0106359 437071 0.0112066 437071 0.0112066 435950 0.0106359 437071 0.0112066 437042 0.0111918 436388 0.0108589 437042 0.0111918
437391 0.0113697 436737 0.0110367 437391 0.0113697 437420 0.0113845 436284 0.0108058 437420 0.0113845 437420 0.0113845 436284 0.0108058 437420 0.0113845 437391 0.0113697 436737 0.0110367 437391 0.0113697
437741 0.0115476 437086 0.0112144 437741 0.0115476 437770 0.0115626 436621 0.0109775 437770 0.0115626 437770 0.0115626 436621 0.0109775 437770 0.0115626 437741 0.0115476 437086 0.0112144 437741 0.0115476
438090 0.0117255 437435 0.0113922 438090 0.0117255 438120 0.0117406 436958 0.0111491 438120 0.0117406 438120 0.0117406 436958 0.0111491 438120 0.0117406 438090 0.0117255 437435 0.0113922 438090 0.0117255
438439 0.0119033 437784 0.0115699 438439 0.0119033 438469 0.0119186 437295 0.0113208 438469 0.0119186 438469 0.0119186 437295 0.0113208 438469 0.0119186 438439 0.0119033 437784 0.0115699 438439 0.0119033
438789 0.0120811 438133 0.0117475 438789 0.0120811 438819 0.0120966 437632 0.0114924 438819 0.0120966 438819 0.0120966 437632 0.0114924 438819 0.0120966 438789 0.0120811 438133 0.0117475 438789 0.0120811
439138 0.0122589 438482 0.0119252 439138 0.0122589 439169 0.0122751 437982 0.0116703 439169 0.0122751 439169 0.0122751 437982 0.0116703 439169 0.0122751 439138 0.0122589 438482 0.0119252 439138 0.0122589
439487 0.0124367 438831 0.0121028 439487 0.0124367 439520 0.0124535 438331 0.0118483 439520 0.0124535 439520 0.0124535 438331 0.0118483 439520 0.0124535 439487 0.0124367 438831 0.0121028 439487 0.0124367
439836 0.0126144 439180 0.0122803 439836 0.0126144 439870 0.0126319 438681 0.0120263 439870 0.0126319 439870 0.0126319 438681 0.0120263 439870 0.0126319 439836 0.0126144 439180 0.0122803 439836 0.0126144
440185 0.0127922 439529 0.0124579 440185 0.0127922 440221 0.0128103 439030 0.0122042 440221 0.0128103 440221 0.0128103 439030 0.0122042 440221 0.0128103 440185 0.0127922 439529 0.0124579 440185 0.0127922
440534 0.01297 439877 0.0126354 440534 0.01297 440571 0.0129888 439380 0.0123822 440571 0.0129888 440571 0.0129888 439380 0.0123822 440571 0.0129888 440534 0.01297 439877 0.0126354 440534 0.01297
440884 0.0131478 440226 0.012813 440884 0.0131478 440921 0.0131672 439729 0.0125601 440921 0.0131672 440921 0.0131672 439729 0.0125601 440921 0.0131672 440884 0.0131478 440226 0.012813 440884 0.0131478
441233 0.0133257 440574 0.0129905 441233 0.0133257 441272 0.0133456 440079 0.0127381 441272 0.0133456 441272 0.0133456 440079 0.0127381 441272 0.0133456 441233 0.0133257 440574 0.0129905 441233 0.0133257
441583 0.0135038 440923 0.013168 441583 0.0135038 441622 0.013524 440428 0.012916 441622 0.013524 441622 0.013524 440428 0.012916 441622 0.013524 441583 0.0135038 440923 0.013168 441583 0.0135038
441932 0.0136819 441272 0.0133456 441932 0.0136819 441973 0.0137025 440778 0.0130939 441973 0.0137025 441973 0.0137025 440778 0.0130939 441973 0.0137025 441932 0.0136819 441272 0.0133456 441932 0.0136819
442283 0.0138603 441621 0.0135232 442283 0.0138603 442323 0.0138811 441127 0.0132718 442323 0.0138811 442323 0.0138811 441127 0.0132718 442323 0.0138811 442283 0.0138603 441621 0.0135232 442283 0.0138603
442634 0.014039 441970 0.0137009 442634 0.014039 442674 0.0140597 441476 0.0134497 442674 0.0140597 442674 0.0140597 441476 0.0134497 442674 0.0140597 442634 0.014039 441970 0.0137009 442634 0.014039
442985 0.0142179 442319 0.0138787 442985 0.0142179 443025 0.0142385 441826 0.0136276 443025 0.0142385 443025 0.0142385 441826 0.0136276 443025 0.0142385 442985 0.0142179 442319 0.0138787 442985 0.0142179
443337 0.0143973 442668 0.0140566 443337 0.0143973 443377 0.0144175 442175 0.0138056 443377 0.0144175 443377 0.0144175 442175 0.0138056 443377 0.0144175 443337 0.0143973 442668 0.0140566 443337 0.0143973
