-5995.21 -2.92202e-05 -12208 -5.9501e-05 -5995.21 -2.92202e-05 -10930.4 -5.3274e-05 -22064 -0.000107538 -10930.4 -5.3274e-05 -10930.4 -5.3274e-05 -22064 -0.000107538 -10930.4 -5.3274e-05 -5995.21 -2.92202e-05 -12208 -5.9501e-05 -5995.21 -2.92202e-05
-3134.38 -1.52767e-05 -11859.8 -5.78036e-05 -3134.38 -1.52767e-05 -10845.8 -5.28618e-05 -22145.9 -0.000107938 -10845.8 -5.28618e-05 -10845.8 -5.28618e-05 -22145.9 -0.000107938 -10845.8 -5.28618e-05 -3134.38 -1.52767e-05 -11859.8 -5.78036e-05 -3134.38 -1.52767e-05
1053.07 5.13257e-06 -9208.56 -4.48818e-05 1053.07 5.13257e-06 -8178.96 -3.98636e-05 -22094.2 -0.000107685 -8178.96 -3.98636e-05 -8178.96 -3.98636e-05 -22094.2 -0.000107685 -8178.96 -3.98636e-05 1053.07 5.13257e-06 -9208.56 -4.48818e-05 1053.07 5.13257e-06
5739.96 2.79761e-05 -5257.93 -2.56267e-05 5739.96 2.79761e-05 -4719.55 -2.30027e-05 -21450.8 -0.00010455 -4719.55 -2.30027e-05 -4719.55 -2.30027e-05 -21450.8 -0.00010455 -4719.55 -2.30027e-05 5739.96 2.79761e-05 -5257.93 -2.56267e-05 5739.96 2.79761e-05
10459 5.09762e-05 -932.614 -4.54549e-06 10459 5.09762e-05 -652.41 -3.1798e-06 -18953.7 -9.23787e-05 -652.41 -3.1798e-06 -652.41 -3.1798e-06 -18953.7 -9.23787e-05 -652.41 -3.1798e-06 10459 5.09762e-05 -932.614 -4.54549e-06 10459 5.09762e-05
15195.4 7.40614e-05 3709.64 1.80805e-05 15195.4 7.40614e-05 3881.45 1.89179e-05 -15450.2 -7.53033e-05 3881.45 1.89179e-05 3881.45 1.89179e-05 -15450.2 -7.53033e-05 3881.45 1.89179e-05 15195.4 7.40614e-05 3709.64 1.80805e-05 15195.4 7.40614e-05
19753.6 9.62774e-05 8373.87 4.08136e-05 19753.6 9.62774e-05 8508.18 4.14682e-05 -11752 -5.72786e-05 8508.18 4.14682e-05 8508.18 4.14682e-05 -11752 -5.72786e-05 8508.18 4.14682e-05 19753.6 9.62774e-05 8373.87 4.08136e-05 19753.6 9.62774e-05
24513.5 0.000119477 13207.3 6.43712e-05 24513.5 0.000119477 13174.8 6.42131e-05 -7875.41 -3.83842e-05 13174.8 6.42131e-05 13174.8 6.42131e-05 -7875.41 -3.83842e-05 13174.8 6.42131e-05 24513.5 0.000119477 13207.3 6.43712e-05 24513.5 0.000119477
29189.6 0.000142268 17806.8 8.67892e-05 29189.6 0.000142268 17826.7 8.68858e-05 -3551.74 -1.73109e-05 17826.7 8.68858e-05 17826.7 8.68858e-05 -3551.74 -1.73109e-05 17826.7 8.68858e-05 29189.6 0.000142268 17806.8 8.67892e-05 29189.6 0.000142268
33792.9 0.000164704 22554.8 0.000109931 33792.9 0.000164704 22578 0.000110043 670.118 3.26611e-06 22578 0.000110043 22578 0.000110043 670.118 3.26611e-06 22578 0.000110043 33792.9 0.000164704 22554.8 0.000109931 33792.9 0.000164704
38392.3 0.000187121 27116.9 0.000132166 38392.3 0.000187121 27286.8 0.000132994 5325.97 2.59584e-05 27286.8 0.000132994 27286.8 0.000132994 5325.97 2.59584e-05 27286.8 0.000132994 38392.3 0.000187121 27116.9 0.000132166 38392.3 0.000187121
42967.8 0.000209422 31533.6 0.000153692 42967.8 0.000209422 31912.1 0.000155537 9752.77 4.75343e-05 31912.1 0.000155537 31912.1 0.000155537 9752.77 4.75343e-05 31912.1 0.000155537 42967.8 0.000209422 31533.6 0.000153692 42967.8 0.000209422
47541.4 0.000231713 35937.9 0.000175158 47541.4 0.000231713 36355.1 0.000177192 14302.3 6.97082e-05 36355.1 0.000177192 36355.1 0.000177192 14302.3 6.97082e-05 36355.1 0.000177192 47541.4 0.000231713 35937.9 0.000175158 47541.4 0.000231713
52182.6 0.000254334 40113.5 0.00019551 52182.6 0.000254334 41104.4 0.00020034 18998.9 9.25993e-05 41104.4 0.00020034 41104.4 0.00020034 18998.9 9.25993e-05 41104.4 0.00020034 52182.6 0.000254334 40113.5 0.00019551 52182.6 0.000254334
56840.6 0.000277037 44447.5 0.000216634 56840.6 0.000277037 45897.7 0.000223702 23685.6 0.000115442 45897.7 0.000223702 45897.7 0.000223702 23685.6 0.000115442 45897.7 0.000223702 56840.6 0.000277037 44447.5 0.000216634 56840.6 0.000277037
61537.5 0.000299929 48799.9 0.000237847 61537.5 0.000299929 50652.2 0.000246875 28189.3 0.000137393 50652.2 0.000246875 50652.2 0.000246875 28189.3 0.000137393 50652.2 0.000246875 61537.5 0.000299929 48799.9 0.000237847 61537.5 0.000299929
66325.2 0.000323264 53299.4 0.000259777 66325.2 0.000323264 55374.8 0.000269893 32568 0.000158734 55374.8 0.000269893 55374.8 0.000269893 32568 0.000158734 55374.8 0.000269893 66325.2 0.000323264 53299.4 0.000259777 66325.2 0.000323264
71364.2 0.000347824 57879.9 0.000282102 71364.2 0.000347824 60308.6 0.00029394 37287.5 0.000181737 60308.6 0.00029394 60308.6 0.00029394 37287.5 0.000181737 60308.6 0.00029394 71364.2 0.000347824 57879.9 0.000282102 71364.2 0.000347824
76728.4 0.000373969 62589.7 0.000305057 76728.4 0.000373969 65557.9 0.000319524 42454.2 0.000206919 65557.9 0.000319524 65557.9 0.000319524 42454.2 0.000206919 65557.9 0.000319524 76728.4 0.000373969 62589.7 0.000305057 76728.4 0.000373969
82416.7 0.000401693 67701.1 0.00032997 82416.7 0.000401693 71087.3 0.000346474 47664.8 0.000232315 71087.3 0.000346474 71087.3 0.000346474 47664.8 0.000232315 71087.3 0.000346474 82416.7 0.000401693 67701.1 0.00032997 82416.7 0.000401693
88498.8 0.000431337 73083.3 0.000356202 88498.8 0.000431337 76962.5 0.00037511 53005 0.000258343 76962.5 0.00037511 76962.5 0.00037511 53005 0.000258343 76962.5 0.00037511 88498.8 0.000431337 73083.3 0.000356202 88498.8 0.000431337
95261.4 0.000464297 79066.5 0.000385364 95261.4 0.000464297 83471.9 0.000406836 58768.1 0.000286431 83471.9 0.000406836 83471.9 0.000406836 58768.1 0.000286431 83471.9 0.000406836 95261.4 0.000464297 79066.5 0.000385364 95261.4 0.000464297
102736 0.000500725 85731.6 0.000417849 102736 0.000500725 90978.3 0.000443421 65099.1 0.000317288 90978.3 0.000443421 90978.3 0.000443421 65099.1 0.000317288 90978.3 0.000443421 102736 0.000500725 85731.6 0.000417849 102736 0.000500725
110729 0.000539685 93021.2 0.000453378 110729 0.000539685 98938.5 0.000482219 71853.1 0.000350207 98938.5 0.000482219 98938.5 0.000482219 71853.1 0.000350207 98938.5 0.000482219 110729 0.000539685 93021.2 0.000453378 110729 0.000539685
119388 0.000581887 101147 0.000492984 119388 0.000581887 107416 0.000523538 79374.1 0.000386863 107416 0.000523538 107416 0.000523538 79374.1 0.000386863 107416 0.000523538 119388 0.000581887 101147 0.000492984 119388 0.000581887
129357 0.000630475 110059 0.000536421 129357 0.000630475 116638 0.000568482 87539.7 0.000426662 116638 0.000568482 116638 0.000568482 87539.7 0.000426662 116638 0.000568482 129357 0.000630475 110059 0.000536421 129357 0.000630475
140183 0.000683239 119783 0.000583814 140183 0.000683239 126745 0.000617746 96262.4 0.000469176 126745 0.000617746 126745 0.000617746 96262.4 0.000469176 126745 0.000617746 140183 0.000683239 119783 0.000583814 140183 0.000683239
151527 0.000738533 130192 0.000634546 151527 0.000738533 137505 0.000670188 105781 0.000515566 137505 0.000670188 137505 0.000670188 105781 0.000515566 137505 0.000670188 151527 0.000738533 130192 0.000634546 151527 0.000738533
163248 0.000795661 140964 0.000687048 163248 0.000795661 148602 0.000724273 115799 0.000564395 148602 0.000724273 148602 0.000724273 115799 0.000564395 148602 0.000724273 163248 0.000795661 140964 0.000687048 163248 0.000795661
175656 0.000856141 152132 0.000741478 175656 0.000856141 160079 0.000780214 126113 0.000614665 160079 0.000780214 160079 0.000780214 126113 0.000614665 160079 0.000780214 175656 0.000856141 152132 0.000741478 175656 0.000856141
189048 0.000921433 163980 0.000799228 189048 0.000921433 172280 0.000839686 136752 0.000666521 172280 0.000839686 172280 0.000839686 136752 0.000666521 172280 0.000839686 189048 0.000921433 163980 0.000799228 189048 0.000921433
203123 0.000990115 176669 0.000861081 203123 0.000990115 186025 0.000906692 147935 0.000721022 186025 0.000906692 186025 0.000906692 147935 0.000721022 186025 0.000906692 203123 0.000990115 176669 0.000861081 203123 0.000990115
217611 0.00106107 190393 0.000927998 217611 0.00106107 200729 0.000978438 160727 0.000783371 200729 0.000978438 200729 0.000978438 160727 0.000783371 200729 0.000978438 217611 0.00106107 190393 0.000927998 217611 0.00106107
232129 0.00113309 205147 0.00100003 232129 0.00113309 215746 0.00105195 174594 0.000850968 215746 0.00105195 215746 0.00105195 174594 0.000850968 215746 0.00105195 232129 0.00113309 205147 0.00100003 232129 0.00113309
246183 0.00120577 219990 0.00107286 246183 0.00120577 230702 0.00112607 188866 0.000920565 230702 0.00112607 230702 0.00112607 188866 0.000920565 230702 0.00112607 246183 0.00120577 219990 0.00107286 246183 0.00120577
258837 0.00127961 234667 0.00114612 258837 0.00127961 245157 0.00120063 203273 0.000990914 245157 0.00120063 245157 0.00120063 203273 0.000990914 245157 0.00120063 258837 0.00127961 234667 0.00114612 258837 0.00127961
268553 0.00135587 248737 0.00122027 268553 0.00135587 258185 0.00127623 217711 0.00106176 258185 0.00127623 258185 0.00127623 217711 0.00106176 258185 0.00127623 268553 0.00135587 248737 0.00122027 268553 0.00135587
274319 0.00143627 261133 0.00129635 274319 0.00143627 268215 0.00135415 232069 0.00113332 268215 0.00135415 268215 0.00135415 232069 0.00113332 268215 0.00135415 274319 0.00143627 261133 0.00129635 274319 0.00143627
276929 0.00152231 270179 0.00137575 276929 0.00152231 274147 0.00143545 245982 0.00120601 274147 0.00143545 274147 0.00143545 245982 0.00120601 274147 0.00143545 276929 0.00152231 270179 0.00137575 276929 0.00152231
277892 0.00160976 275081 0.00145786 277892 0.00160976 276799 0.00151926 258423 0.00127979 276799 0.00151926 276799 0.00151926 258423 0.00127979 276799 0.00151926 277892 0.00160976 275081 0.00145786 277892 0.00160976
278256 0.00169855 277173 0.00154288 278256 0.00169855 277826 0.00160503 268026 0.00135607 277826 0.00160503 277826 0.00160503 268026 0.00135607 277826 0.00160503 278256 0.00169855 277173 0.00154288 278256 0.00169855
278414 0.00178771 277966 0.00162899 278414 0.00178771 278222 0.00169168 273807 0.00143485 278222 0.00169168 278222 0.00169168 273807 0.00143485 278222 0.00169168 278414 0.00178771 277966 0.00162899 278414 0.00178771
278504 0.00187705 278279 0.00171561 278504 0.00187705 278396 0.00177895 276594 0.001518 278396 0.00177895 278396 0.00177895 276594 0.001518 278396 0.00177895 278504 0.00187705 278279 0.00171561 278504 0.00187705
278570 0.0019665 278425 0.00180246 278570 0.0019665 278492 0.00186666 277740 0.00160517 278492 0.00186666 278492 0.00186666 277740 0.00160517 278492 0.00186666 278570 0.0019665 278425 0.00180246 278570 0.0019665
278627 0.00205597 278511 0.00188942 278627 0.00205597 278561 0.0019551 278188 0.00169337 278561 0.0019551 278561 0.0019551 278188 0.00169337 278561 0.0019551 278627 0.00205597 278511 0.00188942 278627 0.00205597
278680 0.0021455 278575 0.00197648 278680 0.0021455 278620 0.00204547 278383 0.001782 278620 0.00204547 278620 0.00204547 278383 0.001782 278620 0.00204547 278680 0.0021455 278575 0.00197648 278680 0.0021455
278733 0.00223512 278631 0.00206379 278733 0.00223512 278675 0.00213689 278488 0.00187075 278675 0.00213689 278675 0.00213689 278488 0.00187075 278675 0.00213689 278733 0.00223512 278631 0.00206379 278733 0.00223512
278785 0.00232492 278684 0.00215218 278785 0.00232492 278729 0.00222838 278560 0.00195954 278729 0.00222838 278729 0.00222838 278560 0.00195954 278729 0.00222838 278785 0.00232492 278684 0.00215218 278785 0.00232492
278837 0.00241505 278737 0.00224206 278837 0.00241505 278782 0.00232008 278620 0.00204859 278782 0.00232008 278782 0.00232008 278620 0.00204859 278782 0.00232008 278837 0.00241505 278737 0.00224206 278837 0.00241505
278889 0.00250575 278789 0.00233282 278889 0.00250575 278835 0.00241202 278675 0.00213789 278835 0.00241202 278835 0.00241202 278675 0.00213789 278835 0.00241202 278889 0.00250575 278789 0.00233282 278889 0.00250575
278942 0.00259732 278842 0.00242389 278942 0.00259732 278888 0.00250429 278728 0.00222738 278888 0.00250429 278888 0.00250429 278728 0.00222738 278888 0.00250429 278942 0.00259732 278842 0.00242389 278942 0.00259732
278995 0.00269017 278895 0.00251544 278995 0.00269017 278942 0.00259713 278780 0.00231712 278942 0.00259713 278942 0.00259713 278780 0.00231712 278942 0.00259713 278995 0.00269017 278895 0.00251544 278995 0.00269017
279049 0.00278454 278948 0.00260771 279049 0.00278454 278995 0.00269082 278832 0.00240719 278995 0.00269082 278995 0.00269082 278832 0.00240719 278995 0.00269082 279049 0.00278454 278948 0.00260771 279049 0.00278454
279104 0.00288044 279001 0.00270119 279104 0.00288044 279050 0.00278584 278884 0.00249771 279050 0.00278584 279050 0.00278584 278884 0.00249771 279050 0.00278584 279104 0.00288044 279001 0.00270119 279104 0.00288044
279160 0.00297753 279056 0.00279595 279160 0.00297753 279106 0.00288249 278937 0.00258872 279106 0.00288249 279106 0.00288249 278937 0.00258872 279106 0.00288249 279160 0.00297753 279056 0.00279595 279160 0.00297753
279216 0.00307549 279111 0.00289216 279216 0.00307549 279162 0.00298054 278989 0.00268033 279162 0.00298054 279162 0.00298054 278989 0.00268033 279162 0.00298054 279216 0.00307549 279111 0.00289216 279216 0.00307549
279273 0.00317443 279167 0.00298989 279273 0.00317443 279219 0.00307964 279042 0.00277241 279219 0.00307964 279219 0.00307964 279042 0.00277241 279219 0.00307964 279273 0.00317443 279167 0.00298989 279273 0.00317443
279330 0.00327383 279224 0.00308871 279330 0.00327383 279276 0.00317942 279095 0.00286494 279276 0.00317942 279276 0.00317942 279095 0.00286494 279276 0.00317942 279330 0.00327383 279224 0.00308871 279330 0.00327383
279388 0.00337351 279281 0.00318827 279388 0.00337351 279334 0.00327964 279149 0.00295805 279334 0.00327964 279334 0.00327964 279149 0.00295805 279334 0.00327964 279388 0.00337351 279281 0.00318827 279388 0.00337351
279445 0.00347338 279339 0.00328827 279445 0.00347338 279391 0.0033802 279203 0.00305192 279391 0.0033802 279391 0.0033802 279203 0.00305192 279391 0.0033802 279445 0.00347338 279339 0.00328827 279445 0.00347338
279503 0.00357481 279396 0.00338868 279503 0.00357481 279449 0.00348105 279257 0.00314672 279449 0.00348105 279449 0.00348105 279257 0.00314672 279449 0.00348105 279503 0.00357481 279396 0.00338868 279503 0.00357481
279562 0.00367728 279454 0.00348955 279562 0.00367728 279508 0.00358223 279312 0.0032425 279508 0.00358223 279508 0.00358223 279312 0.0032425 279508 0.00358223 279562 0.00367728 279454 0.00348955 279562 0.00367728
279622 0.00378151 279512 0.00359079 279622 0.00378151 279566 0.00368392 279368 0.00333922 279566 0.00368392 279566 0.00368392 279368 0.00333922 279566 0.00368392 279622 0.00378151 279512 0.00359079 279622 0.00378151
279682 0.00388583 279571 0.00369214 279682 0.00388583 279624 0.00378574 279424 0.00343646 279624 0.00378574 279624 0.00378574 279424 0.00343646 279624 0.00378574 279682 0.00388583 279571 0.00369214 279682 0.00388583
279742 0.0039902 279629 0.00379358 279742 0.0039902 279683 0.00388764 279480 0.00353405 279683 0.00388764 279683 0.00388764 279480 0.00353405 279683 0.00388764 279742 0.0039902 279629 0.00379358 279742 0.0039902
279802 0.00409489 279687 0.00389529 279802 0.00409489 279742 0.00398972 279536 0.0036319 279742 0.00398972 279742 0.00398972 279536 0.0036319 279742 0.00398972 279802 0.00409489 279687 0.00389529 279802 0.00409489
279862 0.00419969 279746 0.00399711 279862 0.00419969 279800 0.00409185 279592 0.0037299 279800 0.00409185 279800 0.00409185 279592 0.0037299 279800 0.00409185 279862 0.00419969 279746 0.00399711 279862 0.00419969
279922 0.00430452 279804 0.00409899 279922 0.00430452 279859 0.00419405 279649 0.003829 279859 0.00419405 279859 0.00419405 279649 0.003829 279859 0.00419405 279922 0.00430452 279804 0.00409899 279922 0.00430452
279983 0.00440937 279863 0.0042009 279983 0.00440937 279918 0.00429631 279707 0.00392866 279918 0.00429631 279918 0.00429631 279707 0.00392866 279918 0.00429631 279983 0.00440937 279863 0.0042009 279983 0.00440937
280043 0.00451424 279922 0.00430285 280043 0.00451424 279977 0.00439859 279764 0.00402834 279977 0.00439859 279977 0.00439859 279764 0.00402834 279977 0.00439859 280043 0.00451424 279922 0.00430285 280043 0.00451424
280103 0.00461912 279980 0.00440483 280103 0.00461912 280035 0.0045009 279821 0.00412805 280035 0.0045009 280035 0.0045009 279821 0.00412805 280035 0.0045009 280103 0.00461912 279980 0.00440483 280103 0.00461912
280163 0.00472403 280039 0.00450685 280163 0.00472403 280094 0.00460326 279879 0.00422889 280094 0.00460326 280094 0.00460326 279879 0.00422889 280094 0.00460326 280163 0.00472403 280039 0.00450685 280163 0.00472403
280224 0.00482897 280097 0.00460891 280224 0.00482897 280153 0.00470568 279937 0.00433025 280153 0.00470568 280153 0.00470568 279937 0.00433025 280153 0.00470568 280224 0.00482897 280097 0.00460891 280224 0.00482897
280284 0.00493395 280156 0.004711 280284 0.00493395 280212 0.00480813 279996 0.00443163 280212 0.00480813 280212 0.00480813 279996 0.00443163 280212 0.00480813 280284 0.00493395 280156 0.004711 280284 0.00493395
280344 0.00503905 280215 0.0048132 280344 0.00503905 280271 0.00491067 280054 0.00453306 280271 0.00491067 280271 0.00491067 280054 0.00453306 280271 0.00491067 280344 0.00503905 280215 0.0048132 280344 0.00503905
280405 0.0051442 280273 0.00491547 280405 0.0051442 280330 0.00501334 280112 0.00463463 280330 0.00501334 280330 0.00501334 280112 0.00463463 280330 0.00501334 280405 0.0051442 280273 0.00491547 280405 0.0051442
280465 0.00524937 280332 0.00501775 280465 0.00524937 280389 0.00511604 280170 0.00473621 280389 0.00511604 280389 0.00511604 280170 0.00473621 280389 0.00511604 280465 0.00524937 280332 0.00501775 280465 0.00524937
280526 0.00535454 280391 0.00512003 280526 0.00535454 280448 0.00521873 280229 0.00483777 280448 0.00521873 280448 0.00521873 280229 0.00483777 280448 0.00521873 280526 0.00535454 280391 0.00512003 280526 0.00535454
280586 0.0054597 280450 0.00522231 280586 0.0054597 280507 0.0053214 280287 0.00493929 280507 0.0053214 280507 0.0053214 280287 0.00493929 280507 0.0053214 280586 0.0054597 280450 0.00522231 280586 0.0054597
280647 0.00556487 280509 0.00532461 280647 0.00556487 280566 0.00542407 280345 0.00504079 280566 0.00542407 280566 0.00542407 280345 0.00504079 280566 0.00542407 280647 0.00556487 280509 0.00532461 280647 0.00556487
280707 0.00567001 280567 0.00542704 280707 0.00567001 280625 0.00552674 280404 0.00514228 280625 0.00552674 280625 0.00552674 280404 0.00514228 280625 0.00552674 280707 0.00567001 280567 0.00542704 280707 0.00567001
280767 0.00577513 280626 0.0055295 280767 0.00577513 280684 0.0056294 280462 0.00524374 280684 0.0056294 280684 0.0056294 280462 0.00524374 280684 0.0056294 280767 0.00577513 280626 0.0055295 280767 0.00577513
280828 0.00588023 280685 0.00563194 280828 0.00588023 280743 0.00573204 280520 0.00534517 280743 0.00573204 280743 0.00573204 280520 0.00534517 280743 0.00573204 280828 0.00588023 280685 0.00563194 280828 0.00588023
280888 0.00598529 280744 0.00573435 280888 0.00598529 280802 0.00583466 280579 0.00544655 280802 0.00583466 280802 0.00583466 280579 0.00544655 280802 0.00583466 280888 0.00598529 280744 0.00573435 280888 0.00598529
280948 0.00609033 280803 0.00583676 280948 0.00609033 280861 0.00593732 280637 0.00554758 280861 0.00593732 280861 0.00593732 280637 0.00554758 280861 0.00593732 280948 0.00609033 280803 0.00583676 280948 0.00609033
281009 0.00619535 280862 0.00593915 281009 0.00619535 280919 0.00603996 280695 0.00564847 280919 0.00603996 280919 0.00603996 280695 0.00564847 280919 0.00603996 281009 0.00619535 280862 0.00593915 281009 0.00619535
281069 0.00630033 280920 0.00604151 281069 0.00630033 280978 0.00614259 280753 0.00574936 280978 0.00614259 280978 0.00614259 280753 0.00574936 280978 0.00614259 281069 0.00630033 280920 0.00604151 281069 0.00630033
281129 0.00640527 280979 0.00614384 281129 0.00640527 281037 0.00624518 280810 0.00585022 281037 0.00624518 281037 0.00624518 280810 0.00585022 281037 0.00624518 281129 0.00640527 280979 0.00614384 281129 0.00640527
281190 0.00651018 281038 0.00624615 281190 0.00651018 281097 0.00634826 280868 0.00595113 281097 0.00634826 281097 0.00634826 280868 0.00595113 281097 0.00634826 281190 0.00651018 281038 0.00624615 281190 0.00651018
281250 0.00661506 281097 0.00634843 281250 0.00661506 281156 0.0064515 280926 0.00605204 281156 0.0064515 281156 0.0064515 280926 0.00605204 281156 0.0064515 281250 0.00661506 281097 0.00634843 281250 0.00661506
281310 0.00671989 281155 0.00645068 281310 0.00671989 281215 0.0065547 280984 0.00615294 281215 0.0065547 281215 0.0065547 280984 0.00615294 281215 0.0065547 281310 0.00671989 281155 0.00645068 281310 0.00671989
281370 0.00682469 281214 0.0065529 281370 0.00682469 281274 0.00665786 281042 0.00625383 281274 0.00665786 281274 0.00665786 281042 0.00625383 281274 0.00665786 281370 0.00682469 281214 0.0065529 281370 0.00682469
281430 0.00692946 281273 0.0066551 281430 0.00692946 281334 0.00676098 281100 0.00635469 281334 0.00676098 281334 0.00676098 281100 0.00635469 281334 0.00676098 281430 0.00692946 281273 0.0066551 281430 0.00692946
281491 0.00703419 281332 0.00675727 281491 0.00703419 281393 0.00686405 281158 0.00645554 281393 0.00686405 281393 0.00686405 281158 0.00645554 281393 0.00686405 281491 0.00703419 281332 0.00675727 281491 0.00703419
281551 0.00713888 281390 0.00685941 281551 0.00713888 281452 0.00696708 281216 0.00655637 281452 0.00696708 281452 0.00696708 281216 0.00655637 281452 0.00696708 281551 0.00713888 281390 0.00685941 281551 0.00713888
281611 0.00724353 281449 0.00696153 281611 0.00724353 281511 0.00707006 281274 0.00665719 281511 0.00707006 281511 0.00707006 281274 0.00665719 281511 0.00707006 281611 0.00724353 281449 0.00696153 281611 0.00724353
281671 0.00734816 281508 0.00706359 281671 0.00734816 281570 0.00717299 281332 0.00675799 281570 0.00717299 281570 0.00717299 281332 0.00675799 281570 0.00717299 281671 0.00734816 281508 0.00706359 281671 0.00734816
281731 0.00745279 281566 0.00716536 281731 0.00745279 281630 0.00727619 281390 0.00685879 281630 0.00727619 281630 0.00727619 281390 0.00685879 281630 0.00727619 281731 0.00745279 281566 0.00716536 281731 0.00745279
281791 0.00755741 281624 0.00726712 281791 0.00755741 281689 0.00737969 281448 0.00695964 281689 0.00737969 281689 0.00737969 281448 0.00695964 281689 0.00737969 281791 0.00755741 281624 0.00726712 281791 0.00755741
281851 0.00766199 281683 0.00736885 281851 0.00766199 281748 0.00748257 281506 0.00706053 281748 0.00748257 281748 0.00748257 281506 0.00706053 281748 0.00748257 281851 0.00766199 281683 0.00736885 281851 0.00766199
281911 0.00776652 281741 0.00747056 281911 0.00776652 281807 0.00758542 281564 0.00716139 281807 0.00758542 281807 0.00758542 281564 0.00716139 281807 0.00758542 281911 0.00776652 281741 0.00747056 281911 0.00776652
281971 0.007871 281800 0.00757224 281971 0.007871 281866 0.00768825 281622 0.00726222 281866 0.00768825 281866 0.00768825 281622 0.00726222 281866 0.00768825 281971 0.007871 281800 0.00757224 281971 0.007871
282031 0.00797544 281858 0.0076739 282031 0.00797544 281925 0.00779105 281680 0.00736302 281925 0.00779105 281925 0.00779105 281680 0.00736302 281925 0.00779105 282031 0.00797544 281858 0.0076739 282031 0.00797544
282091 0.00807983 281917 0.00777554 282091 0.00807983 281984 0.00789382 281737 0.00746379 281984 0.00789382 281984 0.00789382 281737 0.00746379 281984 0.00789382 282091 0.00807983 281917 0.00777554 282091 0.00807983
282151 0.00818417 281975 0.00787716 282151 0.00818417 282044 0.00799656 281795 0.00756453 282044 0.00799656 282044 0.00799656 281795 0.00756453 282044 0.00799656 282151 0.00818417 281975 0.00787716 282151 0.00818417
282211 0.00828847 282033 0.00797877 282211 0.00828847 282103 0.00809927 281853 0.00766525 282103 0.00809927 282103 0.00809927 281853 0.00766525 282103 0.00809927 282211 0.00828847 282033 0.00797877 282211 0.00828847
282271 0.00839271 282092 0.00808037 282271 0.00839271 282162 0.00820195 281911 0.00776593 282162 0.00820195 282162 0.00820195 281911 0.00776593 282162 0.00820195 282271 0.00839271 282092 0.00808037 282271 0.00839271
282331 0.0084969 282150 0.00818198 282331 0.0084969 282220 0.00830461 281969 0.00786659 282220 0.00830461 282220 0.00830461 281969 0.00786659 282220 0.00830461 282331 0.0084969 282150 0.00818198 282331 0.0084969
282391 0.00860058 282208 0.00828365 282391 0.00860058 282279 0.00840724 282027 0.00796723 282279 0.00840724 282279 0.00840724 282027 0.00796723 282279 0.00840724 282391 0.00860058 282208 0.00828365 282391 0.00860058
282450 0.0087042 282267 0.00838532 282450 0.0087042 282338 0.00850984 282084 0.00806785 282338 0.00850984 282338 0.00850984 282084 0.00806785 282338 0.00850984 282450 0.0087042 282267 0.00838532 282450 0.0087042
282510 0.00880779 282325 0.00848696 282510 0.00880779 282397 0.00861239 282142 0.00816843 282397 0.00861239 282397 0.00861239 282142 0.00816843 282397 0.00861239 282510 0.00880779 282325 0.00848696 282510 0.00880779
282569 0.00891137 282384 0.00858858 282569 0.00891137 282456 0.0087149 282200 0.00826899 282456 0.0087149 282456 0.0087149 282200 0.00826899 282456 0.0087149 282569 0.00891137 282384 0.00858858 282569 0.00891137
282629 0.00901491 282442 0.00869019 282629 0.00901491 282515 0.00881736 282258 0.00836951 282515 0.00881736 282515 0.00881736 282258 0.00836951 282515 0.00881736 282629 0.00901491 282442 0.00869019 282629 0.00901491
282688 0.00911834 282500 0.00879177 282688 0.00911834 282574 0.00891976 282315 0.00846999 282574 0.00891976 282574 0.00891976 282315 0.00846999 282574 0.00891976 282688 0.00911834 282500 0.00879177 282688 0.00911834
282747 0.00922159 282559 0.00889334 282747 0.00922159 282633 0.00902211 282373 0.00857044 282633 0.00902211 282633 0.00902211 282373 0.00857044 282633 0.00902211 282747 0.00922159 282559 0.00889334 282747 0.00922159
282807 0.00932482 282617 0.00899488 282807 0.00932482 282691 0.00912439 282431 0.00867085 282691 0.00912439 282691 0.00912439 282431 0.00867085 282691 0.00912439 282807 0.00932482 282617 0.00899488 282807 0.00932482
282866 0.00942802 282675 0.00909641 282866 0.00942802 282750 0.00922665 282489 0.0087712 282750 0.00922665 282750 0.00922665 282489 0.0087712 282750 0.00922665 282866 0.00942802 282675 0.00909641 282866 0.00942802
282925 0.0095312 282734 0.00919791 282925 0.0095312 282809 0.00932888 282546 0.00887152 282809 0.00932888 282809 0.00932888 282546 0.00887152 282809 0.00932888 282925 0.0095312 282734 0.00919791 282925 0.0095312
282984 0.00963436 282792 0.00929939 282984 0.00963436 282868 0.00943108 282604 0.0089718 282868 0.00943108 282868 0.00943108 282604 0.0089718 282868 0.00943108 282984 0.00963436 282792 0.00929939 282984 0.00963436
283044 0.00973749 282850 0.00940085 283044 0.00973749 282926 0.00953324 282661 0.00907204 282926 0.00953324 282926 0.00953324 282661 0.00907204 282926 0.00953324 283044 0.00973749 282850 0.00940085 283044 0.00973749
283103 0.0098406 282909 0.00950229 283103 0.0098406 282985 0.00963537 282719 0.00917224 282985 0.00963537 282985 0.00963537 282719 0.00917224 282985 0.00963537 283103 0.0098406 282909 0.00950229 283103 0.0098406
283162 0.00994369 282967 0.00960371 283162 0.00994369 283044 0.00973745 282776 0.00927241 283044 0.00973745 283044 0.00973745 282776 0.00927241 283044 0.00973745 283162 0.00994369 282967 0.00960371 283162 0.00994369
283221 0.0100467 283025 0.0097051 283221 0.0100467 283102 0.00983949 282834 0.00937254 283102 0.00983949 283102 0.00983949 282834 0.00937254 283102 0.00983949 283221 0.0100467 283025 0.0097051 283221 0.0100467
283281 0.0101498 283083 0.00980647 283281 0.0101498 283161 0.0099415 282891 0.00947263 283161 0.0099415 283161 0.0099415 282891 0.00947263 283161 0.0099415 283281 0.0101498 283083 0.00980647 283281 0.0101498
283340 0.0102528 283142 0.00990781 283340 0.0102528 283219 0.0100435 282949 0.00957268 283219 0.0100435 283219 0.0100435 282949 0.00957268 283219 0.0100435 283340 0.0102528 283142 0.00990781 283340 0.0102528
283399 0.0103558 283200 0.0100091 283399 0.0103558 283278 0.0101454 283006 0.00967269 283278 0.0101454 283278 0.0101454 283006 0.00967269 283278 0.0101454 283399 0.0103558 283200 0.0100091 283399 0.0103558
283458 0.0104587 283258 0.0101104 283458 0.0104587 283337 0.0102473 283064 0.00977266 283337 0.0102473 283337 0.0102473 283064 0.00977266 283337 0.0102473 283458 0.0104587 283258 0.0101104 283458 0.0104587
283517 0.0105616 283316 0.0102117 283517 0.0105616 283395 0.0103491 283121 0.00987259 283395 0.0103491 283395 0.0103491 283121 0.00987259 283395 0.0103491 283517 0.0105616 283316 0.0102117 283517 0.0105616
283576 0.0106645 283374 0.0103129 283576 0.0106645 283453 0.0104509 283179 0.00997247 283453 0.0104509 283453 0.0104509 283179 0.00997247 283453 0.0104509 283576 0.0106645 283374 0.0103129 283576 0.0106645
283635 0.0107674 283432 0.0104142 283635 0.0107674 283512 0.0105526 283236 0.0100721 283512 0.0105526 283512 0.0105526 283236 0.0100721 283512 0.0105526 283635 0.0107674 283432 0.0104142 283635 0.0107674
283694 0.0108703 283491 0.0105154 283694 0.0108703 283570 0.0106544 283293 0.0101713 283570 0.0106544 283570 0.0106544 283293 0.0101713 283570 0.0106544 283694 0.0108703 283491 0.0105154 283694 0.0108703
283753 0.0109731 283549 0.0106166 283753 0.0109731 283629 0.0107561 283350 0.0102705 283629 0.0107561 283629 0.0107561 283350 0.0102705 283629 0.0107561 283753 0.0109731 283549 0.0106166 283753 0.0109731
283813 0.0110759 283607 0.0107177 283813 0.0110759 283687 0.0108577 283407 0.0103697 283687 0.0108577 283687 0.0108577 283407 0.0103697 283687 0.0108577 283813 0.0110759 283607 0.0107177 283813 0.0110759
283872 0.0111787 283665 0.0108188 283872 0.0111787 283746 0.0109593 283464 0.0104689 283746 0.0109593 283746 0.0109593 283464 0.0104689 283746 0.0109593 283872 0.0111787 283665 0.0108188 283872 0.0111787
283931 0.0112814 283723 0.0109199 283931 0.0112814 283804 0.0110609 283521 0.010568 283804 0.0110609 283804 0.0110609 283521 0.010568 283804 0.0110609 283931 0.0112814 283723 0.0109199 283931 0.0112814
283990 0.0113841 283781 0.011021 283990 0.0113841 283862 0.0111624 283578 0.0106672 283862 0.0111624 283862 0.0111624 283578 0.0106672 283862 0.0111624 283990 0.0113841 283781 0.011021 283990 0.0113841
284049 0.0114868 283839 0.011122 284049 0.0114868 283921 0.0112638 283635 0.0107663 283921 0.0112638 283921 0.0112638 283635 0.0107663 283921 0.0112638 284049 0.0114868 283839 0.011122 284049 0.0114868
284108 0.0115894 283897 0.0112231 284108 0.0115894 283979 0.0113652 283692 0.0108654 283979 0.0113652 283979 0.0113652 283692 0.0108654 283979 0.0113652 284108 0.0115894 283897 0.0112231 284108 0.0115894
284167 0.011692 283955 0.011324 284167 0.011692 284037 0.0114665 283749 0.0109644 284037 0.0114665 284037 0.0114665 283749 0.0109644 284037 0.0114665 284167 0.011692 283955 0.011324 284167 0.011692
284225 0.0117946 284013 0.011425 284225 0.0117946 284095 0.0115678 283805 0.0110635 284095 0.0115678 284095 0.0115678 283805 0.0110635 284095 0.0115678 284225 0.0117946 284013 0.011425 284225 0.0117946
284284 0.0118972 284071 0.0115259 284284 0.0118972 284153 0.011669 283862 0.0111625 284153 0.011669 284153 0.011669 283862 0.0111625 284153 0.011669 284284 0.0118972 284071 0.0115259 284284 0.0118972
284343 0.0119997 284129 0.0116268 284343 0.0119997 284211 0.0117702 283919 0.0112615 284211 0.0117702 284211 0.0117702 283919 0.0112615 284211 0.0117702 284343 0.0119997 284129 0.0116268 284343 0.0119997
284402 0.0121022 284187 0.0117277 284402 0.0121022 284270 0.0118713 283976 0.0113603 284270 0.0118713 284270 0.0118713 283976 0.0113603 284270 0.0118713 284402 0.0121022 284187 0.0117277 284402 0.0121022
284461 0.0122047 284245 0.0118285 284461 0.0122047 284328 0.0119723 284033 0.011459 284328 0.0119723 284328 0.0119723 284033 0.011459 284328 0.0119723 284461 0.0122047 284245 0.0118285 284461 0.0122047
284520 0.0123071 284303 0.0119293 284520 0.0123071 284386 0.0120733 284089 0.0115577 284386 0.0120733 284386 0.0120733 284089 0.0115577 284386 0.0120733 284520 0.0123071 284303 0.0119293 284520 0.0123071
284579 0.0124094 284361 0.0120301 284579 0.0124094 284443 0.0121741 284146 0.0116564 284443 0.0121741 284443 0.0121741 284146 0.0116564 284443 0.0121741 284579 0.0124094 284361 0.0120301 284579 0.0124094
284637 0.0125118 284419 0.0121308 284637 0.0125118 284501 0.0122748 284203 0.0117551 284501 0.0122748 284501 0.0122748 284203 0.0117551 284501 0.0122748 284637 0.0125118 284419 0.0121308 284637 0.0125118
284696 0.0126141 284476 0.0122315 284696 0.0126141 284559 0.0123755 284259 0.0118537 284559 0.0123755 284559 0.0123755 284259 0.0118537 284559 0.0123755 284696 0.0126141 284476 0.0122315 284696 0.0126141
284755 0.0127163 284534 0.0123322 284755 0.0127163 284617 0.0124761 284316 0.0119523 284617 0.0124761 284617 0.0124761 284316 0.0119523 284617 0.0124761 284755 0.0127163 284534 0.0123322 284755 0.0127163
284814 0.0128186 284592 0.0124329 284814 0.0128186 284675 0.0125766 284373 0.0120509 284675 0.0125766 284675 0.0125766 284373 0.0120509 284675 0.0125766 284814 0.0128186 284592 0.0124329 284814 0.0128186
284872 0.0129208 284650 0.0125335 284872 0.0129208 284732 0.0126771 284429 0.0121495 284732 0.0126771 284732 0.0126771 284429 0.0121495 284732 0.0126771 284872 0.0129208 284650 0.0125335 284872 0.0129208
284931 0.0130229 284708 0.012634 284931 0.0130229 284790 0.0127775 284486 0.012248 284790 0.0127775 284790 0.0127775 284486 0.012248 284790 0.0127775 284931 0.0130229 284708 0.012634 284931 0.0130229
284990 0.0131249 284765 0.0127345 284990 0.0131249 284848 0.0128779 284542 0.0123464 284848 0.0128779 284848 0.0128779 284542 0.0123464 284848 0.0128779 284990 0.0131249 284765 0.0127345 284990 0.0131249
285048 0.0132268 284823 0.0128348 285048 0.0132268 284906 0.0129785 284599 0.0124447 284906 0.0129785 284906 0.0129785 284599 0.0124447 284906 0.0129785 285048 0.0132268 284823 0.0128348 285048 0.0132268
285107 0.0133288 284880 0.0129347 285107 0.0133288 284963 0.013079 284655 0.0125429 284963 0.013079 284963 0.013079 284655 0.0125429 284963 0.013079 285107 0.0133288 284880 0.0129347 285107 0.0133288
285165 0.0134307 284938 0.0130346 285165 0.0134307 285021 0.0131794 284712 0.0126412 285021 0.0131794 285021 0.0131794 284712 0.0126412 285021 0.0131794 285165 0.0134307 284938 0.0130346 285165 0.0134307
285224 0.0135326 284995 0.0131345 285224 0.0135326 285079 0.0132798 284768 0.0127394 285079 0.0132798 285079 0.0132798 284768 0.0127394 285079 0.0132798 285224 0.0135326 284995 0.0131345 285224 0.0135326
285282 0.0136345 285053 0.0132343 285282 0.0136345 285136 0.01338 284825 0.0128375 285136 0.01338 285136 0.01338 284825 0.0128375 285136 0.01338 285282 0.0136345 285053 0.0132343 285282 0.0136345
285341 0.0137364 285110 0.013334 285341 0.0137364 285193 0.0134794 284881 0.0129357 285193 0.0134794 285193 0.0134794 284881 0.0129357 285193 0.0134794 285341 0.0137364 285110 0.013334 285341 0.0137364
285399 0.0138382 285167 0.0134337 285399 0.0138382 285250 0.0135786 284937 0.0130338 285250 0.0135786 285250 0.0135786 284937 0.0130338 285250 0.0135786 285399 0.0138382 285167 0.0134337 285399 0.0138382
285458 0.0139401 285224 0.0135334 285458 0.0139401 285307 0.0136777 284994 0.0131319 285307 0.0136777 285307 0.0136777 284994 0.0131319 285307 0.0136777 285458 0.0139401 285224 0.0135334 285458 0.0139401
285516 0.0140419 285282 0.0136331 285516 0.0140419 285364 0.0137769 285050 0.01323 285364 0.0137769 285364 0.0137769 285050 0.01323 285364 0.0137769 285516 0.0140419 285282 0.0136331 285516 0.0140419
285575 0.0141436 285339 0.0137328 285575 0.0141436 285421 0.0138759 285106 0.013328 285421 0.0138759 285421 0.0138759 285106 0.013328 285421 0.0138759 285575 0.0141436 285339 0.0137328 285575 0.0141436
285633 0.0142454 285396 0.0138324 285633 0.0142454 285478 0.013975 285163 0.013426 285478 0.013975 285478 0.013975 285163 0.013426 285478 0.013975 285633 0.0142454 285396 0.0138324 285633 0.0142454
285692 0.0143471 285453 0.013932 285692 0.0143471 285535 0.014074 285219 0.013524 285535 0.014074 285535 0.014074 285219 0.013524 285535 0.014074 285692 0.0143471 285453 0.013932 285692 0.0143471
285750 0.0144487 285511 0.0140317 285750 0.0144487 285592 0.0141731 285275 0.0136219 285592 0.0141731 285592 0.0141731 285275 0.0136219 285592 0.0141731 285750 0.0144487 285511 0.0140317 285750 0.0144487
285809 0.0145503 285568 0.0141313 285809 0.0145503 285649 0.0142722 285331 0.0137197 285649 0.0142722 285649 0.0142722 285331 0.0137197 285649 0.0142722 285809 0.0145503 285568 0.0141313 285809 0.0145503
285867 0.0146519 285625 0.0142309 285867 0.0146519 285706 0.0143713 285388 0.0138176 285706 0.0143713 285706 0.0143713 285388 0.0138176 285706 0.0143713 285867 0.0146519 285625 0.0142309 285867 0.0146519
285925 0.0147534 285682 0.0143305 285925 0.0147534 285763 0.0144704 285444 0.0139153 285763 0.0144704 285763 0.0144704 285444 0.0139153 285763 0.0144704 285925 0.0147534 285682 0.0143305 285925 0.0147534
285984 0.0148549 285739 0.0144301 285984 0.0148549 285820 0.0145694 285500 0.014013 285820 0.0145694 285820 0.0145694 285500 0.014013 285820 0.0145694 285984 0.0148549 285739 0.0144301 285984 0.0148549
286042 0.0149564 285797 0.0145297 286042 0.0149564 285876 0.0146684 285556 0.0141107 285876 0.0146684 285876 0.0146684 285556 0.0141107 285876 0.0146684 286042 0.0149564 285797 0.0145297 286042 0.0149564
286100 0.0150578 285854 0.0146292 286100 0.0150578 285933 0.0147673 285612 0.0142088 285933 0.0147673 285933 0.0147673 285612 0.0142088 285933 0.0147673 286100 0.0150578 285854 0.0146292 286100 0.0150578
286158 0.0151591 285911 0.0147288 286158 0.0151591 285990 0.0148661 285669 0.014307 285990 0.0148661 285990 0.0148661 285669 0.014307 285990 0.0148661 286158 0.0151591 285911 0.0147288 286158 0.0151591
286217 0.0152604 285968 0.0148283 286217 0.0152604 286047 0.0149649 285725 0.0144053 286047 0.0149649 286047 0.0149649 285725 0.0144053 286047 0.0149649 286217 0.0152604 285968 0.0148283 286217 0.0152604
286275 0.0153617 286025 0.0149278 286275 0.0153617 286103 0.0150636 285782 0.0145035 286103 0.0150636 286103 0.0150636 285782 0.0145035 286103 0.0150636 286275 0.0153617 286025 0.0149278 286275 0.0153617
286333 0.0154629 286083 0.0150273 286333 0.0154629 286160 0.0151623 285838 0.0146017 286160 0.0151623 286160 0.0151623 285838 0.0146017 286160 0.0151623 286333 0.0154629 286083 0.0150273 286333 0.0154629
286391 0.0155641 286140 0.0151268 286391 0.0155641 286217 0.015261 285894 0.0146998 286217 0.015261 286217 0.015261 285894 0.0146998 286217 0.015261 286391 0.0155641 286140 0.0151268 286391 0.0155641
286449 0.0156652 286197 0.0152262 286449 0.0156652 286274 0.0153597 285951 0.014798 286274 0.0153597 286274 0.0153597 285951 0.014798 286274 0.0153597 286449 0.0156652 286197 0.0152262 286449 0.0156652
286507 0.0157655 286254 0.0153257 286507 0.0157655 286330 0.0154583 286007 0.0148961 286330 0.0154583 286330 0.0154583 286007 0.0148961 286330 0.0154583 286507 0.0157655 286254 0.0153257 286507 0.0157655
286564 0.0158658 286311 0.0154252 286564 0.0158658 286387 0.0155569 286064 0.0149942 286387 0.0155569 286387 0.0155569 286064 0.0149942 286387 0.0155569 286564 0.0158658 286311 0.0154252 286564 0.0158658
286622 0.0159659 286368 0.0155248 286622 0.0159659 286443 0.0156554 286120 0.0150922 286443 0.0156554 286443 0.0156554 286120 0.0150922 286443 0.0156554 286622 0.0159659 286368 0.0155248 286622 0.0159659
286679 0.0160659 286426 0.0156244 286679 0.0160659 286500 0.0157542 286176 0.0151902 286500 0.0157542 286500 0.0157542 286176 0.0151902 286500 0.0157542 286679 0.0160659 286426 0.0156244 286679 0.0160659
286737 0.0161658 286483 0.015724 286737 0.0161658 286557 0.0158534 286232 0.0152879 286557 0.0158534 286557 0.0158534 286232 0.0152879 286557 0.0158534 286737 0.0161658 286483 0.015724 286737 0.0161658
