5965.4 2.90749e-05 -2405.28 -1.17232e-05 5965.4 2.90749e-05 -1001.48 -4.88114e-06 -12263.5 -5.97716e-05 -1001.48 -4.88114e-06 -1001.48 -4.88114e-06 -12263.5 -5.97716e-05 -1001.48 -4.88114e-06 5965.4 2.90749e-05 -2405.28 -1.17232e-05 5965.4 2.90749e-05
23187.6 0.000113015 11754.4 5.72899e-05 23187.6 0.000113015 15458.4 7.5343e-05 -2356.29 -1.14844e-05 15458.4 7.5343e-05 15458.4 7.5343e-05 -2356.29 -1.14844e-05 15458.4 7.5343e-05 23187.6 0.000113015 11754.4 5.72899e-05 23187.6 0.000113015
42473.7 0.000207013 28983.3 0.000141262 42473.7 0.000207013 33893.7 0.000165196 12058 5.87699e-05 33893.7 0.000165196 33893.7 0.000165196 12058 5.87699e-05 33893.7 0.000165196 42473.7 0.000207013 28983.3 0.000141262 42473.7 0.000207013
62705 0.000305619 46061.9 0.000224502 62705 0.000305619 51957.3 0.000253236 30215.8 0.00014727 51957.3 0.000253236 51957.3 0.000253236 30215.8 0.00014727 51957.3 0.000253236 62705 0.000305619 46061.9 0.000224502 62705 0.000305619
80751.1 0.000393575 64606 0.000314885 80751.1 0.000393575 72249.5 0.000352139 48723 0.000237472 72249.5 0.000352139 72249.5 0.000352139 48723 0.000237472 72249.5 0.000352139 80751.1 0.000393575 64606 0.000314885 80751.1 0.000393575
98985.6 0.000482448 84187.6 0.000410324 98985.6 0.000482448 92460.9 0.000450648 66773.6 0.00032545 92460.9 0.000450648 92460.9 0.000450648 66773.6 0.00032545 92460.9 0.000450648 98985.6 0.000482448 84187.6 0.000410324 98985.6 0.000482448
116995 0.000570223 104621 0.000509915 116995 0.000570223 112853 0.000550038 84109.8 0.000409945 112853 0.000550038 112853 0.000550038 84109.8 0.000409945 112853 0.000550038 116995 0.000570223 104621 0.000509915 116995 0.000570223
134858 0.000657285 124550 0.000607049 134858 0.000657285 130083 0.000634013 101804 0.000496183 130083 0.000634013 130083 0.000634013 101804 0.000496183 130083 0.000634013 134858 0.000657285 124550 0.000607049 134858 0.000657285
152282 0.000742212 142289 0.000693504 152282 0.000742212 147572 0.000719253 122021 0.000594721 147572 0.000719253 147572 0.000719253 122021 0.000594721 147572 0.000719253 152282 0.000742212 142289 0.000693504 152282 0.000742212
169420 0.000825743 160112 0.000780376 169420 0.000825743 165320 0.000805758 142105 0.000692611 165320 0.000805758 165320 0.000805758 142105 0.000692611 165320 0.000805758 169420 0.000825743 160112 0.000780376 169420 0.000825743
186755 0.000910248 178705 0.000871007 186755 0.000910248 182351 0.000888779 161134 0.000785359 182351 0.000888779 182351 0.000888779 161134 0.000785359 182351 0.000888779 186755 0.000910248 178705 0.000871007 186755 0.000910248
204177 0.000995265 196570 0.000958135 204177 0.000995265 199331 0.000971612 181393 0.000884119 199331 0.000971612 199331 0.000971612 181393 0.000884119 199331 0.000971612 204177 0.000995265 196570 0.000958135 204177 0.000995265
221595 0.00108069 214445 0.00104558 221595 0.00108069 216233 0.00105435 201687 0.000983156 216233 0.00105435 216233 0.00105435 201687 0.000983156 216233 0.00105435 221595 0.00108069 214445 0.00104558 221595 0.00108069
238638 0.00116614 232185 0.00113356 238638 0.00116614 232953 0.00113739 221875 0.00108234 232953 0.00113739 232953 0.00113739 221875 0.00108234 232953 0.00113739 238638 0.00116614 232185 0.00113356 238638 0.00116614
254970 0.00125545 249281 0.0012233 254970 0.00125545 249286 0.0012232 239818 0.00117312 249286 0.0012232 249286 0.0012232 239818 0.00117312 249286 0.0012232 254970 0.00125545 249281 0.0012233 254970 0.00125545
268772 0.0013581 264454 0.00132121 268772 0.0013581 263656 0.00131461 255613 0.00126172 263656 0.00131461 263656 0.00131461 255613 0.00126172 263656 0.00131461 268772 0.0013581 264454 0.00132121 268772 0.0013581
276332 0.00149385 274433 0.00144228 276332 0.00149385 273791 0.00142833 268697 0.00136293 273791 0.00142833 273791 0.00142833 268697 0.00136293 273791 0.00142833 276332 0.00149385 274433 0.00144228 276332 0.00149385
278149 0.00166331 277732 0.00159385 278149 0.00166331 277608 0.00157839 275977 0.00149204 277608 0.00157839 277608 0.00157839 275977 0.00149204 277608 0.00157839 278149 0.00166331 277732 0.00159385 278149 0.00166331
278478 0.00184687 278379 0.00176839 278478 0.00184687 278362 0.00175668 278057 0.0016584 278362 0.00175668 278362 0.00175668 278057 0.0016584 278362 0.00175668 278478 0.00184687 278379 0.00176839 278478 0.00184687
278622 0.00204749 278564 0.0019598 278622 0.00204749 278554 0.00194532 278451 0.00183445 278554 0.00194532 278554 0.00194532 278451 0.00183445 278554 0.00194532 278622 0.00204749 278564 0.0019598 278622 0.00204749
278757 0.0022764 278696 0.00217263 278757 0.0022764 278689 0.00216032 278601 0.00201844 278689 0.00216032 278689 0.00216032 278601 0.00201844 278689 0.00216032 278757 0.0022764 278696 0.00217263 278757 0.0022764
278904 0.0025313 278832 0.00240712 278904 0.0025313 278827 0.00239871 278723 0.00221962 278827 0.00239871 278827 0.00239871 278723 0.00221962 278827 0.00239871 278904 0.0025313 278832 0.00240712 278904 0.0025313
279054 0.00279345 278971 0.00264894 279054 0.00279345 278967 0.00264097 278847 0.00243371 278967 0.00264097 278967 0.00264097 278847 0.00243371 278967 0.00264097 279054 0.00279345 278971 0.00264894 279054 0.00279345
279207 0.00305855 279111 0.00289264 279207 0.00305855 279107 0.00288554 278973 0.00265236 279107 0.00288554 279107 0.00288554 278973 0.00265236 279107 0.00288554 279207 0.00305855 279111 0.00289264 279207 0.00305855
279364 0.00333279 279254 0.00314067 279364 0.00333279 279249 0.00313261 279112 0.00289432 279249 0.00313261 279249 0.00313261 279112 0.00289432 279249 0.00313261 279364 0.00333279 279254 0.00314067 279364 0.00333279
279533 0.00362733 279399 0.00339287 279533 0.00362733 279400 0.00339556 279255 0.00314272 279400 0.00339556 279400 0.00339556 279255 0.00314272 279400 0.00339556 279533 0.00362733 279399 0.00339287 279533 0.00362733
279713 0.0039403 279556 0.00366723 279713 0.0039403 279570 0.00369155 279400 0.00339539 279570 0.00369155 279570 0.00369155 279400 0.00339539 279570 0.00369155 279713 0.0039403 279556 0.00366723 279713 0.0039403
279897 0.00425961 279731 0.00397088 279897 0.00425961 279751 0.00400546 279550 0.00365559 279751 0.00400546 279751 0.00400546 279550 0.00365559 279751 0.00400546 279897 0.00425961 279731 0.00397088 279897 0.00425961
280081 0.00458046 279910 0.00428356 280081 0.00458046 279934 0.00432476 279705 0.00392638 279934 0.00432476 279934 0.00432476 279705 0.00392638 279934 0.00432476 280081 0.00458046 279910 0.00428356 280081 0.00458046
280266 0.0049016 280093 0.00460053 280266 0.0049016 280118 0.00464503 279868 0.00421017 280118 0.00464503 280118 0.00464503 279868 0.00421017 280118 0.00464503 280266 0.0049016 280093 0.00460053 280266 0.0049016
280450 0.00522281 280276 0.0049194 280450 0.00522281 280302 0.00496551 280035 0.00450058 280302 0.00496551 280302 0.00496551 280035 0.00450058 280302 0.00496551 280450 0.00522281 280276 0.0049194 280450 0.00522281
280635 0.00554404 280459 0.00523898 280635 0.00554404 280486 0.00528607 280203 0.00479286 280486 0.00528607 280486 0.00528607 280203 0.00479286 280486 0.00528607 280635 0.00554404 280459 0.00523898 280635 0.00554404
280819 0.00586528 280643 0.00555876 280819 0.00586528 280671 0.00560669 280371 0.00508596 280671 0.00560669 280671 0.00560669 280371 0.00508596 280671 0.00560669 280819 0.00586528 280643 0.00555876 280819 0.00586528
281007 0.0061924 280827 0.00587918 281007 0.0061924 280855 0.00592799 280541 0.00538185 280855 0.00592799 280855 0.00592799 280541 0.00538185 280855 0.00592799 281007 0.0061924 280827 0.00587918 281007 0.0061924
281203 0.00653333 281012 0.00620136 281203 0.00653333 281041 0.00625089 280717 0.00568837 281041 0.00625089 281041 0.00625089 280717 0.00568837 281041 0.00625089 281203 0.00653333 281012 0.00620136 281203 0.00653333
281399 0.0068744 281199 0.00652601 281399 0.0068744 281226 0.00657382 280903 0.00601098 281226 0.00657382 281226 0.00657382 280903 0.00601098 281226 0.00657382 281399 0.0068744 281199 0.00652601 281399 0.0068744
281595 0.00721592 281385 0.00685075 281595 0.00721592 281412 0.00689685 281088 0.00633394 281412 0.00689685 281412 0.00689685 281088 0.00633394 281412 0.00689685 281595 0.00721592 281385 0.00685075 281595 0.00721592
281792 0.007559 281572 0.0071756 281792 0.007559 281597 0.00722017 281274 0.0066569 281597 0.00722017 281597 0.00722017 281274 0.0066569 281597 0.00722017 281792 0.007559 281572 0.0071756 281792 0.007559
281991 0.00790584 281759 0.00750065 281991 0.00790584 281784 0.00754421 281459 0.00697989 281784 0.00754421 281784 0.00754421 281459 0.00697989 281784 0.00754421 281991 0.00790584 281759 0.00750065 281991 0.00790584
282194 0.00825866 281946 0.00782597 282194 0.00825866 281971 0.00786951 281645 0.00730294 281971 0.00786951 281971 0.00786951 281645 0.00730294 281971 0.00786951 282194 0.00825866 281946 0.00782597 282194 0.00825866
282400 0.00861712 282133 0.00815178 282400 0.00861712 282159 0.00819816 281831 0.00762611 282159 0.00819816 282159 0.00819816 281831 0.00762611 282159 0.00819816 282400 0.00861712 282133 0.00815178 282400 0.00861712
282608 0.00897952 282320 0.00847856 282608 0.00897952 282353 0.00853564 282016 0.00794949 282353 0.00853564 282353 0.00853564 282016 0.00794949 282353 0.00853564 282608 0.00897952 282320 0.00847856 282608 0.00897952
282818 0.00934487 282510 0.00880822 282818 0.00934487 282555 0.00888668 282203 0.00827335 282555 0.00888668 282555 0.00888668 282203 0.00827335 282555 0.00888668 282818 0.00934487 282510 0.00880822 282818 0.00934487
283029 0.00971214 282705 0.00914858 283029 0.00971214 282762 0.00924727 282389 0.00859856 282762 0.00924727 282762 0.00924727 282389 0.00859856 282762 0.00924727 283029 0.00971214 282705 0.00914858 283029 0.00971214
283241 0.0100803 282907 0.00949908 283241 0.0100803 282972 0.00961217 282577 0.00892512 282972 0.00961217 282972 0.00961217 282577 0.00892512 282972 0.00961217 283241 0.0100803 282907 0.00949908 283241 0.0100803
283452 0.0104489 283115 0.00986117 283452 0.0104489 283182 0.00997909 282765 0.00925328 283182 0.00997909 283182 0.00997909 282765 0.00925328 283182 0.00997909 283452 0.0104489 283115 0.00986117 283452 0.0104489
283664 0.0108176 283324 0.0102253 283664 0.0108176 283394 0.0103468 282954 0.00958195 283394 0.0103468 283394 0.0103468 282954 0.00958195 283394 0.0103468 283664 0.0108176 283324 0.0102253 283664 0.0108176
283876 0.0111864 283534 0.0105903 283876 0.0111864 283605 0.0107147 283143 0.00991111 283605 0.0107147 283605 0.0107147 283143 0.00991111 283605 0.0107147 283876 0.0111864 283534 0.0105903 283876 0.0111864
284088 0.0115551 283744 0.0109559 284088 0.0115551 283816 0.0110827 283333 0.010241 283816 0.0110827 283816 0.0110827 283333 0.010241 283816 0.0110827 284088 0.0115551 283744 0.0109559 284088 0.0115551
284300 0.0119239 283954 0.0113218 284300 0.0119239 284028 0.0114506 283523 0.010572 284028 0.0114506 284028 0.0114506 283523 0.010572 284028 0.0114506 284300 0.0119239 283954 0.0113218 284300 0.0119239
284512 0.0122926 284164 0.0116884 284512 0.0122926 284239 0.0118186 283714 0.010905 284239 0.0118186 284239 0.0118186 283714 0.010905 284239 0.0118186 284512 0.0122926 284164 0.0116884 284512 0.0122926
284723 0.0126613 284376 0.0120561 284723 0.0126613 284451 0.0121865 283907 0.0112403 284451 0.0121865 284451 0.0121865 283907 0.0112403 284451 0.0121865 284723 0.0126613 284376 0.0120561 284723 0.0126613
284935 0.0130299 284587 0.0124241 284935 0.0130299 284662 0.0125544 284101 0.0115774 284662 0.0125544 284662 0.0125544 284101 0.0115774 284662 0.0125544 284935 0.0130299 284587 0.0124241 284935 0.0130299
285147 0.0133985 284799 0.0127923 285147 0.0133985 284873 0.0129222 284295 0.011916 284873 0.0129222 284873 0.0129222 284295 0.011916 284873 0.0129222 285147 0.0133985 284799 0.0127923 285147 0.0133985
285359 0.0137672 285010 0.0131607 285359 0.0137672 285085 0.01329 284490 0.0122554 285085 0.01329 285085 0.01329 284490 0.0122554 285085 0.01329 285359 0.0137672 285010 0.0131607 285359 0.0137672
285570 0.0141357 285222 0.0135292 285570 0.0141357 285296 0.0136578 284685 0.0125953 285296 0.0136578 285296 0.0136578 284685 0.0125953 285296 0.0136578 285570 0.0141357 285222 0.0135292 285570 0.0141357
285782 0.0145043 285434 0.0138976 285782 0.0145043 285507 0.0140255 284881 0.0129354 285507 0.0140255 285507 0.0140255 284881 0.0129354 285507 0.0140255 285782 0.0145043 285434 0.0138976 285782 0.0145043
285994 0.0148728 285645 0.0142661 285994 0.0148728 285718 0.0143931 285076 0.0132756 285718 0.0143931 285718 0.0143931 285076 0.0132756 285718 0.0143931 285994 0.0148728 285645 0.0142661 285994 0.0148728
286206 0.0152413 285857 0.0146346 286206 0.0152413 285929 0.0147607 285272 0.0136158 285929 0.0147607 285929 0.0147607 285272 0.0136158 285929 0.0147607 286206 0.0152413 285857 0.0146346 286206 0.0152413
286417 0.0156098 286069 0.015003 286417 0.0156098 286141 0.0151282 285467 0.0139559 286141 0.0151282 286141 0.0151282 285467 0.0139559 286141 0.0151282 286417 0.0156098 286069 0.015003 286417 0.0156098
286629 0.0159782 286281 0.0153719 286629 0.0159782 286352 0.0154956 285662 0.0142955 286352 0.0154956 286352 0.0154956 285662 0.0142955 286352 0.0154956 286629 0.0159782 286281 0.0153719 286629 0.0159782
286841 0.0163467 286493 0.0157409 286841 0.0163467 286563 0.015863 285857 0.0146348 286563 0.015863 286563 0.015863 285857 0.0146348 286563 0.015863 286841 0.0163467 286493 0.0157409 286841 0.0163467
287052 0.0167151 286704 0.0161098 287052 0.0167151 286774 0.0162303 286052 0.014974 286774 0.0162303 286774 0.0162303 286052 0.014974 286774 0.0162303 287052 0.0167151 286704 0.0161098 287052 0.0167151
287264 0.0170834 286916 0.0164786 287264 0.0170834 286985 0.0165975 286247 0.0153131 286985 0.0165975 286985 0.0165975 286247 0.0153131 286985 0.0165975 287264 0.0170834 286916 0.0164786 287264 0.0170834
287475 0.0174518 287128 0.0168473 287475 0.0174518 287196 0.0169647 286442 0.0156521 287196 0.0169647 287196 0.0169647 286442 0.0156521 287196 0.0169647 287475 0.0174518 287128 0.0168473 287475 0.0174518
287687 0.0178201 287340 0.0172158 287687 0.0178201 287406 0.0173317 286636 0.0159909 287406 0.0173317 287406 0.0173317 286636 0.0159909 287406 0.0173317 287687 0.0178201 287340 0.0172158 287687 0.0178201
287899 0.0181884 287552 0.0175842 287899 0.0181884 287617 0.0176986 286831 0.0163295 287617 0.0176986 287617 0.0176986 286831 0.0163295 287617 0.0176986 287899 0.0181884 287552 0.0175842 287899 0.0181884
288110 0.0185567 287763 0.0179525 288110 0.0185567 287828 0.0180654 287025 0.016668 287828 0.0180654 287828 0.0180654 287025 0.016668 287828 0.0180654 288110 0.0185567 287763 0.0179525 288110 0.0185567
288322 0.018925 287975 0.0183207 288322 0.018925 288039 0.0184321 287219 0.0170063 288039 0.0184321 288039 0.0184321 287219 0.0170063 288039 0.0184321 288322 0.018925 287975 0.0183207 288322 0.018925
288533 0.0192932 288186 0.0186887 288533 0.0192932 288249 0.0187987 287414 0.0173445 288249 0.0187987 288249 0.0187987 287414 0.0173445 288249 0.0187987 288533 0.0192932 288186 0.0186887 288533 0.0192932
288745 0.0196614 288397 0.0190562 288745 0.0196614 288460 0.0191651 287608 0.0176826 288460 0.0191651 288460 0.0191651 287608 0.0176826 288460 0.0191651 288745 0.0196614 288397 0.0190562 288745 0.0196614
288956 0.0200296 288608 0.019423 288956 0.0200296 288670 0.0195314 287802 0.0180207 288670 0.0195314 288670 0.0195314 287802 0.0180207 288670 0.0195314 288956 0.0200296 288608 0.019423 288956 0.0200296
289168 0.0203978 288819 0.0197897 289168 0.0203978 288880 0.0198976 287996 0.0183585 288880 0.0198976 288880 0.0198976 287996 0.0183585 288880 0.0198976 289168 0.0203978 288819 0.0197897 289168 0.0203978
289379 0.020766 289029 0.0201564 289379 0.020766 289091 0.0202635 288190 0.0186962 289091 0.0202635 289091 0.0202635 288190 0.0186962 289091 0.0202635 289379 0.020766 289029 0.0201564 289379 0.020766
289591 0.0211345 289240 0.020523 289591 0.0211345 289300 0.0206286 288384 0.0190336 289300 0.0206286 289300 0.0206286 288384 0.0190336 289300 0.0206286 289591 0.0211345 289240 0.020523 289591 0.0211345
289803 0.0215029 289450 0.0208895 289803 0.0215029 289510 0.0209936 288578 0.0193707 289510 0.0209936 289510 0.0209936 288578 0.0193707 289510 0.0209936 289803 0.0215029 289450 0.0208895 289803 0.0215029
290014 0.0218713 289661 0.021256 290014 0.0218713 289720 0.0213584 288771 0.0197077 289720 0.0213584 289720 0.0213584 288771 0.0197077 289720 0.0213584 290014 0.0218713 289661 0.021256 290014 0.0218713
290226 0.0222397 289871 0.0216225 290226 0.0222397 289929 0.021723 288965 0.0200443 289929 0.021723 289929 0.021723 288965 0.0200443 289929 0.021723 290226 0.0222397 289871 0.0216225 290226 0.0222397
290438 0.022608 290082 0.0219889 290438 0.022608 290139 0.0220875 289158 0.0203807 290139 0.0220875 290139 0.0220875 289158 0.0203807 290139 0.0220875 290438 0.022608 290082 0.0219889 290438 0.022608
290649 0.0229763 290292 0.0223553 290649 0.0229763 290348 0.0224519 289351 0.0207168 290348 0.0224519 290348 0.0224519 289351 0.0207168 290348 0.0224519 290649 0.0229763 290292 0.0223553 290649 0.0229763
290861 0.0233445 290503 0.0227217 290861 0.0233445 290557 0.0228162 289544 0.0210526 290557 0.0228162 290557 0.0228162 289544 0.0210526 290557 0.0228162 290861 0.0233445 290503 0.0227217 290861 0.0233445
291072 0.0237127 290713 0.0230881 291072 0.0237127 290766 0.0231804 289737 0.021388 290766 0.0231804 290766 0.0231804 289737 0.021388 290766 0.0231804 291072 0.0237127 290713 0.0230881 291072 0.0237127
291283 0.0240798 290924 0.0234545 291283 0.0240798 290975 0.0235429 289929 0.021723 290975 0.0235429 290975 0.0235429 289929 0.021723 290975 0.0235429 291283 0.0240798 290924 0.0234545 291283 0.0240798
291495 0.0244478 291134 0.0238209 291495 0.0244478 291184 0.0239068 290121 0.0220578 291184 0.0239068 291184 0.0239068 290121 0.0220578 291184 0.0239068 291495 0.0244478 291134 0.0238209 291495 0.0244478
291706 0.0248158 291345 0.0241874 291706 0.0248158 291393 0.0242708 290314 0.0223922 291393 0.0242708 291393 0.0242708 290314 0.0223922 291393 0.0242708 291706 0.0248158 291345 0.0241874 291706 0.0248158
291917 0.0251833 291555 0.0245538 291917 0.0251833 291602 0.0246349 290505 0.0227261 291602 0.0246349 291602 0.0246349 290505 0.0227261 291602 0.0246349 291917 0.0251833 291555 0.0245538 291917 0.0251833
292128 0.0255509 291766 0.0249203 292128 0.0255509 291811 0.0249989 290697 0.0230596 291811 0.0249989 291811 0.0249989 290697 0.0230596 291811 0.0249989 292128 0.0255509 291766 0.0249203 292128 0.0255509
292339 0.0259184 291977 0.0252878 292339 0.0259184 292020 0.0253628 290886 0.0233881 292020 0.0253628 292020 0.0253628 290886 0.0233881 292020 0.0253628 292339 0.0259184 291977 0.0252878 292339 0.0259184
292550 0.0262859 292188 0.0256556 292550 0.0262859 292229 0.0257267 291074 0.0237155 292229 0.0257267 292229 0.0257267 291074 0.0237155 292229 0.0257267 292550 0.0262859 292188 0.0256556 292550 0.0262859
292762 0.0266533 292400 0.0260232 292762 0.0266533 292438 0.0260905 291262 0.0240429 292438 0.0260905 292438 0.0260905 291262 0.0240429 292438 0.0260905 292762 0.0266533 292400 0.0260232 292762 0.0266533
292973 0.0270206 292611 0.0263908 292973 0.0270206 292647 0.0264542 291450 0.0243703 292647 0.0264542 292647 0.0264542 291450 0.0243703 292647 0.0264542 292973 0.0270206 292611 0.0263908 292973 0.0270206
