-0.0264754 -0.000498426 0.000465915 0.466768 -0.00503859 -0.0052852 0.0264754 0.000498426 -0.000465915 -0.466768 -0.00503915 -0.00549576
-0.0500137 -0.000998477 0.000939006 0.94234 -0.0101554 -0.0106001 0.0500137 0.000998477 -0.000939006 -0.94234 -0.0101553 -0.010997
-0.0730688 -0.00149786 0.00141395 1.41774 -0.015292 -0.0159076 0.0730688 0.00149786 -0.00141395 -1.41774 -0.0152918 -0.0164912
-0.0939182 -0.00199367 0.00191191 1.89454 -0.0206774 -0.0211597 0.0939182 0.00199367 -0.00191191 -1.89454 -0.0206773 -0.0219634
-0.103782 -0.0024796 0.00251001 2.36994 -0.0271456 -0.026294 0.103782 0.0024796 -0.00251001 -2.36994 -0.027146 -0.0273396
-0.0968444 -0.00294194 0.00312026 2.84251 -0.0337455 -0.0311868 0.0968444 0.00294194 -0.00312026 -2.84251 -0.0337456 -0.0324474
-0.0894811 -0.00339219 0.00370927 3.30594 -0.0401156 -0.0359903 0.0894811 0.00339219 -0.00370927 -3.30594 -0.040116 -0.0373828
-0.076776 -0.00383165 0.00430192 3.77358 -0.0465252 -0.0407199 0.076776 0.00383165 -0.00430192 -3.77358 -0.0465254 -0.0421588
-0.0674003 -0.00426352 0.0048107 4.17221 -0.0520278 -0.0453684 0.0674003 0.00426352 -0.0048107 -4.17221 -0.0520277 -0.0468516
-0.0538412 -0.00469304 0.0052975 4.5483 -0.0572925 -0.0500179 0.0538412 0.00469304 -0.0052975 -4.5483 -0.0572923 -0.0514925
-0.0371245 -0.00512149 0.00567826 4.83706 -0.0614102 -0.0546948 0.0371245 0.00512149 -0.00567826 -4.83706 -0.0614105 -0.0560831
-0.0242628 -0.00554717 0.00602097 5.08497 -0.0651167 -0.0593368 0.0242628 0.00554717 -0.00602097 -5.08497 -0.0651168 -0.0606485
-0.00888201 -0.00597263 0.0063135 5.30189 -0.0682805 -0.0639879 0.00888201 0.00597263 -0.0063135 -5.30189 -0.0682804 -0.0652002
0.00544333 -0.00639682 0.0065744 5.48219 -0.0711018 -0.068641 -0.00544333 0.00639682 -0.0065744 -5.48219 -0.0711025 -0.0697222
0.0220141 -0.00682083 0.00680392 5.63714 -0.0735845 -0.0733092 -0.0220141 0.00682083 -0.00680392 -5.63714 -0.0735844 -0.0742254
0.0338176 -0.00724667 0.00699057 5.76391 -0.075603 -0.0779649 -0.0338176 0.00724667 -0.00699057 -5.76391 -0.075603 -0.0787806
0.0500654 -0.00767216 0.00707147 5.80335 -0.0764781 -0.0826474 -0.0500654 0.00767216 -0.00707147 -5.80335 -0.0764779 -0.0833014
0.062317 -0.00809806 0.00714511 5.83715 -0.0772744 -0.0873216 -0.062317 0.00809806 -0.00714511 -5.83715 -0.0772742 -0.0878394
0.0717546 -0.00852388 0.0072008 5.84842 -0.0778768 -0.0919899 -0.0717546 0.00852388 -0.0072008 -5.84842 -0.0778764 -0.0923817
0.0839253 -0.00894891 0.00723778 5.85124 -0.0782766 -0.0966476 -0.0839253 0.00894891 -0.00723778 -5.85124 -0.0782766 -0.0969172
0.101465 -0.00937483 0.00722315 5.82307 -0.0781187 -0.101342 -0.101465 0.00937483 -0.00722315 -5.82307 -0.0781182 -0.101435
0.116473 -0.00980122 0.00720672 5.79208 -0.0779407 -0.106028 -0.116473 0.00980122 -0.00720672 -5.79208 -0.0779407 -0.105972
0.129104 -0.0102276 0.00720793 5.76954 -0.0779538 -0.110718 -0.129104 0.0102276 -0.00720793 -5.76954 -0.0779537 -0.110506
0.139341 -0.0106544 0.00718501 5.72728 -0.077706 -0.115407 -0.139341 0.0106544 -0.00718501 -5.72728 -0.0777059 -0.115047
0.152845 -0.0110804 0.00713111 5.66249 -0.077123 -0.120095 -0.152845 0.0110804 -0.00713111 -5.66249 -0.0771229 -0.119575
0.166936 -0.0115066 0.00707382 5.59488 -0.0765035 -0.12478 -0.166936 0.0115066 -0.00707382 -5.59488 -0.0765032 -0.124108
0.181293 -0.0119334 0.00697921 5.51318 -0.0754804 -0.129476 -0.181293 0.0119334 -0.00697921 -5.51318 -0.0754799 -0.128643
0.196924 -0.0123609 0.00689326 5.43148 -0.0745506 -0.13418 -0.196924 0.0123609 -0.00689326 -5.43148 -0.0745505 -0.133185
0.210532 -0.0127888 0.00679487 5.34697 -0.0734865 -0.138879 -0.210532 0.0127888 -0.00679487 -5.34697 -0.0734866 -0.137744
0.225369 -0.0132164 0.00668659 5.26245 -0.0723156 -0.1436 -0.225369 0.0132164 -0.00668659 -5.26245 -0.0723153 -0.142272
0.241102 -0.0136439 0.0065701 5.16667 -0.0710557 -0.148315 -0.241102 0.0136439 -0.0065701 -5.16667 -0.0710555 -0.146803
0.254315 -0.0140722 0.00645324 5.05398 -0.0697919 -0.153017 -0.254315 0.0140722 -0.00645324 -5.05398 -0.0697917 -0.151364
0.26905 -0.0145015 0.00632678 4.9413 -0.0684241 -0.157742 -0.26905 0.0145015 -0.00632678 -4.9413 -0.0684241 -0.155925
0.284385 -0.0149309 0.00618382 4.81171 -0.0668782 -0.162483 -0.284385 0.0149309 -0.00618382 -4.81171 -0.0668779 -0.160473
0.297551 -0.0153618 0.00604646 4.67648 -0.0653922 -0.167239 -0.297551 0.0153618 -0.00604646 -4.67648 -0.0653926 -0.165038
0.311349 -0.0157929 0.00592116 4.54689 -0.0640372 -0.172002 -0.311349 0.0157929 -0.00592116 -4.54689 -0.0640375 -0.169599
0.324464 -0.0162256 0.00579257 4.41731 -0.0626467 -0.176794 -0.324464 0.0162256 -0.00579257 -4.41731 -0.0626467 -0.174166
0.336988 -0.0166593 0.00566707 4.27645 -0.0612894 -0.181595 -0.336988 0.0166593 -0.00566707 -4.27645 -0.0612893 -0.178747
0.351406 -0.017094 0.00552518 4.14122 -0.0597552 -0.186412 -0.351406 0.017094 -0.00552518 -4.14122 -0.0597546 -0.183331
0.362811 -0.0175294 0.00536731 3.9891 -0.0580471 -0.191225 -0.362811 0.0175294 -0.00536731 -3.9891 -0.0580478 -0.187936
0.375083 -0.017965 0.00520872 3.83697 -0.056332 -0.196042 -0.375083 0.017965 -0.00520872 -3.83697 -0.0563326 -0.192542
0.389182 -0.0184013 0.00504763 3.67921 -0.05459 -0.200863 -0.389182 0.0184013 -0.00504763 -3.67921 -0.0545902 -0.197157
0.40388 -0.0188385 0.00487001 3.53835 -0.0526691 -0.205698 -0.40388 0.0188385 -0.00487001 -3.53835 -0.0526692 -0.201779
0.417443 -0.0192761 0.00468792 3.39186 -0.0506996 -0.210529 -0.417443 0.0192761 -0.00468792 -3.39186 -0.0507002 -0.206413
0.431046 -0.0197144 0.00449248 3.2679 -0.0485865 -0.215373 -0.431046 0.0197144 -0.00449248 -3.2679 -0.0485859 -0.211048
0.445203 -0.0201529 0.00428484 3.14395 -0.046341 -0.220232 -0.445203 0.0201529 -0.00428484 -3.14395 -0.0463401 -0.215676
0.458122 -0.0205909 0.00408658 3.0369 -0.044197 -0.225075 -0.458122 0.0205909 -0.00408658 -3.0369 -0.0441956 -0.220307
0.470161 -0.0210283 0.0038882 2.92421 -0.0420508 -0.229909 -0.470161 0.0210283 -0.0038882 -2.92421 -0.042051 -0.224934
0.481586 -0.021465 0.00371225 2.82279 -0.0401475 -0.234729 -0.481586 0.021465 -0.00371225 -2.82279 -0.0401485 -0.22956
0.491961 -0.0219007 0.00350022 2.71011 -0.0378543 -0.239545 -0.491961 0.0219007 -0.00350022 -2.71011 -0.0378554 -0.234166
0.500961 -0.0223348 0.00332115 2.61432 -0.0359182 -0.244331 -0.500961 0.0223348 -0.00332115 -2.61432 -0.0359182 -0.238772
0.510108 -0.0227671 0.00312692 2.50727 -0.0338172 -0.249109 -0.510108 0.0227671 -0.00312692 -2.50727 -0.0338181 -0.243344
0.518265 -0.0231982 0.00293072 2.40585 -0.0316954 -0.253866 -0.518265 0.0231982 -0.00293072 -2.40585 -0.0316961 -0.24791
0.526186 -0.0236281 0.00273079 2.31007 -0.0295335 -0.258611 -0.526186 0.0236281 -0.00273079 -2.31007 -0.0295335 -0.252466
0.535026 -0.0240569 0.00248447 2.19738 -0.0268698 -0.263368 -0.535026 0.0240569 -0.00248447 -2.19738 -0.0268693 -0.256983
0.543359 -0.0244849 0.00224307 2.0847 -0.0242589 -0.26811 -0.543359 0.0244849 -0.00224307 -2.0847 -0.0242588 -0.261498
0.550936 -0.024914 0.00201168 1.98328 -0.0217564 -0.272855 -0.550936 0.024914 -0.00201168 -1.98328 -0.0217562 -0.266034
0.559848 -0.0253423 0.00177518 1.85933 -0.0191984 -0.277609 -0.559848 0.0253423 -0.00177518 -1.85933 -0.0191988 -0.270546
0.566894 -0.0257708 0.00154554 1.75791 -0.0167155 -0.282351 -0.566894 0.0257708 -0.00154554 -1.75791 -0.0167144 -0.275071
0.574481 -0.0261995 0.00127199 1.62268 -0.0137565 -0.287125 -0.574481 0.0261995 -0.00127199 -1.62268 -0.0137568 -0.279571
0.581706 -0.0266281 0.00100806 1.52127 -0.0109023 -0.291899 -0.581706 0.0266281 -0.00100806 -1.52127 -0.010902 -0.284067
0.588052 -0.0270564 0.00076935 1.39731 -0.00831996 -0.296651 -0.588052 0.0270564 -0.00076935 -1.39731 -0.00832109 -0.288579
0.593507 -0.0274852 0.000550452 1.29589 -0.00595328 -0.301391 -0.593507 0.0274852 -0.000550452 -1.29589 -0.00595301 -0.293113
0.599637 -0.027913 0.000296244 1.18321 -0.00320358 -0.306131 -0.599637 0.027913 -0.000296244 -1.18321 -0.00320418 -0.297628
0.605961 -0.0283408 4.92734e-005 1.08179 -0.000533831 -0.310872 -0.605961 0.0283408 -4.92734e-005 -1.08179 -0.000531952 -0.302139
0.61105 -0.0287682 -0.000203623 0.980371 0.00220226 -0.315613 -0.61105 0.0287682 0.000203623 -0.980371 0.0022021 -0.306642
0.614209 -0.0291945 -0.000433297 0.890222 0.00468601 -0.320333 -0.614209 0.0291945 0.000433297 -0.890222 0.00468619 -0.311145
0.614938 -0.0296192 -0.000628732 0.833879 0.00679977 -0.325015 -0.614938 0.0296192 0.000628732 -0.833879 0.0067997 -0.315647
0.613754 -0.0300409 -0.000784357 0.777536 0.00848275 -0.329656 -0.613754 0.0300409 0.000784357 -0.777536 0.0084829 -0.320129
0.610145 -0.0304591 -0.000978053 0.74373 0.0105776 -0.334269 -0.610145 0.0304591 0.000978053 -0.74373 0.0105777 -0.32456
0.603147 -0.0308734 -0.001101 0.709924 0.0119073 -0.338797 -0.603147 0.0308734 0.001101 -0.709924 0.0119072 -0.328994
0.596619 -0.031281 -0.00124455 0.676118 0.01346 -0.343276 -0.596619 0.031281 0.00124455 -0.676118 0.0134597 -0.333332
0.590016 -0.0316827 -0.0013878 0.66485 0.0150091 -0.347692 -0.590016 0.0316827 0.0013878 -0.66485 0.0150091 -0.337605
0.583549 -0.0320806 -0.00148983 0.642312 0.0161125 -0.352036 -0.583549 0.0320806 0.00148983 -0.642312 0.0161126 -0.341869
0.579533 -0.032473 -0.00160887 0.619775 0.0173999 -0.356333 -0.579533 0.032473 0.00160887 -0.619775 0.0173998 -0.346059
0.577407 -0.0328647 -0.00174562 0.585969 0.0188787 -0.360633 -0.577407 0.0328647 0.00174562 -0.585969 0.018879 -0.350231
0.575146 -0.0332549 -0.00189754 0.529626 0.020522 -0.364902 -0.575146 0.0332549 0.00189754 -0.529626 0.0205217 -0.354401
0.573695 -0.0336432 -0.00210348 0.450745 0.022749 -0.369174 -0.573695 0.0336432 0.00210348 -0.450745 0.0227492 -0.358529
0.574118 -0.0340314 -0.00229589 0.383134 0.02483 -0.373443 -0.574118 0.0340314 0.00229589 -0.383134 0.0248301 -0.362656
0.574059 -0.0344185 -0.00257102 0.281716 0.0278057 -0.377731 -0.574059 0.0344185 0.00257102 -0.281716 0.0278055 -0.36674
0.574128 -0.0348043 -0.00293218 0.16903 0.0317116 -0.382052 -0.574128 0.0348043 0.00293218 -0.16903 0.0317114 -0.370766
0.574636 -0.0351908 -0.00323243 0.0676118 0.0349594 -0.386348 -0.574636 0.0351908 0.00323243 -0.0676118 0.034958 -0.37483
0.574503 -0.0355763 -0.00352527 -0.0338059 0.0381263 -0.390621 -0.574503 0.0355763 0.00352527 0.0338059 0.0381252 -0.378895
0.574617 -0.0359592 -0.00385487 -0.146492 0.0416905 -0.394888 -0.574617 0.0359592 0.00385487 0.146492 0.0416904 -0.38291
0.575178 -0.0363431 -0.00417885 -0.24791 0.0451943 -0.399179 -0.575178 0.0363431 0.00417885 0.24791 0.0451943 -0.386922
0.57406 -0.0367237 -0.00450938 -0.360596 0.0487687 -0.403428 -0.57406 0.0367237 0.00450938 0.360596 0.0487691 -0.390906
0.57208 -0.0371072 -0.00488365 -0.462014 0.052817 -0.407718 -0.57208 0.0371072 0.00488365 0.462014 0.0528164 -0.394911
0.571336 -0.0374874 -0.0052452 -0.5747 0.0567273 -0.411973 -0.571336 0.0374874 0.0052452 0.5747 0.0567264 -0.39888
0.571981 -0.037868 -0.00555674 -0.687387 0.0600963 -0.416197 -0.571981 0.037868 0.00555674 0.687387 0.060096 -0.402886
0.572153 -0.0382434 -0.00592484 -0.800073 0.0640767 -0.420384 -0.572153 0.0382434 0.00592484 0.800073 0.0640776 -0.40682
0.573462 -0.0386259 -0.00627539 -0.924028 0.0678684 -0.424666 -0.573462 0.0386259 0.00627539 0.924028 0.0678682 -0.410812
0.574909 -0.0390047 -0.00664386 -1.04798 0.0718537 -0.428913 -0.574909 0.0390047 0.00664386 1.04798 0.0718529 -0.414758
0.575328 -0.0393849 -0.00700963 -1.16067 0.075809 -0.433165 -0.575328 0.0393849 0.00700963 1.16067 0.0758092 -0.418731
0.576628 -0.0397631 -0.00739845 -1.28462 0.0800146 -0.437419 -0.576628 0.0397631 0.00739845 1.28462 0.0800138 -0.422657
0.577438 -0.0401428 -0.00768583 -1.37477 0.0831228 -0.441631 -0.577438 0.0401428 0.00768583 1.37477 0.0831218 -0.426658
0.577095 -0.0405207 -0.0080726 -1.48746 0.0873052 -0.445873 -0.577095 0.0405207 0.0080726 1.48746 0.0873052 -0.430591
0.576687 -0.0409005 -0.00834605 -1.58888 0.0902628 -0.450076 -0.576687 0.0409005 0.00834605 1.58888 0.0902622 -0.434603
0.57434 -0.0412752 -0.00868793 -1.6903 0.0939601 -0.454247 -0.57434 0.0412752 0.00868793 1.6903 0.0939598 -0.438535
0.572535 -0.041654 -0.00899747 -1.78044 0.097308 -0.458465 -0.572535 0.041654 0.00899747 1.78044 0.0973072 -0.442512
0.568645 -0.0420292 -0.00934931 -1.87059 0.101113 -0.462659 -0.568645 0.0420292 0.00934931 1.87059 0.101113 -0.446433
0.563448 -0.042405 -0.00966624 -1.94947 0.10454 -0.466839 -0.563448 0.042405 0.00966624 1.94947 0.104541 -0.45038
0.556078 -0.042777 -0.00996216 -2.00582 0.107741 -0.470963 -0.556078 0.042777 0.00996216 2.00582 0.107741 -0.454303
0.545835 -0.0431489 -0.0102247 -2.06216 0.110581 -0.475056 -0.545835 0.0431489 0.0102247 2.06216 0.11058 -0.458254
0.535732 -0.0435161 -0.0104698 -2.10724 0.113231 -0.479106 -0.535732 0.0435161 0.0104698 2.10724 0.113231 -0.462147
0.52383 -0.0438783 -0.0107554 -2.12977 0.116319 -0.483121 -0.52383 0.0438783 0.0107554 2.12977 0.116319 -0.465966
0.508771 -0.0442395 -0.0110544 -2.17485 0.119553 -0.487101 -0.508771 0.0442395 0.0110544 2.17485 0.119553 -0.469799
0.495842 -0.0445952 -0.0112809 -2.19738 0.122003 -0.49101 -0.495842 0.0445952 0.0112809 2.19738 0.122003 -0.473584
0.482615 -0.0449515 -0.0114934 -2.21992 0.124301 -0.494905 -0.482615 0.0449515 0.0114934 2.21992 0.124301 -0.477397
0.470487 -0.0453033 -0.0117637 -2.25373 0.127226 -0.498779 -0.470487 0.0453033 0.0117637 2.25373 0.127224 -0.481131
0.459799 -0.0456514 -0.0119485 -2.27626 0.129223 -0.502569 -0.459799 0.0456514 0.0119485 2.27626 0.129223 -0.484871
0.450841 -0.0459968 -0.0121766 -2.32134 0.13169 -0.506358 -0.450841 0.0459968 0.0121766 2.32134 0.13169 -0.488554
0.442207 -0.0463387 -0.0124236 -2.36641 0.134362 -0.51011 -0.442207 0.0463387 0.0124236 2.36641 0.134361 -0.492196
0.434879 -0.046684 -0.0125922 -2.41149 0.136185 -0.51385 -0.434879 0.046684 0.0125922 2.41149 0.136185 -0.495924
0.428442 -0.0470249 -0.0128509 -2.4791 0.138984 -0.517596 -0.428442 0.0470249 0.0128509 2.4791 0.138982 -0.499552
0.422404 -0.0473662 -0.0130639 -2.54671 0.141286 -0.521317 -0.422404 0.0473662 0.0130639 2.54671 0.141286 -0.503215
0.416825 -0.0477052 -0.0133016 -2.62559 0.143857 -0.525023 -0.416825 0.0477052 0.0133016 2.62559 0.143857 -0.506839
0.411778 -0.0480465 -0.0135868 -2.70447 0.146941 -0.528782 -0.411778 0.0480465 0.0135868 2.70447 0.146942 -0.510463
0.406984 -0.0483867 -0.0138285 -2.77208 0.149555 -0.532499 -0.406984 0.0483867 0.0138285 2.77208 0.149555 -0.514105
0.401386 -0.048726 -0.0141795 -2.88477 0.153351 -0.536251 -0.401386 0.048726 0.0141795 2.88477 0.153351 -0.517691
0.395315 -0.049064 -0.0145775 -2.99746 0.157655 -0.540008 -0.395315 0.049064 0.0145775 2.99746 0.157656 -0.521247
0.391125 -0.0494026 -0.0149297 -3.11014 0.161465 -0.543763 -0.391125 0.0494026 0.0149297 3.11014 0.161465 -0.524816
0.386451 -0.0497432 -0.0152946 -3.22283 0.165412 -0.547541 -0.386451 0.0497432 0.0152946 3.22283 0.165411 -0.528405
0.382501 -0.0500822 -0.0156561 -3.31298 0.169321 -0.551307 -0.382501 0.0500822 0.0156561 3.31298 0.169321 -0.53197
0.377992 -0.0504228 -0.0160491 -3.42567 0.173571 -0.5551 -0.377992 0.0504228 0.0160491 3.42567 0.173571 -0.535546
0.373874 -0.0507641 -0.0163871 -3.51581 0.177227 -0.558865 -0.373874 0.0507641 0.0163871 3.51581 0.177227 -0.539163
0.370242 -0.0511041 -0.0167333 -3.65104 0.180971 -0.562629 -0.370242 0.0511041 0.0167333 3.65104 0.180971 -0.542753
0.365876 -0.0514412 -0.0170999 -3.71865 0.184935 -0.566375 -0.365876 0.0514412 0.0170999 3.71865 0.184935 -0.546298
0.358079 -0.0517794 -0.0175919 -3.85387 0.190256 -0.570175 -0.358079 0.0517794 0.0175919 3.85387 0.190256 -0.549813
0.351253 -0.0521175 -0.018032 -3.96656 0.195016 -0.573953 -0.351253 0.0521175 0.018032 3.96656 0.195016 -0.553349
0.344299 -0.0524576 -0.0184029 -4.07925 0.199027 -0.5777 -0.344299 0.0524576 0.0184029 4.07925 0.199027 -0.556958
0.338546 -0.0527939 -0.018872 -4.21447 0.204101 -0.581474 -0.338546 0.0527939 0.018872 4.21447 0.204101 -0.560459
0.3334 -0.0531338 -0.0192027 -4.32716 0.207677 -0.585207 -0.3334 0.0531338 0.0192027 4.32716 0.207677 -0.564077
0.328901 -0.0534675 -0.0196217 -4.41731 0.212208 -0.588933 -0.328901 0.0534675 0.0196217 4.41731 0.212208 -0.567569
0.324747 -0.0538046 -0.0199415 -4.52999 0.215667 -0.592642 -0.324747 0.0538046 0.0199415 4.52999 0.215667 -0.57115
0.318181 -0.0541404 -0.0204252 -4.66522 0.220899 -0.596407 -0.318181 0.0541404 0.0204252 4.66522 0.220899 -0.57465
0.313892 -0.0544755 -0.0207921 -4.75536 0.224867 -0.600131 -0.313892 0.0544755 0.0207921 4.75536 0.224867 -0.578175
0.310463 -0.054811 -0.0210481 -4.86805 0.227635 -0.603803 -0.310463 0.054811 0.0210481 4.86805 0.227635 -0.581759
0.304372 -0.0551469 -0.0214767 -4.9582 0.232271 -0.607552 -0.304372 0.0551469 0.0214767 4.9582 0.23227 -0.585275
0.299055 -0.0554827 -0.0218681 -5.07089 0.236503 -0.611287 -0.299055 0.0554827 0.0218681 5.07089 0.236503 -0.588804
0.29495 -0.0558187 -0.0221987 -5.18357 0.240078 -0.615004 -0.29495 0.0558187 0.0221987 5.18357 0.240079 -0.592355
0.290045 -0.0561552 -0.0225574 -5.29626 0.243958 -0.618732 -0.290045 0.0561552 0.0225574 5.29626 0.243958 -0.595905
0.284806 -0.0564882 -0.0229399 -5.40895 0.248095 -0.622429 -0.284806 0.0564882 0.0229399 5.40895 0.248095 -0.59941
0.280225 -0.0568263 -0.0233189 -5.49909 0.252194 -0.626193 -0.280225 0.0568263 0.0233189 5.49909 0.252193 -0.602959
0.276349 -0.0571583 -0.0236487 -5.61178 0.25576 -0.62987 -0.276349 0.0571583 0.0236487 5.61178 0.25576 -0.606464
0.269273 -0.0574938 -0.0241299 -5.747 0.260964 -0.633634 -0.269273 0.0574938 0.0241299 5.747 0.260965 -0.609958
0.263997 -0.0578301 -0.024476 -5.85969 0.264708 -0.637347 -0.263997 0.0578301 0.024476 5.85969 0.264707 -0.613518
0.259297 -0.0581649 -0.0248591 -5.94984 0.268851 -0.641076 -0.259297 0.0581649 0.0248591 5.94984 0.268851 -0.617032
0.255696 -0.0584993 -0.0251386 -6.06253 0.271874 -0.64475 -0.255696 0.0584993 0.0251386 6.06253 0.271874 -0.620589
0.250331 -0.0588319 -0.025583 -6.17521 0.276681 -0.648482 -0.250331 0.0588319 0.025583 6.17521 0.27668 -0.624051
0.244812 -0.059166 -0.0259808 -6.2879 0.280982 -0.6522 -0.244812 0.059166 0.0259808 6.2879 0.280982 -0.627561
0.23904 -0.0595011 -0.0264045 -6.42312 0.285565 -0.655943 -0.23904 0.0595011 0.0264045 6.42312 0.285565 -0.631067
0.23414 -0.0598337 -0.0267598 -6.51327 0.289408 -0.659628 -0.23414 0.0598337 0.0267598 6.51327 0.289408 -0.634575
0.228879 -0.0601656 -0.0271259 -6.6485 0.293366 -0.663303 -0.228879 0.0601656 0.0271259 6.6485 0.293366 -0.638078
0.224809 -0.0605039 -0.027448 -6.73864 0.29685 -0.667044 -0.224809 0.0605039 0.027448 6.73864 0.29685 -0.641654
0.21987 -0.0608368 -0.027853 -6.85133 0.30123 -0.670761 -0.21987 0.0608368 0.027853 6.85133 0.30123 -0.645139
0.214386 -0.0611713 -0.0282505 -6.98655 0.305529 -0.674479 -0.214386 0.0611713 0.0282505 6.98655 0.305529 -0.648656
0.209412 -0.0615016 -0.0286763 -7.09924 0.310134 -0.678173 -0.209412 0.0615016 0.0286763 7.09924 0.310134 -0.652106
0.203817 -0.0618385 -0.0290741 -7.21193 0.314437 -0.681914 -0.203817 0.0618385 0.0290741 7.21193 0.314437 -0.655654
0.196459 -0.0621709 -0.0296232 -7.34715 0.320375 -0.68568 -0.196459 0.0621709 0.0296232 7.34715 0.320376 -0.659076
0.191896 -0.0625035 -0.0300403 -7.45984 0.324885 -0.689384 -0.191896 0.0625035 0.0300403 7.45984 0.324885 -0.662568
0.186717 -0.0628393 -0.0304245 -7.59506 0.329041 -0.693106 -0.186717 0.0628393 0.0304245 7.59506 0.32904 -0.666108
0.181183 -0.0631693 -0.0308721 -7.70775 0.333882 -0.696798 -0.181183 0.0631693 0.0308721 7.70775 0.333882 -0.669555
0.174778 -0.0635056 -0.0313033 -7.82043 0.338545 -0.700537 -0.174778 0.0635056 0.0313033 7.82043 0.338545 -0.673088
0.167199 -0.0638344 -0.0317829 -7.95566 0.343732 -0.704224 -0.167199 0.0638344 0.0317829 7.95566 0.343731 -0.676514
0.15954 -0.0641645 -0.032267 -8.06834 0.348968 -0.707931 -0.15954 0.0641645 0.032267 8.06834 0.348968 -0.679946
0.15234 -0.0644973 -0.0327138 -8.18103 0.3538 -0.711651 -0.15234 0.0644973 0.0327138 8.18103 0.353799 -0.683425
0.144739 -0.0648283 -0.0331608 -8.31625 0.358634 -0.715346 -0.144739 0.0648283 0.0331608 8.31625 0.358633 -0.68689
0.137303 -0.065157 -0.0336397 -8.42894 0.363814 -0.719036 -0.137303 0.065157 0.0336397 8.42894 0.363813 -0.690309
0.129036 -0.0654876 -0.0341354 -8.56416 0.369175 -0.722745 -0.129036 0.0654876 0.0341354 8.56416 0.369174 -0.693752
0.120773 -0.0658178 -0.0346219 -8.69939 0.374436 -0.726443 -0.120773 0.0658178 0.0346219 8.69939 0.374436 -0.697196
0.112367 -0.0661451 -0.0351317 -8.81207 0.379949 -0.730122 -0.112367 0.0661451 0.0351317 8.81207 0.37995 -0.700597
0.103832 -0.0664771 -0.0356019 -8.9473 0.385034 -0.733824 -0.103832 0.0664771 0.0356019 8.9473 0.385034 -0.704075
0.0964913 -0.0668047 -0.0360579 -9.05998 0.389966 -0.737487 -0.0964913 0.0668047 0.0360579 9.05998 0.389966 -0.707499
0.0895353 -0.0671353 -0.0365368 -9.19521 0.395145 -0.741202 -0.0895353 0.0671353 0.0365368 9.19521 0.395145 -0.710935
0.0816711 -0.0674635 -0.0370585 -9.33043 0.400788 -0.744897 -0.0816711 0.0674635 0.0370585 9.33043 0.400788 -0.714338
0.0766255 -0.06779 -0.0374469 -9.44312 0.404988 -0.74852 -0.0766255 0.06779 0.0374469 9.44312 0.404988 -0.717779
0.0709068 -0.0681149 -0.0379354 -9.57834 0.410271 -0.752171 -0.0709068 0.0681149 0.0379354 9.57834 0.410271 -0.721153
0.0642059 -0.0684447 -0.0384518 -9.7361 0.415857 -0.755875 -0.0642059 0.0684447 0.0384518 9.7361 0.415857 -0.724584
0.0578852 -0.0687722 -0.0389579 -9.87133 0.42133 -0.759552 -0.0578852 0.0687722 0.0389579 9.87133 0.42133 -0.72799
0.0486082 -0.0690989 -0.0395736 -10.0291 0.427988 -0.763246 -0.0486082 0.0690989 0.0395736 10.0291 0.427989 -0.731364
0.0418077 -0.0694265 -0.0401155 -10.1868 0.433849 -0.76694 -0.0418077 0.0694265 0.0401155 10.1868 0.433849 -0.734755
0.0337709 -0.0697575 -0.0406082 -10.3221 0.439178 -0.770621 -0.0337709 0.0697575 0.0406082 10.3221 0.439178 -0.738233
0.0276359 -0.0700854 -0.0410664 -10.4573 0.444134 -0.774285 -0.0276359 0.0700854 0.0410664 10.4573 0.444134 -0.741662
0.0191367 -0.070411 -0.0416533 -10.6151 0.450481 -0.777955 -0.0191367 0.070411 0.0416533 10.6151 0.450481 -0.745035
0.00972453 -0.0707427 -0.0422076 -10.7954 0.456476 -0.781663 -0.00972453 0.0707427 0.0422076 10.7954 0.456476 -0.748503
0.00207175 -0.0710706 -0.0426941 -10.9306 0.461736 -0.785315 -0.00207175 0.0710706 0.0426941 10.9306 0.461736 -0.751943
-0.00679426 -0.0713989 -0.0433067 -11.0883 0.468361 -0.78903 0.00679426 0.0713989 0.0433067 11.0883 0.468362 -0.755327
-0.01465 -0.0717276 -0.0438151 -11.2461 0.47386 -0.792702 0.01465 0.0717276 0.0438151 11.2461 0.47386 -0.758766
-0.0247265 -0.0720494 -0.0444376 -11.4039 0.480593 -0.796358 0.0247265 0.0720494 0.0444376 11.4039 0.480592 -0.762072
-0.0338983 -0.0723776 -0.0449808 -11.5391 0.486467 -0.800046 0.0338983 0.0723776 0.0449808 11.5391 0.486468 -0.765482
-0.0456972 -0.0727027 -0.0455524 -11.7194 0.492649 -0.803692 0.0456972 0.0727027 0.0455524 11.7194 0.492649 -0.768867
-0.0564762 -0.0730289 -0.046148 -11.8546 0.499091 -0.807385 0.0564762 0.0730289 0.046148 11.8546 0.499091 -0.77223
-0.0655357 -0.0733539 -0.046655 -12.0124 0.504574 -0.811019 0.0655357 0.0733539 0.046655 12.0124 0.504573 -0.775626
-0.0775261 -0.073677 -0.0473163 -12.1701 0.511726 -0.814696 0.0775261 0.073677 0.0473163 12.1701 0.511726 -0.778938
-0.088728 -0.0740022 -0.0478319 -12.3054 0.517302 -0.818324 0.088728 0.0740022 0.0478319 12.3054 0.517302 -0.782343
-0.0978944 -0.074325 -0.0483701 -12.4406 0.523123 -0.821965 0.0978944 0.074325 0.0483701 12.4406 0.523123 -0.785685
-0.108347 -0.0746497 -0.0489407 -12.5983 0.529294 -0.825629 0.108347 0.0746497 0.0489407 12.5983 0.529294 -0.789044
-0.118065 -0.0749764 -0.0493744 -12.711 0.533984 -0.829247 0.118065 0.0749764 0.0493744 12.711 0.533984 -0.792492
-0.130193 -0.0752989 -0.050023 -12.8913 0.540999 -0.832911 0.130193 0.0752989 0.050023 12.8913 0.540998 -0.795804
-0.139666 -0.0756249 -0.0504936 -13.0265 0.546088 -0.836538 0.139666 0.0756249 0.0504936 13.0265 0.546088 -0.79923
