-4.05987e-005 3.22825e-005 3.87543e-005 2.70447e-012
-4.06564e-005 6.43698e-005 7.7655e-005 5.46835e-012
-4.07108e-005 9.65938e-005 0.000116652 8.19283e-012
-4.04235e-005 0.000131185 0.000158053 1.08565e-011
-3.87011e-005 0.000169754 0.000208583 1.3178e-011
-3.46832e-005 0.000218661 0.000265635 1.4279e-011
-2.95738e-005 0.000270115 0.000323987 1.46653e-011
-2.40766e-005 0.000318771 0.000378571 1.43136e-011
-1.84241e-005 0.00036433 0.000430154 1.35384e-011
-1.24873e-005 0.000409405 0.000480396 1.28131e-011
-6.36926e-006 0.000453326 0.000529781 1.19653e-011
-1.02313e-007 0.00049681 0.000577853 1.11639e-011
6.22478e-006 0.000539905 0.000624747 1.03533e-011
1.25284e-005 0.000581577 0.000670263 9.46753e-012
1.89376e-005 0.000623364 0.000714756 8.54258e-012
2.52685e-005 0.00066467 0.000757179 7.99948e-012
3.1508e-005 0.000704549 0.000798877 7.13762e-012
3.77955e-005 0.000744796 0.000840017 6.4798e-012
4.40338e-005 0.000784846 0.000879589 5.87814e-012
5.02569e-005 0.000823801 0.000918585 5.21654e-012
5.64908e-005 0.000862118 0.000957707 4.36911e-012
6.27487e-005 0.000900638 0.000996644 3.70716e-012
6.89741e-005 0.00093926 0.00103461 3.09486e-012
7.50389e-005 0.000976972 0.00107115 2.47748e-012
8.10629e-005 0.0010136 0.00110759 1.74342e-012
8.71655e-005 0.00105049 0.00114421 1.0559e-012
9.31931e-005 0.00108761 0.00117963 3.76537e-013
9.93104e-005 0.00112479 0.00121546 -2.27526e-013
0.000105444 0.00116212 0.0012513 -7.19958e-013
0.000111453 0.00119909 0.001286 -1.45871e-012
0.000117282 0.00123479 0.00131997 -2.22152e-012
0.000123123 0.00127042 0.00135405 -2.78571e-012
0.000128992 0.00130574 0.00138841 -3.39649e-012
0.000134915 0.00134087 0.00142311 -4.09861e-012
0.000140774 0.0013761 0.00145727 -4.66459e-012
0.000146705 0.00141124 0.00149179 -5.20524e-012
0.000152636 0.00144635 0.00152619 -5.72348e-012
0.000158637 0.00148152 0.00156087 -6.16719e-012
0.000164616 0.00151666 0.00159522 -6.70889e-012
0.000170626 0.00155207 0.00162929 -7.14919e-012
0.000176553 0.00158707 0.00166244 -7.62012e-012
0.000182501 0.00162189 0.00169565 -8.10391e-012
0.000188523 0.00165675 0.00172936 -8.5823e-012
0.000194521 0.00169202 0.0017628 -9.01946e-012
0.000200678 0.00172749 0.00179709 -9.45411e-012
0.00020689 0.00176336 0.0018315 -9.95801e-012
0.000213222 0.00180007 0.00186636 -1.04113e-011
0.000219826 0.00183767 0.00190248 -1.08325e-011
0.000226724 0.00187645 0.00193994 -1.12015e-011
0.000233869 0.00191644 0.00197825 -1.1636e-011
0.000241444 0.00195813 0.00201854 -1.19501e-011
0.000249317 0.00200121 0.00206003 -1.23963e-011
0.000257545 0.00204572 0.00210308 -1.27919e-011
0.000266038 0.00209135 0.00214729 -1.31536e-011
0.000274601 0.00213747 0.00219159 -1.36968e-011
0.000283391 0.00218434 0.00223704 -1.41368e-011
0.000292195 0.00223151 0.00228239 -1.43863e-011
0.000301106 0.00227885 0.00232837 -1.4741e-011
0.000310064 0.00232657 0.0023745 -1.49503e-011
0.000319039 0.00237399 0.00242064 -1.53242e-011
0.00032803 0.00242139 0.00246673 -1.57218e-011
0.000337169 0.0024688 0.0025135 -1.59955e-011
0.000346458 0.00251653 0.00256057 -1.61211e-011
0.000355958 0.00256502 0.00260801 -1.63883e-011
0.00036557 0.00261398 0.00265555 -1.66818e-011
0.000375348 0.00266345 0.00270377 -1.69855e-011
0.00038539 0.00271388 0.00275311 -1.72124e-011
0.000395832 0.00276577 0.00280416 -1.73265e-011
0.000406763 0.00281954 0.00285718 -1.73753e-011
0.000418203 0.00287531 0.0029119 -1.758e-011
0.000430574 0.00293463 0.00297034 -1.75462e-011
0.00044383 0.00299731 0.0030319 -1.79269e-011
0.000458272 0.00306413 0.00309797 -1.84771e-011
0.000473784 0.00313507 0.00316794 -1.88554e-011
0.000490123 0.00320928 0.00324088 -1.94825e-011
0.000506961 0.00328526 0.00331541 -2.00637e-011
0.000524164 0.00336293 0.00339115 -2.04832e-011
0.000541759 0.00344165 0.00346857 -2.0905e-011
0.0005593 0.00352071 0.0035457 -2.12086e-011
0.00057684 0.0035998 0.00362279 -2.15801e-011
0.000594305 0.00367857 0.00369955 -2.21787e-011
0.000611787 0.00375796 0.00377663 -2.24747e-011
0.000629463 0.0038382 0.00385484 -2.26233e-011
0.000647087 0.00391869 0.00393294 -2.30466e-011
0.000664677 0.00399902 0.00401112 -2.35301e-011
0.000682405 0.00408034 0.00409011 -2.4133e-011
0.000699773 0.00416072 0.00416747 -2.46261e-011
0.000717604 0.00424234 0.00424657 -2.5307e-011
0.000736168 0.00432559 0.00432731 -2.55935e-011
0.000754805 0.00440944 0.00440842 -2.60141e-011
0.000773031 0.00449141 0.00448791 -2.65436e-011
0.00079139 0.00457395 0.00456806 -2.71899e-011
0.000809534 0.00465599 0.00464727 -2.76271e-011
0.000827516 0.00473768 0.0047258 -2.84878e-011
0.000845805 0.00482031 0.00480602 -2.87296e-011
0.000863902 0.00490201 0.00488523 -2.93858e-011
0.00088211 0.00498437 0.00496516 -2.95293e-011
0.000900514 0.00506734 0.00504604 -2.99629e-011
0.000918485 0.00514888 0.00512466 -3.04375e-011
0.000936804 0.00523119 0.0052049 -3.10265e-011
0.000955034 0.00531361 0.00528448 -3.15046e-011
0.00097379 0.00539774 0.00536636 -3.19105e-011
0.000992756 0.00548286 0.0054488 -3.19833e-011
0.00101219 0.00556969 0.00553293 -3.24666e-011
0.00103212 0.0056583 0.00561854 -3.32571e-011
0.00105243 0.00574872 0.00570485 -3.3749e-011
0.001074 0.00584299 0.00579616 -3.44702e-011
0.00109595 0.00593906 0.00588778 -3.49663e-011
0.00111858 0.00603753 0.00598132 -3.59558e-011
0.00114263 0.00614051 0.00608039 -3.66545e-011
0.00116702 0.00624497 0.00618004 -3.77687e-011
0.00119227 0.00635203 0.00628293 -3.88873e-011
0.00121798 0.00646056 0.00638752 -3.94174e-011
0.00124389 0.00656967 0.00649259 -4.05123e-011
0.00127031 0.0066803 0.0065999 -4.11307e-011
0.00129715 0.00679201 0.0067091 -4.18075e-011
0.00132324 0.00690181 0.00681455 -4.26311e-011
0.00135012 0.00701367 0.0069239 -4.30442e-011
0.00137656 0.0071243 0.0070311 -4.37503e-011
0.00140319 0.00723516 0.0071392 -4.43648e-011
0.00142969 0.00734596 0.00724675 -4.49031e-011
0.001456 0.00745611 0.00735342 -4.51933e-011
0.00148242 0.00756672 0.00746067 -4.56773e-011
0.00150865 0.00767655 0.00756702 -4.60662e-011
0.00153518 0.00778744 0.00767498 -4.60392e-011
0.00156167 0.00789834 0.0077827 -4.63125e-011
0.00158837 0.00800989 0.00789133 -4.68156e-011
0.00161433 0.00811932 0.00799624 -4.74138e-011
0.00164037 0.00822938 0.00810119 -4.80238e-011
0.00166679 0.00834082 0.00820713 -4.79303e-011
0.00169314 0.0084518 0.00831207 -4.87829e-011
0.00171995 0.00856432 0.00841867 -4.87308e-011
0.00174699 0.00867733 0.00852597 -4.96133e-011
0.00177424 0.00879097 0.00863404 -4.97986e-011
0.00180133 0.00890313 0.00874115 -5.04409e-011
0.00182886 0.00901665 0.00885036 -5.10275e-011
0.00185712 0.00913222 0.00896306 -5.11011e-011
0.00188458 0.00924513 0.00907196 -5.15518e-011
0.00191212 0.00935851 0.00918126 -5.19884e-011
0.00193992 0.00947266 0.0092919 -5.23376e-011
0.00196756 0.00958641 0.00940176 -5.26405e-011
0.0019954 0.00970108 0.00951257 -5.31513e-011
0.00202252 0.00981348 0.00962009 -5.36518e-011
0.00205083 0.00992935 0.00973329 -5.41774e-011
0.00207803 0.0100419 0.00984116 -5.47157e-011
0.00210558 0.0101561 0.00995074 -5.48808e-011
0.00213316 0.01027 0.0100606 -5.54551e-011
0.0021615 0.0103862 0.0101741 -5.56236e-011
0.00218894 0.0104999 0.0102833 -5.65082e-011
0.00221657 0.0106142 0.0103934 -5.69701e-011
0.002244 0.0107278 0.0105027 -5.7478e-011
0.00227221 0.0108437 0.0106157 -5.78198e-011
0.00230018 0.0109595 0.0107276 -5.82172e-011
0.00232766 0.0110734 0.0108373 -5.84036e-011
0.00235537 0.0111882 0.0109481 -5.90315e-011
0.00238311 0.011303 0.0110591 -5.91601e-011
0.0024112 0.0114189 0.0111718 -5.97647e-011
0.00243855 0.0115328 0.011281 -5.97866e-011
0.00246579 0.0116461 0.0113898 -6.04453e-011
0.00249346 0.0117612 0.0115004 -6.10294e-011
0.00252098 0.0118759 0.0116105 -6.11346e-011
0.00254888 0.0119917 0.0117224 -6.17354e-011
0.00257622 0.0121059 0.0118317 -6.17926e-011
0.00260427 0.0122221 0.0119442 -6.23332e-011
0.0026318 0.0123372 0.0120542 -6.30074e-011
0.00265915 0.0124519 0.0121635 -6.34602e-011
0.00268688 0.0125677 0.0122747 -6.38348e-011
0.00271465 0.0126836 0.0123861 -6.45516e-011
0.00274219 0.0127989 0.0124964 -6.50674e-011
0.00276983 0.0129146 0.0126072 -6.55304e-011
0.00279787 0.0130313 0.01272 -6.61683e-011
0.00282535 0.0131468 0.0128301 -6.63739e-011
0.0028535 0.0132641 0.0129436 -6.69136e-011
0.00288092 0.0133795 0.0130536 -6.76427e-011
0.00290861 0.013496 0.0131651 -6.83668e-011
0.00293721 0.0136164 0.0132816 -6.87904e-011
0.00296549 0.0137358 0.0133966 -6.96069e-011
0.00299324 0.0138534 0.013509 -6.99107e-011
0.00302125 0.013972 0.0136227 -7.03196e-011
0.00304893 0.0140896 0.0137346 -7.07966e-011
0.00307643 0.0142071 0.0138457 -7.1516e-011
0.00310403 0.014325 0.013957 -7.15239e-011
0.00313211 0.014444 0.014071 -7.1842e-011
0.00315983 0.0145623 0.014183 -7.24584e-011
0.00318694 0.014679 0.014292 -7.2473e-011
0.00321488 0.0147982 0.0144052 -7.25925e-011
0.00324206 0.014915 0.0145147 -7.32007e-011
0.00326981 0.0150335 0.0146271 -7.33812e-011
0.00329778 0.0151528 0.0147407 -7.40492e-011
0.00332511 0.0152704 0.0148508 -7.46893e-011
0.00335299 0.0153897 0.0149635 -7.49141e-011
0.00338017 0.0155072 0.0150731 -7.55392e-011
0.00340811 0.015627 0.0151863 -7.60189e-011
0.0034357 0.0157454 0.0152979 -7.68071e-011
0.00346371 0.0158655 0.0154116 -7.69057e-011
0.00349175 0.0159855 0.0155257 -7.7667e-011
0.00351938 0.0161045 0.0156378 -7.82826e-011
0.00354749 0.0162252 0.0157522 -7.8191e-011
0.003575 0.0163441 0.0158636 -7.89379e-011
0.00360322 0.0164648 0.0159786 -7.90773e-011
