-0.380084 254.419 -0.532502 -4.88553 -0.0270447 4.06972 0.380084 -254.419 0.532502 -0.473197 0.0270447 -0.193024
-0.751675 254.417 -1.06691 -9.7817 -0.0546835 8.10844 0.751675 -254.417 1.06691 -0.954667 0.0546835 -0.436077
-1.12355 254.416 -1.60008 -14.6664 -0.0819283 12.1422 1.12355 -254.416 1.60008 -1.43566 0.0819283 -0.671457
-1.48821 254.414 -2.12246 -19.447 -0.108565 16.0839 1.48821 -254.414 2.12246 -1.91822 0.108565 -0.88354
-1.82388 254.415 -2.59663 -23.7751 -0.13178 19.7162 1.82388 -254.415 2.59663 -2.39832 0.13178 -1.0624
-2.10179 254.408 -3.00215 -27.4405 -0.14279 22.7495 2.10179 -254.408 3.00215 -2.87841 0.14279 -1.19294
-2.35414 254.418 -3.35392 -30.6062 -0.146653 25.5155 2.35414 -254.418 3.35392 -3.34468 0.146653 -1.29953
-2.57015 254.414 -3.64784 -33.212 -0.143136 27.8874 2.57015 -254.414 3.64784 -3.81589 0.143136 -1.35851
-2.76386 254.419 -3.89934 -35.4714 -0.135384 29.9582 2.76386 -254.419 3.89934 -4.21956 0.135384 -1.32879
-2.93939 254.41 -4.12852 -37.5351 -0.128131 31.8871 2.93939 -254.41 4.12852 -4.6016 0.128131 -1.33062
-3.10008 254.417 -4.33101 -39.4357 -0.119653 33.7229 3.10008 -254.417 4.33101 -4.89281 0.119653 -1.3805
-3.25368 254.405 -4.51821 -41.2237 -0.111639 35.458 3.25368 -254.405 4.51821 -5.14753 0.111639 -1.3975
-3.39958 254.392 -4.69223 -42.9193 -0.103533 37.1411 3.39958 -254.392 4.69223 -5.37019 0.103533 -1.4359
-3.53744 254.405 -4.85172 -44.5099 -0.0946753 38.7488 3.53744 -254.405 4.85172 -5.55376 0.0946753 -1.47525
-3.66795 254.389 -5.00149 -46.0291 -0.0854258 40.32 3.66795 -254.389 5.00149 -5.71577 0.0854258 -1.54848
-3.79453 254.389 -5.13884 -47.4586 -0.0799948 41.8413 3.79453 -254.389 5.13884 -5.8452 0.0799948 -1.60915
-3.90895 254.394 -5.26466 -48.8622 -0.0713762 43.2845 3.90895 -254.394 5.26466 -5.89069 0.0713762 -1.70745
-4.02466 254.386 -5.38557 -50.2302 -0.064798 44.7319 4.02466 -254.386 5.38557 -5.92624 0.064798 -1.79791
-4.13969 254.415 -5.49654 -51.5221 -0.0587814 46.1657 4.13969 -254.415 5.49654 -5.94208 0.0587814 -1.88043
-4.24746 254.395 -5.60533 -52.7969 -0.0521654 47.5184 4.24746 -254.395 5.60533 -5.951 0.0521654 -1.95213
-4.34668 254.372 -5.71066 -54.0718 -0.0436911 48.8371 4.34668 -254.372 5.71066 -5.92841 0.0436911 -2.07131
-4.44875 254.384 -5.81325 -55.3283 -0.0370716 50.1694 4.44875 -254.384 5.81325 -5.89838 0.0370716 -2.17626
-4.55163 254.378 -5.91172 -56.5337 -0.0309486 51.5108 4.55163 -254.378 5.91172 -5.88111 0.0309486 -2.28305
-4.65214 254.387 -6.0028 -57.6863 -0.0247748 52.8191 4.65214 -254.387 6.0028 -5.84271 0.0247748 -2.37877
-4.74668 254.369 -6.09253 -58.845 -0.0174342 54.0644 4.74668 -254.369 6.09253 -5.78424 0.0174342 -2.46928
-4.84069 254.345 -6.18313 -60.0133 -0.010559 55.3016 4.84069 -254.345 6.18313 -5.72563 0.010559 -2.55685
-4.93364 254.408 -6.26739 -61.1475 -0.00376537 56.544 4.93364 -254.408 6.26739 -5.63772 0.00376537 -2.65732
-5.02329 254.399 -6.35495 -62.2987 0.00227526 57.7654 5.02329 -254.399 6.35495 -5.56499 -0.00227526 -2.77029
-5.11473 254.376 -6.44158 -63.4479 0.00719958 58.9909 5.11473 -254.376 6.44158 -5.48706 -0.00719958 -2.87055
-5.20287 254.343 -6.52324 -64.5515 0.0145871 60.2102 5.20287 -254.343 6.52324 -5.40799 -0.0145871 -2.99651
-5.2889 254.365 -6.60191 -65.6347 0.0222152 61.3915 5.2889 -254.365 6.60191 -5.31803 -0.0222152 -3.1029
-5.3775 254.395 -6.67842 -66.7175 0.0278571 62.5724 5.3775 -254.395 6.67842 -5.20884 -0.0278571 -3.18412
-5.4624 254.391 -6.75493 -67.8027 0.0339649 63.7395 5.4624 -254.391 6.75493 -5.09772 -0.0339649 -3.28791
-5.54537 254.344 -6.83079 -68.8923 0.0409861 64.895 5.54537 -254.344 6.83079 -4.97697 -0.0409861 -3.39979
-5.63185 254.399 -6.90363 -69.9631 0.0466459 66.0676 5.63185 -254.399 6.90363 -4.84591 -0.0466459 -3.49201
-5.7166 254.388 -6.97727 -71.0389 0.0520524 67.2275 5.7166 -254.388 6.97727 -4.71715 -0.0520524 -3.59022
-5.80215 254.398 -7.05026 -72.1091 0.0572348 68.3863 5.80215 -254.398 7.05026 -4.58754 -0.0572348 -3.67908
-5.88766 254.373 -7.12431 -73.185 0.0616719 69.5375 5.88766 -254.373 7.12431 -4.4626 -0.0616719 -3.76182
-5.97112 254.382 -7.19594 -74.2509 0.0670889 70.6852 5.97112 -254.382 7.19594 -4.32443 -0.0670889 -3.85944
-6.05545 254.382 -7.26533 -75.3047 0.0714919 71.8337 6.05545 -254.382 7.26533 -4.17635 -0.0714919 -3.94995
-6.13746 254.389 -7.33198 -76.33 0.0762012 72.9576 6.13746 -254.389 7.33198 -4.0305 -0.0762012 -4.03752
-6.21709 254.379 -7.39882 -77.3577 0.0810391 74.0591 6.21709 -254.379 7.39882 -3.88342 -0.0810391 -4.12627
-6.29519 254.328 -7.46706 -78.3935 0.085823 75.1478 6.29519 -254.328 7.46706 -3.74283 -0.085823 -4.21844
-6.37595 254.382 -7.53386 -79.4149 0.0901946 76.2526 6.37595 -254.382 7.53386 -3.60416 -0.0901946 -4.29688
-6.45474 254.331 -7.60339 -80.4425 0.0945411 77.3348 6.45474 -254.331 7.60339 -3.48451 -0.0945411 -4.37621
-6.53249 254.322 -7.67162 -81.4552 0.0995801 78.4139 6.53249 -254.322 7.67162 -3.36742 -0.0995801 -4.46041
-6.61213 254.382 -7.73904 -82.456 0.104113 79.4992 6.61213 -254.382 7.73904 -3.2555 -0.104113 -4.52955
-6.69055 254.375 -7.80704 -83.4535 0.108325 80.5643 6.69055 -254.375 7.80704 -3.15165 -0.108325 -4.59328
-6.76764 254.356 -7.87551 -84.4429 0.112015 81.614 6.76764 -254.356 7.87551 -3.06044 -0.112015 -4.65483
-6.84249 254.369 -7.9386 -85.4022 0.11636 82.6499 6.84249 -254.369 7.9386 -2.94787 -0.11636 -4.72242
-6.91719 254.345 -8.0031 -86.3553 0.119501 83.6666 6.91719 -254.345 8.0031 -2.85481 -0.119501 -4.77413
-6.98983 254.358 -8.06467 -87.2848 0.123963 84.669 6.98983 -254.358 8.06467 -2.75784 -0.123963 -4.82915
-7.06154 254.348 -8.12521 -88.203 0.127919 85.6531 7.06154 -254.348 8.12521 -2.66256 -0.127919 -4.87609
-7.13218 254.333 -8.18476 -89.1091 0.131536 86.6238 7.13218 -254.333 8.18476 -2.57013 -0.131536 -4.92007
-7.20017 254.365 -8.23962 -89.9901 0.136968 87.5872 7.20017 -254.365 8.23962 -2.45802 -0.136968 -4.97941
-7.26814 254.346 -8.29597 -90.8757 0.141368 88.5374 7.26814 -254.346 8.29597 -2.35552 -0.141368 -5.02852
-7.33615 254.368 -8.34983 -91.7456 0.143863 89.4897 7.33615 -254.368 8.34983 -2.24494 -0.143863 -5.07711
-7.40207 254.346 -8.40493 -92.6204 0.14741 90.4268 7.40207 -254.346 8.40493 -2.14094 -0.14741 -5.1329
-7.4702 254.344 -8.45947 -93.4912 0.149503 91.3694 7.4702 -254.344 8.45947 -2.03629 -0.149503 -5.17202
-7.53529 254.301 -8.51135 -94.3496 0.153242 92.2984 7.53529 -254.301 8.51135 -1.91672 -0.153242 -5.22894
-7.60117 254.333 -8.56178 -95.1939 0.157218 93.2383 7.60117 -254.333 8.56178 -1.79861 -0.157218 -5.28477
-7.66791 254.347 -8.61413 -96.0431 0.159955 94.1658 7.66791 -254.347 8.61413 -1.69305 -0.159955 -5.32102
-7.73486 254.351 -8.66659 -96.8885 0.161211 95.0854 7.73486 -254.351 8.66659 -1.59209 -0.161211 -5.34796
-7.80025 254.357 -8.71835 -97.7378 0.163883 95.995 7.80025 -254.357 8.71835 -1.48479 -0.163883 -5.37971
-7.8641 254.365 -8.77032 -98.5783 0.166818 96.8974 7.8641 -254.365 8.77032 -1.38715 -0.166818 -5.41871
-7.92696 254.348 -8.8221 -99.4139 0.169855 97.7882 7.92696 -254.348 8.8221 -1.29194 -0.169855 -5.45727
-7.99022 254.33 -8.87501 -100.247 0.172124 98.6719 7.99022 -254.33 8.87501 -1.21057 -0.172124 -5.48488
-8.05407 254.299 -8.9296 -101.077 0.173265 99.5443 8.05407 -254.299 8.9296 -1.14837 -0.173265 -5.4966
-8.11803 254.289 -8.98564 -101.898 0.173753 100.405 8.11803 -254.289 8.98564 -1.11079 -0.173753 -5.49429
-8.17954 254.299 -9.0369 -102.684 0.1758 101.245 8.17954 -254.299 9.0369 -1.06227 -0.1758 -5.49313
-8.24169 254.314 -9.0888 -103.452 0.175462 102.061 8.24169 -254.314 9.0888 -1.03955 -0.175462 -5.46131
-8.29932 254.346 -9.13618 -104.174 0.179269 102.84 8.29932 -254.346 9.13618 -1.01933 -0.179269 -5.4344
-8.35196 254.307 -9.18028 -104.855 0.184771 103.562 8.35196 -254.307 9.18028 -1.00584 -0.184771 -5.40348
-8.40101 254.286 -9.21965 -105.491 0.188554 104.244 8.40101 -254.286 9.21965 -0.993295 -0.188554 -5.36554
-8.44587 254.309 -9.25396 -106.085 0.194825 104.893 8.44587 -254.309 9.25396 -0.976063 -0.194825 -5.33116
-8.48422 254.304 -9.28213 -106.635 0.200637 105.504 8.48422 -254.304 9.28213 -0.939906 -0.200637 -5.3223
-8.52165 254.339 -9.30558 -107.159 0.204832 106.103 8.52165 -254.339 9.30558 -0.887794 -0.204832 -5.30749
-8.55485 254.273 -9.32697 -107.669 0.20905 106.664 8.55485 -254.273 9.32697 -0.825624 -0.20905 -5.30325
-8.58699 254.313 -9.34566 -108.164 0.212086 107.232 8.58699 -254.313 9.34566 -0.757967 -0.212086 -5.3074
-8.61675 254.323 -9.36014 -108.64 0.215801 107.785 8.61675 -254.323 9.36014 -0.666061 -0.215801 -5.32158
-8.64288 254.283 -9.37068 -109.098 0.221787 108.319 8.64288 -254.283 9.37068 -0.551491 -0.221787 -5.3552
-8.6699 254.324 -9.38145 -109.551 0.224747 108.86 8.6699 -254.324 9.38145 -0.447936 -0.224747 -5.38087
-8.69687 254.328 -9.39252 -110 0.226233 109.386 8.69687 -254.328 9.39252 -0.350087 -0.226233 -5.39564
-8.72368 254.354 -9.40195 -110.435 0.230466 109.911 8.72368 -254.354 9.40195 -0.251267 -0.230466 -5.40865
-8.74663 254.324 -9.40988 -110.857 0.235301 110.414 8.74663 -254.324 9.40988 -0.146879 -0.235301 -5.44122
-8.77183 254.305 -9.41846 -111.272 0.24133 110.917 8.77183 -254.305 9.41846 -0.0564119 -0.24133 -5.45084
-8.79448 254.325 -9.42103 -111.661 0.246261 111.419 8.79448 -254.325 9.42103 0.0661805 -0.246261 -5.48171
-8.81647 254.312 -9.42525 -112.047 0.25307 111.904 8.81647 -254.312 9.42525 0.171086 -0.25307 -5.50296
-8.83685 254.32 -9.42808 -112.424 0.255935 112.369 8.83685 -254.32 9.42808 0.276109 -0.255935 -5.51938
-8.85964 254.325 -9.42987 -112.793 0.260141 112.835 8.85964 -254.325 9.42987 0.383602 -0.260141 -5.51295
-8.87446 254.307 -9.43005 -113.151 0.265436 113.28 8.87446 -254.307 9.43005 0.498515 -0.265436 -5.56415
-8.89123 254.261 -9.43053 -113.506 0.271899 113.719 8.89123 -254.261 9.43053 0.608992 -0.271899 -5.59357
-8.90802 254.264 -9.42871 -113.852 0.276271 114.164 8.90802 -254.264 9.42871 0.730244 -0.276271 -5.62446
-8.9249 254.309 -9.42636 -114.192 0.284878 114.615 8.9249 -254.309 9.42636 0.848437 -0.284878 -5.65539
-8.9426 254.32 -9.42795 -114.545 0.287296 115.051 8.9426 -254.32 9.42795 0.941214 -0.287296 -5.66797
-8.95843 254.285 -9.42656 -114.885 0.293858 115.477 8.95843 -254.285 9.42656 1.05285 -0.293858 -5.69137
-8.97601 254.307 -9.42779 -115.233 0.295293 115.907 8.97601 -254.307 9.42779 1.14225 -0.295293 -5.69786
-8.99481 254.303 -9.43005 -115.584 0.299629 116.328 8.99481 -254.303 9.43005 1.22513 -0.299629 -5.68605
-9.01106 254.336 -9.4287 -115.914 0.304375 116.754 9.01106 -254.336 9.4287 1.32229 -0.304375 -5.6995
-9.02679 254.279 -9.42959 -116.249 0.310265 117.155 9.02679 -254.279 9.42959 1.40731 -0.310265 -5.7013
-9.04337 254.298 -9.42903 -116.574 0.315046 117.566 9.04337 -254.298 9.42903 1.49204 -0.315046 -5.69882
-9.06108 254.272 -9.43211 -116.906 0.319105 117.961 9.06108 -254.272 9.43211 1.54972 -0.319105 -5.6726
-9.07936 254.282 -9.43443 -117.229 0.319833 118.354 9.07936 -254.282 9.43443 1.604 -0.319833 -5.63646
-9.0973 254.288 -9.43871 -117.548 0.324666 118.734 9.0973 -254.288 9.43871 1.63495 -0.324666 -5.59109
-9.11444 254.281 -9.44248 -117.852 0.332571 119.099 9.11444 -254.281 9.44248 1.65805 -0.332571 -5.53919
-9.13185 254.314 -9.44146 -118.13 0.33749 119.461 9.13185 -254.314 9.44146 1.69915 -0.33749 -5.47694
-9.14597 254.257 -9.44495 -118.408 0.344702 119.774 9.14597 -254.257 9.44495 1.70092 -0.344702 -5.4075
-9.15808 254.278 -9.44163 -118.648 0.349663 120.085 9.15808 -254.278 9.44163 1.72781 -0.349663 -5.3465
-9.16672 254.292 -9.43403 -118.858 0.359558 120.372 9.16672 -254.292 9.43403 1.76707 -0.359558 -5.29508
-9.17314 254.259 -9.42779 -119.058 0.366545 120.618 9.17314 -254.259 9.42779 1.78379 -0.366545 -5.22942
-9.17682 254.286 -9.41555 -119.225 0.377687 120.86 9.17682 -254.286 9.41555 1.82216 -0.377687 -5.17869
-9.17817 254.281 -9.40135 -119.375 0.388873 121.074 9.17817 -254.281 9.40135 1.86346 -0.388873 -5.12666
-9.17732 254.286 -9.38446 -119.509 0.394174 121.276 9.17732 -254.286 9.38446 1.91336 -0.394174 -5.08132
-9.17458 254.292 -9.36451 -119.626 0.405123 121.469 9.17458 -254.292 9.36451 1.97591 -0.405123 -5.04618
-9.17082 254.286 -9.34454 -119.741 0.411307 121.649 9.17082 -254.286 9.34454 2.03473 -0.411307 -5.00762
-9.16576 254.229 -9.32469 -119.851 0.418075 121.809 9.16576 -254.229 9.32469 2.09114 -0.418075 -4.96859
-9.16014 254.293 -9.29914 -119.944 0.426311 122 9.16014 -254.293 9.29914 2.17897 -0.426311 -4.95109
-9.15359 254.267 -9.27641 -120.047 0.430442 122.158 9.15359 -254.267 9.27641 2.25203 -0.430442 -4.9209
-9.14669 254.275 -9.24933 -120.138 0.437503 122.328 9.14669 -254.275 9.24933 2.35355 -0.437503 -4.90154
-9.13853 254.221 -9.22215 -120.227 0.443648 122.482 9.13853 -254.221 9.22215 2.4589 -0.443648 -4.88516
-9.13039 254.225 -9.19552 -120.315 0.449031 122.647 9.13039 -254.225 9.19552 2.55439 -0.449031 -4.87304
-9.12134 254.23 -9.16733 -120.398 0.451933 122.813 9.12134 -254.23 9.16733 2.66068 -0.451933 -4.87029
-9.11243 254.237 -9.13997 -120.482 0.456773 122.977 9.11243 -254.237 9.13997 2.7596 -0.456773 -4.86427
-9.10237 254.228 -9.11082 -120.56 0.460662 123.139 9.10237 -254.228 9.11082 2.87232 -0.460662 -4.86899
-9.09245 254.229 -9.08369 -120.647 0.460392 123.296 9.09245 -254.229 9.08369 2.97074 -0.460392 -4.86612
-9.08274 254.242 -9.0566 -120.732 0.463125 123.456 9.08274 -254.242 9.0566 3.06613 -0.463125 -4.86321
-9.07359 254.22 -9.03039 -120.815 0.468156 123.609 9.07359 -254.22 9.03039 3.15488 -0.468156 -4.85217
-9.06479 254.21 -8.99804 -120.876 0.474138 123.779 9.06479 -254.21 8.99804 3.28467 -0.474138 -4.8529
-9.05706 254.229 -8.96661 -120.936 0.480238 123.955 9.05706 -254.229 8.96661 3.403 -0.480238 -4.84588
-9.04916 254.247 -8.93644 -121.001 0.479303 124.121 9.04916 -254.247 8.93644 3.51354 -0.479303 -4.8306
-9.03921 254.226 -8.90516 -121.058 0.487829 124.277 9.03921 -254.226 8.90516 3.63285 -0.487829 -4.83007
-9.02973 254.237 -8.87593 -121.122 0.487308 124.431 9.02973 -254.237 8.87593 3.73468 -0.487308 -4.81855
-9.01994 254.225 -8.84678 -121.184 0.496133 124.578 9.01994 -254.225 8.84678 3.83463 -0.496133 -4.80589
-9.01035 254.254 -8.81788 -121.246 0.497986 124.729 9.01035 -254.254 8.81788 3.92854 -0.497986 -4.7899
-8.99854 254.218 -8.78451 -121.294 0.504409 124.869 8.99854 -254.218 8.78451 4.0579 -0.504409 -4.79339
-8.98765 254.244 -8.75374 -121.349 0.510275 125.016 8.98765 -254.244 8.75374 4.16008 -0.510275 -4.78675
-8.97714 254.234 -8.72669 -121.413 0.511011 125.147 8.97714 -254.234 8.72669 4.23626 -0.511011 -4.76441
-8.96507 254.215 -8.69378 -121.46 0.515518 125.286 8.96507 -254.215 8.69378 4.35574 -0.515518 -4.76676
-8.95354 254.215 -8.66154 -121.507 0.519884 125.427 8.95354 -254.215 8.66154 4.46814 -0.519884 -4.7641
-8.94162 254.204 -8.63136 -121.56 0.523376 125.561 8.94162 -254.204 8.63136 4.56576 -0.523376 -4.75912
-8.92978 254.201 -8.59967 -121.609 0.526405 125.699 8.92978 -254.201 8.59967 4.67345 -0.526405 -4.75618
-8.91936 254.213 -8.56845 -121.659 0.531513 125.839 8.91936 -254.213 8.56845 4.776 -0.531513 -4.73928
-8.90674 254.256 -8.53417 -121.699 0.536518 125.991 8.90674 -254.256 8.53417 4.89805 -0.536518 -4.75124
-8.89503 254.215 -8.50625 -121.757 0.541774 126.11 8.89503 -254.215 8.50625 4.97946 -0.541774 -4.73386
-8.88282 254.203 -8.47022 -121.791 0.547157 126.253 8.88282 -254.203 8.47022 5.1175 -0.547157 -4.73974
-8.87192 254.254 -8.43731 -121.835 0.548808 126.401 8.87192 -254.254 8.43731 5.22702 -0.548808 -4.73071
-8.85955 254.264 -8.40465 -121.878 0.554551 126.539 8.85955 -254.264 8.40465 5.33787 -0.554551 -4.73069
-8.84733 254.222 -8.3766 -121.933 0.556236 126.655 8.84733 -254.222 8.3766 5.41822 -0.556236 -4.71514
-8.83547 254.246 -8.34238 -121.971 0.565082 126.798 8.83547 -254.246 8.34238 5.53792 -0.565082 -4.71342
-8.82359 254.255 -8.3091 -122.012 0.569701 126.934 8.82359 -254.255 8.3091 5.65213 -0.569701 -4.70711
-8.81072 254.253 -8.27461 -122.048 0.57478 127.069 8.81072 -254.253 8.27461 5.77592 -0.57478 -4.71073
-8.79827 254.201 -8.24465 -122.096 0.578198 127.183 8.79827 -254.201 8.24465 5.86964 -0.578198 -4.69705
-8.78764 254.224 -8.21291 -122.14 0.582172 127.318 8.78764 -254.224 8.21291 5.96896 -0.582172 -4.67521
-8.77369 254.243 -8.17973 -122.178 0.584036 127.451 8.77369 -254.243 8.17973 6.08013 -0.584036 -4.68455
-8.76094 254.241 -8.1466 -122.217 0.590315 127.58 8.76094 -254.241 8.1466 6.19175 -0.590315 -4.68096
-8.74809 254.231 -8.11307 -122.255 0.591601 127.706 8.74809 -254.231 8.11307 6.30708 -0.591601 -4.67653
-8.73536 254.189 -8.08134 -122.296 0.597647 127.821 8.73536 -254.189 8.08134 6.41103 -0.597647 -4.66497
-8.72228 254.216 -8.0459 -122.327 0.597866 127.958 8.72228 -254.216 8.0459 6.53541 -0.597866 -4.66837
-8.70759 254.223 -8.01005 -122.357 0.604453 128.089 8.70759 -254.223 8.01005 6.66519 -0.604453 -4.68406
-8.69626 254.213 -7.9748 -122.384 0.610294 128.219 8.69626 -254.213 7.9748 6.78807 -0.610294 -4.66956
-8.68326 254.238 -7.9401 -122.414 0.611346 128.353 8.68326 -254.238 7.9401 6.90473 -0.611346 -4.66879
-8.67089 254.228 -7.90671 -122.448 0.617354 128.475 8.67089 -254.228 7.90671 7.01405 -0.617354 -4.65651
-8.65766 254.238 -7.87006 -122.471 0.617926 128.608 8.65766 -254.238 7.87006 7.14513 -0.617926 -4.65968
-8.64547 254.176 -7.83682 -122.499 0.623332 128.72 8.64547 -254.176 7.83682 7.25489 -0.623332 -4.64406
-8.63363 254.188 -7.80109 -122.52 0.630074 128.854 8.63363 -254.188 7.80109 7.37507 -0.630074 -4.63478
-8.62126 254.227 -7.7646 -122.538 0.634602 128.994 8.62126 -254.227 7.7646 7.49804 -0.634602 -4.63203
-8.60908 254.225 -7.72962 -122.561 0.638348 129.121 8.60908 -254.225 7.72962 7.61367 -0.638348 -4.62047
-8.59689 254.223 -7.69471 -122.584 0.645516 129.245 8.59689 -254.223 7.69471 7.72841 -0.645516 -4.60758
-8.58457 254.224 -7.65784 -122.601 0.650674 129.374 8.58457 -254.224 7.65784 7.85669 -0.650674 -4.59938
-8.57248 254.23 -7.62124 -122.619 0.655304 129.502 8.57248 -254.23 7.62124 7.98236 -0.655304 -4.58736
-8.56004 254.173 -7.58647 -122.641 0.661683 129.611 8.56004 -254.173 7.58647 8.0999 -0.661683 -4.57059
-8.54799 254.208 -7.54854 -122.655 0.663739 129.746 8.54799 -254.208 7.54854 8.23169 -0.663739 -4.55998
-8.53544 254.18 -7.51459 -122.68 0.669136 129.857 8.53544 -254.18 7.51459 8.33988 -0.669136 -4.54107
-8.5219 254.217 -7.47707 -122.694 0.676427 129.989 8.5219 -254.217 7.47707 8.46773 -0.676427 -4.54115
-8.50826 254.223 -7.43848 -122.701 0.683668 130.108 8.50826 -254.223 7.43848 8.60164 -0.683668 -4.53511
-8.49295 254.216 -7.40245 -122.706 0.687904 130.2 8.49295 -254.216 7.40245 8.70738 -0.687904 -4.52022
-8.47716 254.212 -7.36407 -122.706 0.696069 130.296 8.47716 -254.212 7.36407 8.83086 -0.696069 -4.51346
-8.46048 254.208 -7.32221 -122.695 0.699107 130.399 8.46048 -254.208 7.32221 8.98036 -0.699107 -4.52193
-8.44416 254.205 -7.28175 -122.689 0.703196 130.499 8.44416 -254.205 7.28175 9.11885 -0.703196 -4.52303
-8.42944 254.177 -7.23791 -122.667 0.707966 130.605 8.42944 -254.177 7.23791 9.28149 -0.707966 -4.51994
-8.41446 254.21 -7.19497 -122.645 0.71516 130.724 8.41446 -254.21 7.19497 9.42908 -0.71516 -4.52168
-8.40076 254.208 -7.15182 -122.618 0.715239 130.839 8.40076 -254.208 7.15182 9.57875 -0.715239 -4.51412
-8.38473 254.187 -7.1127 -122.605 0.71842 130.936 8.38473 -254.187 7.1127 9.70306 -0.71842 -4.51323
-8.37125 254.18 -7.06919 -122.577 0.724584 131.048 8.37125 -254.18 7.06919 9.85596 -0.724584 -4.50086
-8.35796 254.203 -7.02257 -122.537 0.72473 131.178 8.35796 -254.203 7.02257 10.0259 -0.72473 -4.49853
-8.34399 254.195 -6.98123 -122.513 0.725925 131.284 8.34399 -254.195 6.98123 10.1611 -0.725925 -4.4857
-8.32926 254.212 -6.93498 -122.477 0.732007 131.406 8.32926 -254.212 6.93498 10.3308 -0.732007 -4.49064
-8.31476 254.199 -6.89235 -122.448 0.733812 131.514 8.31476 -254.199 6.89235 10.4754 -0.733812 -4.48451
-8.29956 254.202 -6.85085 -122.428 0.740492 131.617 8.29956 -254.202 6.85085 10.612 -0.740492 -4.47738
-8.28639 254.192 -6.80544 -122.384 0.746893 131.737 8.28639 -254.192 6.80544 10.7718 -0.746893 -4.47071
-8.27394 254.146 -6.76244 -122.345 0.749141 131.842 8.27394 -254.146 6.76244 10.9171 -0.749141 -4.44968
-8.26009 254.19 -6.71649 -122.302 0.755392 131.971 8.26009 -254.19 6.71649 11.0756 -0.755392 -4.44823
-8.24693 254.195 -6.67432 -122.27 0.760189 132.082 8.24693 -254.195 6.67432 11.2098 -0.760189 -4.42877
-8.23311 254.157 -6.62904 -122.228 0.768071 132.188 8.23311 -254.157 6.62904 11.3727 -0.768071 -4.4202
-8.21995 254.154 -6.58667 -122.195 0.769057 132.295 8.21995 -254.154 6.58667 11.5087 -0.769057 -4.3988
-8.20502 254.146 -6.54506 -122.167 0.77667 132.395 8.20502 -254.146 6.54506 11.6416 -0.77667 -4.38815
-8.19048 254.164 -6.50064 -122.129 0.782826 132.507 8.19048 -254.164 6.50064 11.7914 -0.782826 -4.38123
-8.17658 254.173 -6.45978 -122.097 0.78191 132.612 8.17658 -254.173 6.45978 11.9127 -0.78191 -4.3626
-8.16285 254.203 -6.41311 -122.055 0.789379 132.729 8.16285 -254.203 6.41311 12.0772 -0.789379 -4.35087
-8.14831 254.157 -6.37194 -122.022 0.790773 132.82 8.14831 -254.157 6.37194 12.2075 -0.790773 -4.33514
