-0.00491783 -0.00154575 -0.184382 0.00695923 -0.0218371 0.197284 0.00491783 0.00154575 0.184382 0.00676704 -0.0218333 -0.197284
-0.00995537 -0.00278436 -0.37618 0.0125392 -0.044202 0.446034 0.00995537 0.00278436 0.37618 0.0121859 -0.0442017 -0.446034
-0.0148985 -0.00401927 -0.565903 0.0181087 -0.0661491 0.687064 0.0148985 0.00401927 0.565903 0.0175824 -0.0661493 -0.687064
-0.0196486 -0.00524694 -0.749728 0.0236377 -0.0872401 0.904077 0.0196486 0.00524694 0.749728 0.0229552 -0.0872398 -0.904077
-0.0233891 -0.0064648 -0.902756 0.029078 -0.103848 1.08764 0.0233891 0.0064648 0.902756 0.0283294 -0.103847 -1.08764
-0.0243737 -0.00761822 -1.02476 0.0341652 -0.108219 1.22488 0.0243737 0.00761822 1.02476 0.0334846 -0.108219 -1.22488
-0.0238072 -0.00875509 -1.11724 0.039123 -0.105704 1.33467 0.0238072 0.00875509 1.11724 0.0386222 -0.105704 -1.33467
-0.0215863 -0.00986429 -1.18023 0.0439388 -0.0958423 1.39986 0.0215863 0.00986429 1.18023 0.043656 -0.0958445 -1.39986
-0.0186153 -0.0109369 -1.22682 0.0485754 -0.0826518 1.37241 0.0186153 0.0109369 1.22682 0.0485447 -0.0826519 -1.37241
-0.0158122 -0.0119877 -1.26439 0.0531202 -0.0702058 1.37928 0.0158122 0.0119877 1.26439 0.0533304 -0.0702068 -1.37928
-0.0129907 -0.0130463 -1.2871 0.057706 -0.0576791 1.43417 0.0129907 0.0130463 1.2871 0.0581448 -0.0576785 -1.43417
-0.0103663 -0.0140876 -1.3052 0.0622474 -0.0460267 1.45819 0.0103663 0.0140876 1.3052 0.0628505 -0.046026 -1.45819
-0.00784422 -0.0151399 -1.31564 0.0668286 -0.0348282 1.50279 0.00784422 0.0151399 1.31564 0.0676134 -0.0348285 -1.50279
-0.00522798 -0.0161676 -1.32101 0.0713136 -0.0232121 1.54397 0.00522798 0.0161676 1.32101 0.0722547 -0.0232124 -1.54397
-0.00260341 -0.0171983 -1.32055 0.0758097 -0.0115591 1.61945 0.00260341 0.0171983 1.32055 0.0769114 -0.0115592 -1.61945
-0.000935366 -0.0182154 -1.31834 0.0802534 -0.00415311 1.68807 0.000935366 0.0182154 1.31834 0.0814995 -0.00415294 -1.68807
0.0011893 -0.019248 -1.31126 0.0847529 0.00528034 1.791 -0.0011893 0.019248 1.31126 0.0861696 0.00528066 -1.791
0.00283895 -0.0202872 -1.30238 0.0892857 0.0126049 1.88021 -0.00283895 0.0202872 1.30238 0.0908647 0.0126049 -1.88021
0.00432063 -0.0213214 -1.28874 0.0937984 0.0191835 1.97628 -0.00432063 0.0213214 1.28874 0.0955357 0.0191837 -1.97628
0.00589112 -0.0223459 -1.27583 0.098276 0.0261562 2.0449 -0.00589112 0.0223459 1.27583 0.100156 0.026157 -2.0449
0.00774964 -0.0233856 -1.26124 0.102805 0.0344082 2.16841 -0.00774964 0.0233856 1.26124 0.10486 0.0344086 -2.16841
0.00919111 -0.0244231 -1.2457 0.107328 0.0408086 2.28507 -0.00919111 0.0244231 1.2457 0.109549 0.0408085 -2.28507
0.0105642 -0.025463 -1.22701 0.11187 0.0469046 2.39486 -0.0105642 0.025463 1.22701 0.114242 0.0469054 -2.39486
0.01189 -0.0264897 -1.20643 0.116361 0.0527915 2.49093 -0.01189 0.0264897 1.20643 0.118868 0.0527921 -2.49093
0.0134 -0.0275185 -1.18606 0.120859 0.0594964 2.587 -0.0134 0.0275185 1.18606 0.123505 0.0594959 -2.587
0.0147993 -0.0285532 -1.16635 0.125385 0.065709 2.68307 -0.0147993 0.0285532 1.16635 0.128167 0.0657088 -2.68307
0.016091 -0.0295746 -1.14461 0.12984 0.0714438 2.786 -0.016091 0.0295746 1.14461 0.132782 0.0714446 -2.786
0.0172339 -0.0306034 -1.12513 0.134336 0.0765183 2.89579 -0.0172339 0.0306034 1.12513 0.137422 0.0765186 -2.89579
0.0180956 -0.0316426 -1.10523 0.13888 0.080345 3.01931 -0.0180956 0.0316426 1.10523 0.142106 0.080344 -3.01931
0.0194844 -0.0326874 -1.08098 0.143446 0.0865107 3.14283 -0.0194844 0.0326874 1.08098 0.146818 0.0865107 -3.14283
0.0209098 -0.033713 -1.05683 0.147935 0.0928395 3.2389 -0.0209098 0.033713 1.05683 0.151436 0.0928396 -3.2389
0.0218896 -0.0347434 -1.03205 0.152454 0.0971899 3.33496 -0.0218896 0.0347434 1.03205 0.156067 0.0971901 -3.33496
0.0229506 -0.0357826 -1.00768 0.157007 0.101901 3.44476 -0.0229506 0.0357826 1.00768 0.160742 0.101901 -3.44476
0.0241713 -0.0368355 -0.98209 0.161614 0.107321 3.56827 -0.0241713 0.0368355 0.98209 0.165486 0.107321 -3.56827
0.0251073 -0.0378719 -0.956293 0.166156 0.111476 3.66434 -0.0251073 0.0378719 0.956293 0.170146 0.111477 -3.66434
0.026011 -0.0389164 -0.93004 0.17074 0.115489 3.76041 -0.026011 0.0389164 0.93004 0.174838 0.115489 -3.76041
0.0268584 -0.0399576 -0.903796 0.175312 0.119251 3.85648 -0.0268584 0.0399576 0.903796 0.179512 0.119251 -3.85648
0.027546 -0.041005 -0.878331 0.179916 0.122304 3.95255 -0.027546 0.041005 0.878331 0.184208 0.122304 -3.95255
0.0284144 -0.0420486 -0.851191 0.184505 0.12616 4.04862 -0.0284144 0.0420486 0.851191 0.188887 0.126161 -4.04862
0.0290168 -0.0430934 -0.824248 0.189097 0.128835 4.14469 -0.0290168 0.0430934 0.824248 0.193572 0.128835 -4.14469
0.0296859 -0.0441369 -0.796064 0.193684 0.131805 4.22703 -0.0296859 0.0441369 0.796064 0.198252 0.131805 -4.22703
0.030377 -0.0451812 -0.768079 0.198276 0.134874 4.3231 -0.030377 0.0451812 0.768079 0.202932 0.134874 -4.3231
0.0310143 -0.0462432 -0.74093 0.20295 0.137704 4.4329 -0.0310143 0.0462432 0.74093 0.20769 0.137703 -4.4329
0.031553 -0.0472931 -0.714604 0.207577 0.140095 4.51524 -0.031553 0.0472931 0.714604 0.212385 0.140095 -4.51524
0.0320488 -0.0483631 -0.689338 0.212301 0.142297 4.58386 -0.0320488 0.0483631 0.689338 0.217163 0.142296 -4.58386
0.0326722 -0.0494279 -0.664513 0.217003 0.145065 4.67993 -0.0326722 0.0494279 0.664513 0.221917 0.145065 -4.67993
0.0332065 -0.0504803 -0.640496 0.221655 0.147437 4.76227 -0.0332065 0.0504803 0.640496 0.226611 0.147437 -4.76227
0.033667 -0.0515417 -0.617339 0.226347 0.149482 4.81717 -0.033667 0.0515417 0.617339 0.231344 0.149481 -4.81717
0.0340667 -0.0525995 -0.595941 0.231026 0.151256 4.89952 -0.0340667 0.0525995 0.595941 0.236058 0.151256 -4.89952
0.034524 -0.0536554 -0.573831 0.23568 0.153287 4.96814 -0.034524 0.0536554 0.573831 0.240781 0.153287 -4.96814
0.0347913 -0.0547083 -0.553554 0.240329 0.154474 5.02303 -0.0347913 0.0547083 0.553554 0.245481 0.154473 -5.02303
0.0353192 -0.0557539 -0.532951 0.244938 0.156817 5.07793 -0.0353192 0.0557539 0.532951 0.250156 0.156817 -5.07793
0.0357283 -0.0568009 -0.512713 0.249563 0.158634 5.13283 -0.0357283 0.0568009 0.512713 0.254829 0.158634 -5.13283
0.036052 -0.057846 -0.492671 0.254185 0.160071 5.18772 -0.036052 0.057846 0.492671 0.259487 0.160071 -5.18772
0.0366698 -0.0588863 -0.470828 0.258773 0.162814 5.24262 -0.0366698 0.0588863 0.470828 0.264137 0.162814 -5.24262
0.0370675 -0.059933 -0.449434 0.263399 0.16458 5.29752 -0.0370675 0.059933 0.449434 0.268807 0.164579 -5.29752
0.0370664 -0.0609676 -0.428642 0.267987 0.164574 5.35241 -0.0370664 0.0609676 0.428642 0.273406 0.164575 -5.35241
0.0372869 -0.0620104 -0.407433 0.272611 0.165553 5.43476 -0.0372869 0.0620104 0.407433 0.278041 0.165554 -5.43476
0.0371936 -0.0630491 -0.386514 0.277227 0.16514 5.46221 -0.0371936 0.0630491 0.386514 0.282649 0.165139 -5.46221
0.0373679 -0.0640988 -0.364191 0.28188 0.165913 5.5171 -0.0373679 0.0640988 0.364191 0.287318 0.165913 -5.5171
0.0376178 -0.0651339 -0.342076 0.286471 0.167023 5.572 -0.0376178 0.0651339 0.342076 0.291918 0.167023 -5.572
0.0376527 -0.0661622 -0.321539 0.291041 0.167178 5.62689 -0.0376527 0.0661622 0.321539 0.296479 0.167178 -5.62689
0.0374007 -0.067189 -0.30207 0.295616 0.166059 5.65434 -0.0374007 0.067189 0.30207 0.301023 0.166059 -5.65434
0.0373816 -0.0682368 -0.282341 0.30027 0.165975 5.68179 -0.0373816 0.0682368 0.282341 0.305673 0.165974 -5.68179
0.0374389 -0.0692775 -0.263759 0.30489 0.166228 5.73669 -0.0374389 0.0692775 0.263759 0.310295 0.166229 -5.73669
0.0375062 -0.0703225 -0.246775 0.309523 0.166527 5.79158 -0.0375062 0.0703225 0.246775 0.314942 0.166528 -5.79158
0.0374558 -0.0713646 -0.232679 0.314142 0.166304 5.81903 -0.0374558 0.0713646 0.232679 0.319576 0.166304 -5.81903
0.0372357 -0.0724023 -0.221955 0.318751 0.165327 5.84648 -0.0372357 0.0724023 0.221955 0.324182 0.165327 -5.84648
0.0369665 -0.0734269 -0.214738 0.323304 0.164131 5.81903 -0.0369665 0.0734269 0.214738 0.328727 0.164131 -5.81903
0.0369559 -0.0744454 -0.208749 0.327816 0.164084 5.84648 -0.0369559 0.0744454 0.208749 0.33326 0.164084 -5.84648
0.0365817 -0.0754483 -0.206511 0.332275 0.162423 5.81903 -0.0365817 0.0754483 0.206511 0.337705 0.162423 -5.81903
0.0370855 -0.0764385 -0.203105 0.336641 0.16466 5.79158 -0.0370855 0.0764385 0.203105 0.342133 0.164659 -5.79158
0.0379686 -0.0774291 -0.198788 0.340986 0.168581 5.73669 -0.0379686 0.0774291 0.198788 0.346584 0.168581 -5.73669
0.0385663 -0.0784024 -0.194437 0.345258 0.171235 5.73669 -0.0385663 0.0784024 0.194437 0.350956 0.171234 -5.73669
0.0396813 -0.0793625 -0.187406 0.349455 0.176185 5.70924 -0.0396813 0.0793625 0.187406 0.355284 0.176185 -5.70924
0.0406502 -0.0803161 -0.177374 0.353623 0.180487 5.68179 -0.0406502 0.0803161 0.177374 0.359584 0.180487 -5.68179
0.0412224 -0.0812581 -0.166413 0.357758 0.183027 5.68179 -0.0412224 0.0812581 0.166413 0.363814 0.183028 -5.68179
0.0416628 -0.0822164 -0.15351 0.36197 0.184983 5.65434 -0.0416628 0.0822164 0.15351 0.368112 0.184983 -5.65434
0.0418772 -0.0831517 -0.14005 0.366101 0.185935 5.68179 -0.0418772 0.0831517 0.14005 0.372286 0.185935 -5.68179
0.0420387 -0.0840966 -0.124701 0.37027 0.186653 5.70924 -0.0420387 0.0840966 0.124701 0.376508 0.186651 -5.70924
0.0425026 -0.0850524 -0.10762 0.374471 0.188712 5.73669 -0.0425026 0.0850524 0.10762 0.380794 0.188711 -5.73669
0.0424377 -0.085988 -0.0920056 0.378612 0.188423 5.76414 -0.0424377 0.085988 0.0920056 0.384961 0.188424 -5.76414
0.0420601 -0.0869259 -0.0764341 0.382775 0.186746 5.76414 -0.0420601 0.0869259 0.0764341 0.389127 0.186747 -5.76414
0.0422062 -0.0878603 -0.059267 0.386896 0.187396 5.81903 -0.0422062 0.0878603 0.059267 0.393303 0.187396 -5.81903
0.0425016 -0.0887991 -0.0418041 0.391041 0.188707 5.84648 -0.0425016 0.0887991 0.0418041 0.397494 0.188707 -5.84648
0.0430488 -0.0897323 -0.0242412 0.395148 0.191137 5.87393 -0.0430488 0.0897323 0.0242412 0.401675 0.191136 -5.87393
0.0432438 -0.0906598 -0.0071775 0.399234 0.192003 5.90138 -0.0432438 0.0906598 0.0071775 0.405824 0.192003 -5.90138
0.0438899 -0.0915917 0.0111591 0.403324 0.194871 5.90138 -0.0438899 0.0915917 -0.0111591 0.41001 0.194871 -5.90138
0.0437757 -0.0925143 0.0294899 0.407413 0.194364 5.92883 -0.0437757 0.0925143 -0.0294899 0.414114 0.194364 -5.92883
0.0438536 -0.0934351 0.0466525 0.411498 0.194697 5.95627 -0.0438536 0.0934351 -0.0466525 0.418206 0.194723 -5.95627
0.0441577 -0.0943671 0.0681944 0.415588 0.19606 6.01117 -0.0441577 0.0943671 -0.0681944 0.422392 0.19606 -6.01117
0.0447081 -0.0953007 0.0882655 0.419693 0.198504 6.03862 -0.0447081 0.0953007 -0.0882655 0.426578 0.198504 -6.03862
0.0447982 -0.0962252 0.107108 0.423775 0.198904 6.03862 -0.0447982 0.0962252 -0.107108 0.430704 0.198904 -6.03862
0.0457817 -0.0971476 0.12763 0.427811 0.203271 6.09352 -0.0457817 0.0971476 -0.12763 0.434859 0.203271 -6.09352
0.0456262 -0.0980657 0.144658 0.431884 0.20258 6.12096 -0.0456262 0.0980657 -0.144658 0.438939 0.20258 -6.12096
0.0461545 -0.0989999 0.163269 0.435993 0.204926 6.14841 -0.0461545 0.0989999 -0.163269 0.443127 0.204926 -6.14841
0.0458135 -0.0999159 0.178533 0.440065 0.203412 6.14841 -0.0458135 0.0999159 -0.178533 0.447188 0.203412 -6.14841
0.0459523 -0.100845 0.193755 0.444173 0.204029 6.14841 -0.0459523 0.100845 -0.193755 0.451332 0.204028 -6.14841
0.046263 -0.101762 0.208859 0.448215 0.205408 6.17586 -0.046263 0.101762 -0.208859 0.455428 0.205407 -6.17586
0.0467271 -0.102696 0.222338 0.452333 0.207469 6.17586 -0.0467271 0.102696 -0.222338 0.459609 0.207468 -6.17586
0.0470287 -0.103612 0.233694 0.456372 0.208807 6.17586 -0.0470287 0.103612 -0.233694 0.463698 0.208808 -6.17586
0.0472183 -0.10453 0.242279 0.460432 0.209649 6.14841 -0.0472183 0.10453 -0.242279 0.467797 0.209649 -6.14841
0.0467436 -0.105433 0.247035 0.464449 0.207542 6.12096 -0.0467436 0.105433 -0.247035 0.471799 0.207541 -6.12096
0.0472314 -0.106332 0.251632 0.468411 0.209707 6.06607 -0.0472314 0.106332 -0.251632 0.47582 0.209708 -6.06607
0.0483061 -0.107229 0.255542 0.472334 0.214479 6.03862 -0.0483061 0.107229 -0.255542 0.479858 0.214479 -6.03862
0.0486823 -0.108109 0.257518 0.476198 0.216149 5.95627 -0.0486823 0.108109 -0.257518 0.483809 0.216149 -5.95627
0.0497448 -0.108995 0.259373 0.480076 0.220867 5.90138 -0.0497448 0.108995 -0.259373 0.487798 0.220867 -5.90138
0.0503407 -0.109854 0.26098 0.483848 0.223512 5.84648 -0.0503407 0.109854 -0.26098 0.491653 0.223513 -5.84648
0.0518983 -0.110714 0.265969 0.48758 0.230428 5.79158 -0.0518983 0.110714 -0.265969 0.495563 0.230429 -5.79158
0.0530115 -0.11157 0.270532 0.491317 0.235371 5.73669 -0.0530115 0.11157 -0.270532 0.499427 0.235371 -5.73669
0.0549516 -0.112415 0.278779 0.494967 0.243985 5.68179 -0.0549516 0.112415 -0.278779 0.503276 0.243985 -5.68179
0.0568549 -0.113263 0.288169 0.498634 0.252436 5.62689 -0.0568549 0.113263 -0.288169 0.50714 0.252436 -5.62689
0.0576315 -0.1141 0.297174 0.502299 0.255884 5.59945 -0.0576315 0.1141 -0.297174 0.510905 0.255884 -5.59945
0.059454 -0.114942 0.309668 0.505946 0.263976 5.59945 -0.059454 0.114942 -0.309668 0.51474 0.263976 -5.59945
0.0603205 -0.115781 0.321094 0.509618 0.267823 5.54455 -0.0603205 0.115781 -0.321094 0.518513 0.267823 -5.54455
0.061256 -0.116629 0.33376 0.513332 0.271977 5.54455 -0.061256 0.116629 -0.33376 0.522334 0.271977 -5.54455
0.0624091 -0.117457 0.347636 0.516947 0.277096 5.48965 -0.0624091 0.117457 -0.347636 0.526076 0.277096 -5.48965
0.0627463 -0.118301 0.360906 0.520672 0.278593 5.43476 -0.0627463 0.118301 -0.360906 0.529838 0.278594 -5.43476
0.0634744 -0.119145 0.376109 0.524386 0.281826 5.43476 -0.0634744 0.119145 -0.376109 0.533626 0.281827 -5.43476
0.0638816 -0.120002 0.391428 0.528163 0.283635 5.43476 -0.0638816 0.120002 -0.391428 0.537456 0.283634 -5.43476
0.0642325 -0.120841 0.406643 0.531862 0.285192 5.43476 -0.0642325 0.120841 -0.406643 0.541206 0.285193 -5.43476
0.0639961 -0.121676 0.420783 0.535566 0.284143 5.43476 -0.0639961 0.121676 -0.420783 0.54492 0.284142 -5.43476
0.064202 -0.122513 0.435934 0.539258 0.285057 5.43476 -0.064202 0.122513 -0.435934 0.548656 0.285057 -5.43476
0.0641176 -0.123352 0.450629 0.542972 0.284683 5.43476 -0.0641176 0.123352 -0.450629 0.552397 0.284682 -5.43476
0.0632377 -0.124187 0.463145 0.546694 0.280776 5.43476 -0.0632377 0.124187 -0.463145 0.556082 0.280775 -5.43476
0.0630091 -0.12502 0.476888 0.550385 0.27976 5.43476 -0.0630091 0.12502 -0.476888 0.55979 0.27976 -5.43476
0.0632445 -0.125858 0.491594 0.554082 0.280806 5.43476 -0.0632445 0.125858 -0.491594 0.563541 0.280805 -5.43476
0.0633894 -0.126695 0.507327 0.557758 0.281449 5.43476 -0.0633894 0.126695 -0.507327 0.56729 0.281449 -5.43476
0.063687 -0.127518 0.524114 0.56137 0.28277 5.43476 -0.063687 0.127518 -0.524114 0.570987 0.28277 -5.43476
0.0625778 -0.128328 0.537806 0.564983 0.277845 5.43476 -0.0625778 0.128328 -0.537806 0.574565 0.277845 -5.43476
0.0633464 -0.129155 0.555151 0.568599 0.281258 5.37986 -0.0633464 0.129155 -0.555151 0.5783 0.281258 -5.37986
0.0624283 -0.12996 0.568937 0.572189 0.277182 5.43476 -0.0624283 0.12996 -0.568937 0.581859 0.277181 -5.43476
0.0633865 -0.130784 0.586454 0.575781 0.281436 5.43476 -0.0633865 0.130784 -0.586454 0.585577 0.281436 -5.43476
0.0630263 -0.131587 0.600646 0.57935 0.279837 5.37986 -0.0630263 0.131587 -0.600646 0.589144 0.279837 -5.37986
0.0632877 -0.132423 0.616909 0.583016 0.280998 5.43476 -0.0632877 0.132423 -0.616909 0.592902 0.280997 -5.43476
0.0637105 -0.133242 0.63264 0.586616 0.282875 5.43476 -0.0637105 0.133242 -0.63264 0.596576 0.282875 -5.43476
0.0632522 -0.13406 0.646565 0.590251 0.280841 5.37986 -0.0632522 0.13406 -0.646565 0.600199 0.280839 -5.37986
0.063222 -0.134889 0.661997 0.593906 0.280706 5.43476 -0.063222 0.134889 -0.661997 0.603905 0.280705 -5.43476
0.0632491 -0.135711 0.677364 0.597536 0.280826 5.37986 -0.0632491 0.135711 -0.677364 0.607581 0.280826 -5.37986
0.0632273 -0.136533 0.692411 0.601168 0.28073 5.43476 -0.0632273 0.136533 -0.692411 0.611245 0.280729 -5.43476
0.0630347 -0.137353 0.707352 0.604797 0.279874 5.37986 -0.0630347 0.137353 -0.707352 0.614899 0.279874 -5.37986
0.063249 -0.138176 0.723195 0.608417 0.280826 5.37986 -0.063249 0.138176 -0.723195 0.618583 0.280824 -5.37986
0.0634519 -0.138988 0.738867 0.611995 0.281726 5.37986 -0.0634519 0.138988 -0.738867 0.622218 0.281727 -5.37986
0.0638255 -0.139818 0.75447 0.615651 0.283386 5.37986 -0.0638255 0.139818 -0.75447 0.625932 0.283385 -5.37986
0.0638625 -0.140645 0.770543 0.619293 0.28355 5.37986 -0.0638625 0.140645 -0.770543 0.629638 0.28355 -5.37986
0.0633928 -0.141451 0.785113 0.622868 0.281464 5.37986 -0.0633928 0.141451 -0.785113 0.633219 0.281464 -5.37986
0.0637499 -0.142272 0.80105 0.626477 0.28305 5.37986 -0.0637499 0.142272 -0.80105 0.636896 0.28305 -5.37986
0.0634461 -0.143094 0.815576 0.630126 0.281701 5.37986 -0.0634461 0.143094 -0.815576 0.640547 0.2817 -5.37986
0.0643491 -0.143917 0.832837 0.633719 0.28571 5.37986 -0.0643491 0.143917 -0.832837 0.644262 0.28571 -5.37986
0.0644172 -0.144736 0.848528 0.637329 0.286013 5.37986 -0.0644172 0.144736 -0.848528 0.647924 0.286012 -5.37986
0.0645258 -0.145557 0.864283 0.640949 0.286494 5.32496 -0.0645258 0.145557 -0.864283 0.6516 0.286495 -5.32496
0.0644266 -0.146384 0.879396 0.644607 0.286054 5.32496 -0.0644266 0.146384 -0.879396 0.655285 0.286054 -5.32496
0.0644275 -0.147197 0.895035 0.648193 0.286058 5.32496 -0.0644275 0.147197 -0.895035 0.65892 0.286058 -5.32496
0.0640638 -0.148005 0.909392 0.65178 0.284443 5.32496 -0.0640638 0.148005 -0.909392 0.662507 0.284443 -5.32496
0.064485 -0.148827 0.925826 0.65539 0.286314 5.37986 -0.064485 0.148827 -0.925826 0.666193 0.286314 -5.37986
0.0638088 -0.149643 0.940959 0.659022 0.283311 5.32496 -0.0638088 0.149643 -0.940959 0.66981 0.283311 -5.32496
0.0641276 -0.150474 0.957992 0.662678 0.284727 5.37986 -0.0641276 0.150474 -0.957992 0.67353 0.284726 -5.37986
0.0632119 -0.151279 0.972735 0.666272 0.280661 5.32496 -0.0632119 0.151279 -0.972735 0.677089 0.280661 -5.32496
0.063355 -0.152104 0.989339 0.669904 0.281296 5.37986 -0.063355 0.152104 -0.989339 0.680783 0.281296 -5.37986
0.0636482 -0.152927 1.00675 0.673525 0.282598 5.37986 -0.0636482 0.152927 -1.00675 0.684468 0.282598 -5.37986
0.0629518 -0.153734 1.02206 0.677116 0.279506 5.37986 -0.0629518 0.153734 -1.02206 0.688041 0.279506 -5.37986
0.0632105 -0.154557 1.03919 0.68074 0.280655 5.37986 -0.0632105 0.154557 -1.03919 0.69173 0.280655 -5.37986
0.0622925 -0.155367 1.05447 0.684348 0.276579 5.32496 -0.0622925 0.155367 -1.05447 0.695312 0.276579 -5.32496
0.0623375 -0.156195 1.07083 0.687998 0.276779 5.32496 -0.0623375 0.156195 -1.07083 0.699016 0.276778 -5.32496
0.0626699 -0.157007 1.08751 0.691563 0.278255 5.32496 -0.0626699 0.157007 -1.08751 0.702663 0.278254 -5.32496
0.0626005 -0.157809 1.10326 0.695101 0.277946 5.32496 -0.0626005 0.157809 -1.10326 0.706246 0.277946 -5.32496
0.0623544 -0.15862 1.1188 0.698687 0.276853 5.37986 -0.0623544 0.15862 -1.1188 0.709858 0.276854 -5.37986
0.0627954 -0.159436 1.13554 0.702271 0.278811 5.32496 -0.0627954 0.159436 -1.13554 0.713523 0.278812 -5.32496
0.062747 -0.160249 1.15179 0.705859 0.278597 5.32496 -0.062747 0.160249 -1.15179 0.717156 0.278597 -5.32496
0.0626027 -0.161061 1.16795 0.709445 0.277956 5.32496 -0.0626027 0.161061 -1.16795 0.720778 0.277956 -5.32496
0.0627914 -0.161889 1.1846 0.713092 0.278794 5.32496 -0.0627914 0.161889 -1.1846 0.724483 0.278794 -5.32496
0.0621113 -0.162691 1.19994 0.716655 0.275774 5.32496 -0.0621113 0.162691 -1.19994 0.728039 0.275774 -5.32496
0.0622121 -0.16351 1.21619 0.720273 0.276222 5.27007 -0.0622121 0.16351 -1.21619 0.731699 0.276222 -5.27007
0.0626822 -0.164318 1.23296 0.723823 0.278309 5.27007 -0.0626822 0.164318 -1.23296 0.735322 0.278309 -5.27007
0.0630363 -0.165133 1.25034 0.727403 0.279881 5.27007 -0.0630363 0.165133 -1.25034 0.738977 0.279881 -5.27007
0.0630408 -0.165938 1.2675 0.730963 0.279901 5.27007 -0.0630408 0.165938 -1.2675 0.742569 0.279901 -5.27007
0.063684 -0.166753 1.28612 0.734537 0.282756 5.27007 -0.063684 0.166753 -1.28612 0.74623 0.282757 -5.27007
0.0631098 -0.16756 1.30369 0.738123 0.280207 5.27007 -0.0631098 0.16756 -1.30369 0.749813 0.280207 -5.27007
0.0627964 -0.168369 1.32156 0.741706 0.278816 5.27007 -0.0627964 0.168369 -1.32156 0.753409 0.278816 -5.27007
0.0623686 -0.169181 1.34144 0.745292 0.276917 5.27007 -0.0623686 0.169181 -1.34144 0.757033 0.276917 -5.27007
0.062665 -0.169975 1.36292 0.748775 0.278232 5.27007 -0.062665 0.169975 -1.36292 0.760605 0.278233 -5.27007
0.0614869 -0.17076 1.3834 0.752267 0.273002 5.32496 -0.0614869 0.17076 -1.3834 0.764086 0.273002 -5.32496
0.0610863 -0.171556 1.40285 0.755792 0.271223 5.27007 -0.0610863 0.171556 -1.40285 0.767622 0.271224 -5.27007
0.0610411 -0.172357 1.4249 0.759306 0.271023 5.27007 -0.0610411 0.172357 -1.4249 0.771226 0.271022 -5.27007
0.0597287 -0.173135 1.4459 0.76276 0.265196 5.27007 -0.0597287 0.173135 -1.4459 0.77468 0.265196 -5.27007
0.0588166 -0.173922 1.46611 0.766251 0.261146 5.32496 -0.0588166 0.173922 -1.46611 0.778177 0.261146 -5.32496
0.0586911 -0.174716 1.48777 0.769735 0.260588 5.27007 -0.0586911 0.174716 -1.48777 0.781741 0.260589 -5.27007
0.0578604 -0.175504 1.50824 0.773229 0.2569 5.27007 -0.0578604 0.175504 -1.50824 0.78525 0.2569 -5.27007
0.057849 -0.176303 1.52802 0.776737 0.256849 5.27007 -0.057849 0.176303 -1.52802 0.78883 0.25685 -5.27007
0.0579597 -0.177089 1.54939 0.780176 0.257341 5.27007 -0.0579597 0.177089 -1.54939 0.792375 0.257341 -5.27007
0.0570747 -0.177876 1.56925 0.783655 0.253412 5.27007 -0.0570747 0.177876 -1.56925 0.795884 0.253412 -5.27007
0.0570282 -0.17865 1.58935 0.787053 0.253205 5.27007 -0.0570282 0.17865 -1.58935 0.799361 0.253206 -5.27007
0.0568722 -0.179433 1.61004 0.79049 0.252513 5.27007 -0.0568722 0.179433 -1.61004 0.80288 0.252513 -5.27007
0.0570297 -0.180235 1.6309 0.793993 0.253212 5.21517 -0.0570297 0.180235 -1.6309 0.80649 0.253212 -5.21517
0.0559991 -0.181012 1.64867 0.797444 0.248637 5.21517 -0.0559991 0.181012 -1.64867 0.809946 0.248636 -5.21517
0.0563968 -0.181806 1.66779 0.800917 0.250402 5.21517 -0.0563968 0.181806 -1.66779 0.813519 0.250402 -5.21517
0.0563899 -0.182591 1.68684 0.804364 0.250371 5.21517 -0.0563899 0.182591 -1.68684 0.817046 0.250371 -5.21517
0.0551346 -0.183357 1.7038 0.807776 0.244798 5.16027 -0.0551346 0.183357 -1.7038 0.820436 0.244797 -5.16027
0.0552318 -0.184146 1.72343 0.811229 0.24523 5.16027 -0.0552318 0.184146 -1.72343 0.823984 0.245229 -5.16027
0.0544002 -0.184932 1.74169 0.814712 0.241537 5.16027 -0.0544002 0.184932 -1.74169 0.827483 0.241537 -5.16027
