-7974.97 -3.91749e-005
-7681.57 -3.77336e-005
-7389.31 -3.6298e-005
-7025.81 -3.45124e-005
-6139.49 -3.01585e-005
-4956.82 -2.4349e-005
-3607.73 -1.7722e-005
-2223.13 -1.09205e-005
-802.66 -3.94285e-006
637.326 3.13069e-006
2127.5 1.04507e-005
3608.8 1.77272e-005
5066.94 2.489e-005
6522.36 3.20393e-005
7948.3 3.90439e-005
9287.14 4.56205e-005
10638.8 5.22601e-005
11958.7 5.8744e-005
13207.3 6.48773e-005
14476 7.11094e-005
15781.1 7.75204e-005
17073.8 8.38701e-005
18311.6 8.99505e-005
19493.6 9.57571e-005
20712.1 0.000101742
21942.3 0.000107786
23093.1 0.000113438
24277.5 0.000119257
25460 0.000125065
26581.6 0.000130575
27690.1 0.00013602
28810.1 0.000141522
29961.6 0.000147178
31148.7 0.000153009
32293 0.000158631
33472.8 0.000164426
34648.3 0.0001702
35848 0.000176094
37029.9 0.000181899
38193.5 0.000187615
39317 0.000193134
40455.7 0.000198728
41630.2 0.000204497
42769.5 0.000210094
43969.8 0.00021599
45169.2 0.000221881
46375.2 0.000227805
47653.3 0.000234084
48998.7 0.000240693
50377.7 0.000247467
51857.3 0.000254735
53388.4 0.000262256
54998.4 0.000270165
56663.8 0.000278345
58325.5 0.000286508
60051.4 0.000294986
61762.1 0.00030339
63515 0.000312
65267.7 0.00032061
67037.1 0.000329302
68808.9 0.000338005
70640.8 0.000347003
72502 0.000356146
74389.3 0.000365417
76281.9 0.000374714
78217.2 0.00038422
80212.2 0.000394021
82300.4 0.000404278
84492.3 0.000415045
86773.6 0.000426252
89253 0.000438431
91901.3 0.00045144
94807.7 0.000465717
97922.2 0.000481016
101191 0.000497075
104554 0.000513592
107970 0.000530374
111494 0.000547682
114978 0.000564798
118459 0.000581897
121924 0.000598921
125380 0.000615894
128887 0.000633123
132367 0.000650221
135852 0.000667339
139356 0.000684554
142756 0.000701259
146272 0.000718534
149936 0.000736545
153605 0.000754582
157199 0.000772261
160821 0.000790092
164377 0.000807615
167879 0.000824902
171469 0.000842662
175003 0.000860211
178544 0.000877884
182112 0.000895828
185523 0.000913158
188987 0.000931019
192332 0.000948627
195701 0.000966886
198959 0.000985263
202121 0.0010041
205121 0.00102337
207860 0.00104278
210452 0.0010637
212649 0.00108466
214494 0.00110622
216046 0.0011294
217219 0.00115274
218110 0.00117707
218757 0.00120191
219213 0.00122693
219539 0.00125262
219773 0.00127891
219931 0.00130404
220052 0.00133037
220141 0.00135605
220210 0.00138208
220265 0.00140786
220311 0.00143341
220351 0.0014591
220387 0.00148455
220420 0.00151044
220451 0.00153623
220481 0.00156229
220509 0.00158725
220536 0.00161217
220563 0.00163737
220589 0.0016624
220616 0.0016879
220643 0.00171369
220670 0.00173972
220696 0.0017657
220724 0.00179228
220752 0.00181991
220779 0.00184649
220806 0.00187313
220834 0.00190015
220861 0.00192693
220889 0.00195393
220915 0.00197997
220944 0.00200769
220970 0.00203387
220997 0.00206041
221024 0.00208709
221053 0.00211484
221080 0.00214127
221107 0.00216799
221134 0.00219448
221162 0.00222206
221189 0.00224916
221216 0.00227572
221244 0.00230256
221271 0.00232945
221299 0.00235684
221326 0.00238315
221352 0.00240941
221380 0.00243608
221407 0.00246259
221434 0.00248963
221461 0.0025159
221489 0.00254313
221515 0.00256955
221542 0.0025957
221569 0.00262243
221597 0.0026492
221623 0.00267564
221650 0.0027022
221678 0.00272939
221705 0.00275567
221733 0.00278298
221759 0.00280924
221786 0.00283582
221815 0.00286354
221843 0.00289086
221870 0.00291747
221897 0.00294442
221924 0.00297083
221950 0.00299692
221977 0.00302308
222005 0.00305006
222031 0.00307638
222057 0.00310179
222084 0.00312842
222110 0.00315401
222137 0.00318039
222164 0.00320711
222191 0.00323279
222217 0.00325923
222243 0.00328467
222270 0.00331116
222297 0.00333726
222324 0.00336385
222351 0.00339059
222378 0.00341671
222405 0.00344343
222431 0.00346932
222459 0.00349627
