-8554.66 -4.20224e-005 -8280.65 -4.06764e-005
-8871.56 -4.35791e-005 -8310.42 -4.08226e-005
-9185.99 -4.51236e-005 -8338.6 -4.09611e-005
-9432.51 -4.63346e-005 -8333.89 -4.0938e-005
-9617.57 -4.72437e-005 -8225.21 -4.04041e-005
-9164.37 -4.50174e-005 -7675.37 -3.77031e-005
-8433.17 -4.14256e-005 -6824.98 -3.35258e-005
-7579.58 -3.72326e-005 -5822.27 -2.86003e-005
-6698.66 -3.29054e-005 -4724.01 -2.32054e-005
-5721.51 -2.81054e-005 -3516.19 -1.72723e-005
-4720.73 -2.31893e-005 -2301.14 -1.13037e-005
-3650.45 -1.79318e-005 -995.155 -4.88843e-006
-2532.54 -1.24404e-005 303.744 1.49206e-006
-1421.46 -6.98251e-006 1681.16 8.25824e-006
-237.894 -1.16859e-006 3135.68 1.54032e-005
1000.85 4.91638e-006 4483.99 2.20264e-005
2189.61 1.07559e-005 5848.34 2.87284e-005
3429.6 1.6847e-005 7264.09 3.56829e-005
4720.92 2.31902e-005 8645.3 4.24677e-005
5985.95 2.94043e-005 10000.5 4.91245e-005
7218.98 3.54613e-005 11359.5 5.58004e-005
8474.22 4.16273e-005 12713.3 6.24504e-005
9771.09 4.79978e-005 14076.4 6.91464e-005
11058.3 5.43206e-005 15389.9 7.55985e-005
12292.5 6.03834e-005 16742.2 8.22416e-005
13546.9 6.65455e-005 18128.4 8.9051e-005
14850.2 7.29477e-005 19527.4 9.59231e-005
16156.5 7.93643e-005 20910.3 0.000102716
17471.4 8.58237e-005 22253.9 0.000109316
18796.3 9.23315e-005 23547.5 0.000115671
20061 9.85439e-005 24826.2 0.000121952
21319 0.000104724 26110.3 0.00012826
22557.2 0.000110806 27403 0.000134609
23781.8 0.000116821 28707.3 0.000141017
25022.6 0.000122917 30033.3 0.00014753
26257.7 0.000128984 31376.9 0.000154131
27497.1 0.000135072 32732.7 0.000160791
28740.4 0.000141179 34087.6 0.000167446
29993.1 0.000147333 35453.3 0.000174155
31276.6 0.000153638 36768.3 0.000180614
32566 0.000159972 38060.1 0.00018696
33849 0.000166274 39353.2 0.000193312
35126.2 0.000172548 40658.6 0.000199724
36429.3 0.000178949 41981.9 0.000206224
37735.8 0.000185367 43308.6 0.000212742
39065.4 0.000191898 44664.7 0.000219403
40437.5 0.000198638 46053.7 0.000226226
41848.2 0.000205568 47478.3 0.000233224
43311.6 0.000212756 48958.1 0.000240493
44841.4 0.000220271 50506.6 0.0002481
46445.9 0.000228153 52131.9 0.000256084
48120.4 0.000236378 53848.2 0.000264515
49860.4 0.000244925 55630 0.000273267
51652.9 0.000253731 57468.5 0.000282298
53477.5 0.000262694 59363.3 0.000291606
55330.4 0.000271795 61280 0.000301021
57204.3 0.000281 63205.1 0.000310478
59079.7 0.000290213 65154.4 0.000320053
60974.1 0.000299518 67130.8 0.000329762
62858.7 0.000308776 69147.7 0.000339669
64747.7 0.000318056 71194.4 0.000349723
66636.8 0.000327335 73242.8 0.000359785
68557.4 0.000336769 75293.4 0.000369858
70538.2 0.000346499 77372.5 0.000380071
72558.8 0.000356425 79501.3 0.000390528
74604.9 0.000366476 81682.5 0.000401243
76698.2 0.000376759 83935.9 0.000412312
78861.6 0.000387386 86288.7 0.00042387
81120.4 0.000398481 88785.6 0.000436135
83496.5 0.000410154 91473.5 0.000449339
86054.1 0.000422717 94340.4 0.000463421
88802.9 0.00043622 97463.1 0.000478761
91776.8 0.000450828 100808 0.000495194
94977.7 0.000466552 104290 0.000512297
98360.8 0.00048317 107921 0.000530134
101854 0.000500329 111623 0.000548317
105442 0.000517954 115359 0.000566668
109082 0.000535837 119162 0.000585353
112739 0.000553801 122966 0.000604039
116400 0.000571783 126821 0.000622975
120045 0.000589689 130741 0.000642229
123708 0.00060768 134620 0.000661285
127397 0.000625803 138505 0.000680372
131091 0.000643953 142436 0.000699686
134768 0.000662015 146436 0.000719341
138481 0.000680256 150569 0.000739659
142151 0.000698287 154687 0.000759907
145893 0.000716673 158836 0.00078032
149782 0.00073579 162931 0.000800486
153695 0.000755027 167085 0.00082098
157511 0.000773801 171164 0.000841152
161347 0.000792687 175264 0.000861512
165153 0.000811453 179303 0.000881692
168934 0.00083013 183342 0.000902053
172733 0.000848948 187253 0.000922045
176480 0.000867592 191163 0.000942434
180222 0.000886335 194891 0.000962445
183953 0.000905201 198565 0.000983
187584 0.000923812 202022 0.00100351
191178 0.000942589 205306 0.00102463
194688 0.000961442 208279 0.00104598
198138 0.000980694 210933 0.001068
201459 0.00100025 213182 0.00109045
204620 0.00102028 215052 0.00111388
207561 0.00104086 216541 0.00113846
210220 0.00106209 217651 0.00116357
212569 0.00108431 218461 0.00118953
214527 0.00110723 219026 0.00121566
216095 0.00113095 219425 0.00124262
217316 0.00115585 219700 0.00126978
218209 0.00118131 219894 0.00129741
218850 0.00120747 220032 0.00132546
219299 0.00123405 220131 0.00135295
219609 0.00126085 220208 0.00138117
219827 0.001288 220268 0.00140917
219981 0.00131539 220318 0.00143749
220092 0.00134243 220361 0.00146575
220176 0.00136986 220399 0.00149391
220241 0.00139706 220435 0.00152246
220294 0.0014243 220469 0.00155127
220339 0.00145151 220501 0.00157993
220378 0.00147859 220532 0.00160847
220414 0.00150575 220563 0.00163716
220447 0.00153275 220593 0.00166581
220478 0.00155992 220623 0.00169429
220509 0.00158711 220653 0.00172321
220538 0.00161445 220683 0.00175288
220567 0.00164141 220714 0.00178309
220596 0.00166857 220745 0.0018131
220625 0.0016962 220775 0.00184259
220653 0.00172388 220806 0.00187287
220682 0.00175199 220836 0.00190228
220711 0.00178029 220867 0.00193261
220741 0.00180876 220897 0.00196227
220769 0.00183696 220928 0.0019926
220798 0.00186544 220959 0.00202267
220828 0.00189434 220989 0.00205231
220857 0.00192268 221020 0.0020825
220886 0.00195112 221050 0.00211258
220915 0.00197969 221081 0.00214246
220944 0.00200818 221111 0.00217238
220973 0.00203687 221142 0.00220263
221002 0.00206506 221172 0.0022325
221031 0.00209396 221203 0.00226276
221060 0.0021222 221234 0.00229314
221089 0.00215075 221264 0.00232296
221118 0.00217924 221295 0.00235313
221148 0.00220816 221326 0.002383
221177 0.0022366 221357 0.00241357
221206 0.00226514 221387 0.0024438
221234 0.00229352 221418 0.00247406
221264 0.00232236 221449 0.00250432
221293 0.00235121 221480 0.0025346
221322 0.0023796 221510 0.00256429
221351 0.00240818 221541 0.00259469
221380 0.00243677 221572 0.00262487
221410 0.00246556 221603 0.00265556
221439 0.00249394 221633 0.0026855
221467 0.00252217 221665 0.00271639
221496 0.00255085 221696 0.00274676
221525 0.00257937 221726 0.00277674
221555 0.00260814 221758 0.00280746
221584 0.00263655 221788 0.00283752
221613 0.00266541 221820 0.00286854
221642 0.00269405 221851 0.00289952
221671 0.00272259 221882 0.00293013
221700 0.00275133 221914 0.00296086
221730 0.00278011 221945 0.00299194
221759 0.00280874 221977 0.00302285
221788 0.00283745 222008 0.00305375
221818 0.00286636 222040 0.00308501
221847 0.00289502 222071 0.00311563
221876 0.00292402 222103 0.00314669
221905 0.00295259 222134 0.0031776
221935 0.00298139 222166 0.00320881
221965 0.00301087 222198 0.00323972
221994 0.00304012 222230 0.00327113
222024 0.00306901 222261 0.00330214
222053 0.00309808 222293 0.00333332
222083 0.00312703 222325 0.00336481
222112 0.00315595 222357 0.00339609
222142 0.00318498 222388 0.00342676
222172 0.00321416 222420 0.00345777
222201 0.00324328 222452 0.00348925
222231 0.00327209 222483 0.00352001
222260 0.00330134 222514 0.00355096
222290 0.00333011 222546 0.00358234
222319 0.00335923 222578 0.00361331
222349 0.00338845 222610 0.00364517
222378 0.00341743 222642 0.00367634
222408 0.00344676 222674 0.0037077
222438 0.00347567 222706 0.00373912
222468 0.00350505 222738 0.00377036
222497 0.00353414 222770 0.00380216
222527 0.00356357 222802 0.00383334
222557 0.00359291 222834 0.00386491
222587 0.00362206 222866 0.00389635
222617 0.00365156 222897 0.00392721
222646 0.00368069 222930 0.00395894
222676 0.00371017 222961 0.00398999
