-2.63579 389.098 19.9182 2.63579 -389.098 0.00209977
-5.26151 389.1 39.7619 5.26151 -389.1 0.003996
-7.51467 389.14 56.8592 7.51467 -389.14 -0.00842815
-9.06881 389.711 68.8953 9.06881 -389.711 -0.137072
-10.2716 389.683 78.1625 10.2716 -389.683 -0.101908
-11.2583 389.623 85.8405 11.2583 -389.623 -0.0791672
-12.1188 389.491 92.5691 12.1188 -389.491 -0.0434122
-12.8926 389.582 98.6826 12.8926 -389.582 -0.0327768
-13.5994 389.397 104.291 13.5994 -389.397 -0.0157979
-14.2648 389.279 109.589 14.2648 -389.279 0.00537479
-14.8929 389.242 114.637 14.8929 -389.242 8.2343e-05
-15.4961 389.485 119.49 15.4961 -389.485 0.00907839
-16.0761 389.468 124.178 16.0761 -389.468 0.00751034
-16.6363 389.239 128.708 16.6363 -389.239 0.0155051
-17.1883 389.421 133.185 17.1883 -389.421 0.0203786
-17.7238 389.228 137.538 17.7238 -389.228 0.0221342
-18.2579 389.347 141.874 18.2579 -389.347 0.0349038
-18.7698 389.233 146.059 18.7698 -389.233 0.0308795
-19.2828 389.158 150.244 19.2828 -389.158 0.0347689
-19.7955 389.277 154.419 19.7955 -389.277 0.0509394
-20.2905 389.185 158.482 20.2905 -389.185 0.0422672
-20.7892 389.191 162.553 20.7892 -389.191 0.0564685
-21.2814 389.147 166.597 21.2814 -389.147 0.0472151
-21.775 389.23 170.631 21.775 -389.23 0.0625284
-22.2526 389.162 174.568 22.2526 -389.162 0.0519037
-22.7342 389.143 178.515 22.7342 -389.143 0.0622621
-23.2115 389.133 182.448 23.2115 -389.133 0.055032
-23.6901 389.125 186.376 23.6901 -389.125 0.061928
-24.165 389.111 190.289 24.165 -389.111 0.0573606
-24.6404 389.182 194.203 24.6404 -389.182 0.0571945
-25.1153 389.194 198.069 25.1153 -389.194 0.0994692
-25.577 389.153 201.899 25.577 -389.153 0.0785671
-26.0452 389.159 205.743 26.0452 -389.159 0.0928917
-26.5062 389.133 209.562 26.5062 -389.133 0.0786598
-26.9687 389.118 213.384 26.9687 -389.118 0.0722233
-27.4403 389.242 217.229 27.4403 -389.242 0.115414
-27.8953 389.183 221.008 27.8953 -389.183 0.0956006
-28.3558 389.174 224.801 28.3558 -389.174 0.10302
-28.8115 389.15 228.574 28.8115 -389.15 0.094518
-29.267 389.288 232.354 29.267 -389.288 0.0851431
-29.7234 389.254 236.094 29.7234 -389.254 0.114418
-30.1708 389.198 239.806 30.1708 -389.198 0.104654
-30.6186 389.16 243.52 30.6186 -389.16 0.0966963
-31.0732 389.19 247.253 31.0732 -389.19 0.123334
-31.5179 389.16 250.949 31.5179 -389.16 0.110038
-31.9648 389.15 254.651 31.9648 -389.15 0.108129
-32.4142 389.168 258.359 32.4142 -389.168 0.120881
-32.857 389.147 262.037 32.857 -389.147 0.111287
-33.3004 389.132 265.717 33.3004 -389.132 0.105506
-33.7457 389.135 269.402 33.7457 -389.135 0.109371
-34.1977 389.213 273.104 34.1977 -389.213 0.150136
-34.6361 389.182 276.755 34.6361 -389.182 0.134878
-35.0755 389.178 280.411 35.0755 -389.178 0.12417
-35.5162 389.162 284.065 35.5162 -389.162 0.123453
-35.9651 389.246 287.743 35.9651 -389.246 0.165759
-36.3997 389.207 291.367 36.3997 -389.207 0.150012
-36.8354 389.177 294.994 36.8354 -389.177 0.139134
-37.2715 389.314 298.637 37.2715 -389.314 0.124181
-37.7116 389.301 302.256 37.7116 -389.301 0.154568
-38.1422 389.239 305.839 38.1422 -389.239 0.148188
-38.5732 389.198 309.425 38.5732 -389.198 0.142445
-39.0046 389.17 313.014 39.0046 -389.17 0.137745
-39.4362 389.15 316.603 39.4362 -389.15 0.134403
-39.8713 389.178 320.205 39.8713 -389.178 0.148188
-40.3 389.158 323.774 40.3 -389.158 0.143384
-40.729 389.143 327.345 40.729 -389.143 0.140043
-41.1579 389.152 330.917 41.1579 -389.152 0.135623
-41.5869 389.135 334.483 41.5869 -389.135 0.135833
-42.0158 389.124 338.05 42.0158 -389.124 0.135961
-42.4471 389.152 341.625 42.4471 -389.152 0.148119
-42.8735 389.14 345.174 42.8735 -389.14 0.146834
-43.2994 389.129 348.719 43.2994 -389.129 0.145518
-43.7251 389.121 352.263 43.7251 -389.121 0.144757
-44.1507 389.115 355.806 44.1507 -389.115 0.144449
-44.576 389.11 359.346 44.576 -389.11 0.144493
-45.001 389.106 362.884 45.001 -389.106 0.144795
-45.4256 389.103 366.418 45.4256 -389.103 0.145267
-45.8556 389.198 369.973 45.8556 -389.198 0.173857
-46.2758 389.173 373.478 46.2758 -389.173 0.169652
-46.6957 389.16 376.98 46.6957 -389.16 0.167299
-47.1141 389.144 380.472 47.1141 -389.144 0.163952
-47.5315 389.132 383.955 47.5315 -389.132 0.161026
-47.9474 389.123 387.428 47.9474 -389.123 0.158377
-48.3615 389.115 390.887 48.3615 -389.115 0.155835
-48.7732 389.108 394.33 48.7732 -389.108 0.153219
-49.1821 389.102 397.751 49.1821 -389.102 0.15034
-49.5894 389.132 401.156 49.5894 -389.132 0.155598
-49.9888 389.118 404.508 49.9888 -389.118 0.150564
-50.3829 389.107 407.822 50.3829 -389.107 0.144666
-50.7707 389.096 411.091 50.7707 -389.096 0.137853
-51.151 389.087 414.305 51.151 -389.087 0.13006
-51.5226 389.081 417.455 51.5226 -389.081 0.122057
-51.8836 389.07 420.528 51.8836 -389.07 0.112491
-52.2332 389.059 423.516 52.2332 -389.059 0.102641
-52.5703 389.049 426.412 52.5703 -389.049 0.0933545
-52.8947 389.037 429.211 52.8947 -389.037 0.0857482
-53.2066 389.029 431.915 53.2066 -389.029 0.0807691
-53.5069 389.018 434.529 53.5069 -389.018 0.0797402
-53.7968 389.009 437.063 53.7968 -389.009 0.0823562
-54.0778 389.003 439.528 54.0778 -389.003 0.088032
-54.3513 389 441.936 54.3513 -389 0.095652
-54.6188 389.018 444.297 54.6188 -389.018 0.107319
-54.8788 389.014 446.605 54.8788 -389.014 0.114733
-55.1326 389.014 448.869 55.1326 -389.014 0.120545
-55.3801 389.017 451.088 55.3801 -389.017 0.124293
-55.6204 389.02 453.257 55.6204 -389.02 0.125808
-55.8527 389.073 455.377 55.8527 -389.073 0.121569
-56.0764 389.058 457.421 56.0764 -389.058 0.122538
-56.2893 389.068 459.395 56.2893 -389.068 0.116471
-56.4878 389.063 461.257 56.4878 -389.063 0.114245
-56.6764 389.052 463.041 56.6764 -389.052 0.115534
-56.8569 389.043 464.762 56.8569 -389.043 0.119462
-57.0307 389.036 466.432 57.0307 -389.036 0.126074
-57.1993 389.031 468.061 57.1993 -389.031 0.134689
-57.3639 389.029 469.66 57.3639 -389.029 0.144343
-57.5254 389.028 471.236 57.5254 -389.028 0.154146
-57.6844 389.03 472.794 57.6844 -389.03 0.163435
-57.8415 389.034 474.339 57.8415 -389.034 0.171785
-57.9968 389.043 475.872 57.9968 -389.043 0.179721
-58.1499 389.048 477.391 58.1499 -389.048 0.185502
-58.3009 389.052 478.895 58.3009 -389.052 0.189807
-58.4494 389.058 480.382 58.4494 -389.058 0.192564
-58.5947 389.063 481.847 58.5947 -389.063 0.193707
-58.7361 389.068 483.285 58.7361 -389.068 0.193199
-58.8726 389.072 484.689 58.8726 -389.072 0.191092
-59.0033 389.076 486.05 59.0033 -389.076 0.187622
-59.1272 389.078 487.362 59.1272 -389.078 0.183296
-59.2438 389.079 488.619 59.2438 -389.079 0.178886
-59.3527 389.078 489.819 59.3527 -389.078 0.175325
-59.4542 389.076 490.961 59.4542 -389.076 0.173497
-59.5489 389.072 492.051 59.5489 -389.072 0.173962
-59.6379 389.067 493.096 59.6379 -389.067 0.176795
-59.7221 389.062 494.104 59.7221 -389.062 0.18164
-59.7932 389.188 495.065 59.7932 -389.188 0.153452
-59.8616 389.14 495.936 59.8616 -389.14 0.171239
-59.9272 389.109 496.793 59.9272 -389.109 0.185726
-59.9908 389.09 497.639 59.9908 -389.09 0.197764
-60.0517 389.097 498.475 60.0517 -389.097 0.203213
-60.1113 389.084 499.294 60.1113 -389.084 0.2133
-60.1701 389.077 500.109 60.1701 -389.077 0.221615
-60.2281 389.074 500.921 60.2281 -389.074 0.228563
-60.2856 389.073 501.73 60.2856 -389.073 0.234442
-60.3427 389.073 502.537 60.3427 -389.073 0.239477
-60.3993 389.075 503.341 60.3993 -389.075 0.243835
-60.4556 389.077 504.144 60.4556 -389.077 0.24764
-60.5116 389.079 504.945 60.5116 -389.079 0.250985
-60.5672 389.081 505.743 60.5672 -389.081 0.253936
-60.6227 389.092 506.541 60.6227 -389.092 0.257929
-60.6774 389.092 507.334 60.6774 -389.092 0.260187
-60.7316 389.092 508.122 60.7316 -389.092 0.262066
-60.7852 389.092 508.907 60.7852 -389.092 0.263596
-60.838 389.093 509.686 60.838 -389.093 0.264786
-60.8899 389.095 510.459 60.8899 -389.095 0.265622
-60.9406 389.096 511.224 60.9406 -389.096 0.26608
-60.9898 389.097 511.978 60.9898 -389.097 0.266135
-61.0373 389.099 512.72 61.0373 -389.099 0.265766
-61.0827 389.101 513.447 61.0827 -389.101 0.264977
-61.1256 389.103 514.155 61.1256 -389.103 0.26381
-61.1656 389.105 514.842 61.1656 -389.105 0.26236
-61.2024 389.106 515.506 61.2024 -389.106 0.260784
-61.2357 389.107 516.143 61.2357 -389.107 0.259295
-61.2654 389.107 516.754 61.2654 -389.107 0.258138
-61.2915 389.107 517.336 61.2915 -389.107 0.25755
-61.314 389.105 517.892 61.314 -389.105 0.257712
-61.3334 389.103 518.423 61.3334 -389.103 0.258717
-61.3498 389.101 518.932 61.3498 -389.101 0.260552
-61.3637 389.097 519.421 61.3637 -389.097 0.263117
-61.3712 389.168 519.89 61.3712 -389.168 0.250213
-61.3717 389.134 520.268 61.3717 -389.134 0.259234
-61.3703 389.119 520.638 61.3703 -389.119 0.265722
-61.3674 389.109 520.998 61.3674 -389.109 0.271538
-61.3635 389.101 521.352 61.3635 -389.101 0.27679
-61.3586 389.096 521.699 61.3586 -389.096 0.281548
-61.3531 389.092 522.042 61.3531 -389.092 0.285867
-61.347 389.09 522.382 61.347 -389.09 0.289794
-61.3405 389.089 522.719 61.3405 -389.089 0.293375
-61.3336 389.088 523.053 61.3336 -389.088 0.296651
-61.3264 389.088 523.386 61.3264 -389.088 0.299661
-61.319 389.088 523.718 61.319 -389.088 0.302439
-61.3099 389.115 524.047 61.3099 -389.115 0.299501
-61.3009 389.107 524.364 61.3009 -389.107 0.303741
-61.2917 389.102 524.681 61.2917 -389.102 0.307241
-61.2824 389.099 524.997 61.2824 -389.099 0.310213
-61.2729 389.097 525.313 61.2729 -389.097 0.312805
-61.2632 389.095 525.628 61.2632 -389.095 0.315122
-61.2535 389.095 525.943 61.2535 -389.095 0.317237
-61.2437 389.094 526.257 61.2437 -389.094 0.319201
-61.2337 389.094 526.57 61.2337 -389.094 0.321052
-61.2237 389.094 526.884 61.2237 -389.094 0.322817
-61.2137 389.094 527.196 61.2137 -389.094 0.324515
-61.2035 389.094 527.509 61.2035 -389.094 0.326161
-61.1933 389.095 527.82 61.1933 -389.095 0.327766
-61.183 389.095 528.131 61.183 -389.095 0.329337
-61.1726 389.095 528.442 61.1726 -389.095 0.330882
-61.1622 389.095 528.752 61.1622 -389.095 0.332405
-61.1516 389.095 529.062 61.1516 -389.095 0.33391
-61.1411 389.095 529.372 61.1411 -389.095 0.3354
-61.1304 389.095 529.68 61.1304 -389.095 0.336878
-61.1197 389.095 529.989 61.1197 -389.095 0.338344
-61.109 389.095 530.296 61.109 -389.095 0.339802
-61.0981 389.096 530.604 61.0981 -389.096 0.341253
-61.0872 389.096 530.911 61.0872 -389.096 0.342697
-61.0762 389.096 531.217 61.0762 -389.096 0.344136
-61.0652 389.096 531.523 61.0652 -389.096 0.34557
-61.0541 389.096 531.828 61.0541 -389.096 0.347
-61.0429 389.096 532.133 61.0429 -389.096 0.348428
-61.0317 389.096 532.438 61.0317 -389.096 0.349852
-61.0204 389.096 532.742 61.0204 -389.096 0.351273
-61.009 389.096 533.045 61.009 -389.096 0.352691
-60.9976 389.096 533.348 60.9976 -389.096 0.354107
-60.9861 389.096 533.65 60.9861 -389.096 0.355521
-60.9745 389.096 533.952 60.9745 -389.096 0.356933
-60.9629 389.096 534.254 60.9629 -389.096 0.358345
-60.9512 389.096 534.555 60.9512 -389.096 0.359755
-60.9394 389.096 534.855 60.9394 -389.096 0.361164
-60.9275 389.096 535.155 60.9275 -389.096 0.362573
-60.9156 389.096 535.454 60.9156 -389.096 0.36398
-60.9036 389.096 535.753 60.9036 -389.096 0.365387
-60.8916 389.096 536.052 60.8916 -389.096 0.366792
-60.8794 389.096 536.349 60.8794 -389.096 0.368197
-60.8672 389.096 536.647 60.8672 -389.096 0.369601
-60.8549 389.096 536.943 60.8549 -389.096 0.371004
-60.8426 389.096 537.239 60.8426 -389.096 0.372406
-60.8301 389.096 537.535 60.8301 -389.096 0.373806
-60.8176 389.096 537.83 60.8176 -389.096 0.375206
-60.8051 389.096 538.124 60.8051 -389.096 0.376604
-60.7924 389.096 538.418 60.7924 -389.096 0.378
-60.7796 389.096 538.711 60.7796 -389.096 0.379395
-60.7668 389.096 539.004 60.7668 -389.096 0.380788
-60.7498 389.198 539.305 60.7498 -389.198 0.366368
-60.7328 389.169 539.555 60.7328 -389.169 0.373456
-60.7155 389.149 539.806 60.7155 -389.149 0.378655
-60.698 389.135 540.058 60.698 -389.135 0.382601
-60.6803 389.125 540.31 60.6803 -389.125 0.38568
-60.6624 389.117 540.563 60.6624 -389.117 0.388164
-60.6443 389.112 540.815 60.6443 -389.112 0.390237
-60.6262 389.109 541.067 60.6262 -389.109 0.392028
-60.6079 389.106 541.318 60.6079 -389.106 0.393626
-60.5894 389.104 541.569 60.5894 -389.104 0.395089
-60.5708 389.103 541.818 60.5708 -389.103 0.39646
-60.5521 389.102 542.067 60.5521 -389.102 0.397764
-60.5332 389.102 542.315 60.5332 -389.102 0.39902
-60.5141 389.101 542.561 60.5141 -389.101 0.400238
-60.4948 389.101 542.806 60.4948 -389.101 0.401426
-60.4753 389.102 543.049 60.4753 -389.102 0.402587
-60.4556 389.102 543.291 60.4556 -389.102 0.403724
-60.4355 389.102 543.531 60.4355 -389.102 0.404837
-60.4151 389.103 543.768 60.4151 -389.103 0.405928
-60.3944 389.103 544.003 60.3944 -389.103 0.406997
-60.3734 389.104 544.235 60.3734 -389.104 0.408046
-60.3519 389.105 544.464 60.3519 -389.105 0.409077
-60.3299 389.106 544.689 60.3299 -389.106 0.410094
-60.3075 389.107 544.912 60.3075 -389.107 0.4111
-60.2846 389.108 545.13 60.2846 -389.108 0.412103
-60.2611 389.109 545.344 60.2611 -389.109 0.413111
-60.237 389.11 545.554 60.237 -389.11 0.414131
-60.2123 389.111 545.759 60.2123 -389.111 0.415173
-60.187 389.111 545.96 60.187 -389.111 0.416249
-60.161 389.112 546.156 60.161 -389.112 0.417367
-60.1344 389.112 546.347 60.1344 -389.112 0.418536
-60.1072 389.113 546.533 60.1072 -389.113 0.419763
-60.0793 389.113 546.714 60.0793 -389.113 0.421054
-60.0508 389.113 546.891 60.0508 -389.113 0.42241
-60.0218 389.113 547.063 60.0218 -389.113 0.423832
-59.9921 389.112 547.231 59.9921 -389.112 0.425317
-59.9619 389.112 547.395 59.9619 -389.112 0.42686
-59.9313 389.111 547.555 59.9313 -389.111 0.428452
-59.9001 389.11 547.712 59.9001 -389.11 0.430087
-59.8686 389.109 547.865 59.8686 -389.109 0.431754
-59.8366 389.108 548.015 59.8366 -389.108 0.433445
-59.8043 389.107 548.163 59.8043 -389.107 0.43515
-59.7716 389.106 548.308 59.7716 -389.106 0.436862
-59.7387 389.105 548.451 59.7387 -389.105 0.438573
-59.7055 389.104 548.592 59.7055 -389.104 0.440277
-59.6703 389.145 548.736 59.6703 -389.145 0.436161
-59.6363 389.134 548.866 59.6363 -389.134 0.439865
-59.6019 389.125 548.995 59.6019 -389.125 0.442925
-59.5673 389.119 549.123 59.5673 -389.119 0.445526
-59.5325 389.114 549.251 59.5325 -389.114 0.447798
-59.4975 389.11 549.378 59.4975 -389.11 0.449833
-59.4624 389.107 549.504 59.4624 -389.107 0.451698
-59.4271 389.105 549.629 59.4271 -389.105 0.45344
-59.3917 389.104 549.754 59.3917 -389.104 0.455091
-59.3562 389.102 549.878 59.3562 -389.102 0.456678
-59.3207 389.101 550.002 59.3207 -389.101 0.458216
-59.285 389.1 550.125 59.285 -389.1 0.459718
-59.2493 389.1 550.248 59.2493 -389.1 0.461193
-59.2135 389.099 550.37 59.2135 -389.099 0.462648
-59.1776 389.099 550.492 59.1776 -389.099 0.464088
-59.1417 389.098 550.613 59.1417 -389.098 0.465515
-59.1058 389.098 550.734 59.1058 -389.098 0.466933
-59.0697 389.098 550.855 59.0697 -389.098 0.468344
-59.0337 389.097 550.976 59.0337 -389.097 0.469749
-58.9976 389.097 551.096 58.9976 -389.097 0.471148
-58.9614 389.097 551.216 58.9614 -389.097 0.472544
-58.9252 389.097 551.335 58.9252 -389.097 0.473937
-58.889 389.097 551.454 58.889 -389.097 0.475326
-58.8527 389.097 551.573 58.8527 -389.097 0.476713
-58.8164 389.097 551.692 58.8164 -389.097 0.478098
-58.7801 389.097 551.81 58.7801 -389.097 0.479482
