-2.66609 -2.63579 -2.63581 -2.63581 -2.66611
-4.60369 -5.26151 -5.26127 -5.26153 -4.60372
-5.72575 -7.51467 -7.51417 -7.51469 -5.72579
-6.57173 -9.06881 -9.0683 -9.06883 -6.57179
-7.28907 -10.2716 -10.2711 -10.2717 -7.28914
-7.932 -11.2583 -11.2579 -11.2584 -7.93208
-8.53643 -12.1188 -12.1183 -12.1188 -8.53652
-9.11158 -12.8926 -12.8921 -12.8926 -9.11168
-9.66809 -13.5994 -13.599 -13.5994 -9.6682
-10.2031 -14.2648 -14.2644 -14.2648 -10.2032
-10.7275 -14.8929 -14.8925 -14.893 -10.7276
-11.2488 -15.4961 -15.4957 -15.4962 -11.2489
-11.7577 -16.0761 -16.0757 -16.0761 -11.7579
-12.2656 -16.6363 -16.636 -16.6364 -12.2657
-12.7698 -17.1883 -17.1879 -17.1883 -12.77
-13.2737 -17.7238 -17.7234 -17.7238 -13.2739
-13.7723 -18.2579 -18.2575 -18.2579 -13.7725
-14.2648 -18.7698 -18.7695 -18.7698 -14.265
-14.7519 -19.2828 -19.2824 -19.2828 -14.7521
-15.2378 -19.7955 -19.7952 -19.7956 -15.238
-15.7263 -20.2905 -20.2901 -20.2905 -15.7265
-16.205 -20.7892 -20.7888 -20.7892 -16.2052
-16.679 -21.2814 -21.2811 -21.2814 -16.6792
-17.1625 -21.775 -21.7747 -21.7751 -17.1627
-17.6346 -22.2526 -22.2522 -22.2526 -17.6348
-18.104 -22.7342 -22.7339 -22.7342 -18.1043
-18.5766 -23.2115 -23.2111 -23.2115 -18.5769
-19.0445 -23.6901 -23.6897 -23.6901 -19.0448
-19.5103 -24.165 -24.1647 -24.165 -19.5107
-19.986 -24.6404 -24.64 -24.6404 -19.9864
-20.4465 -25.1153 -25.115 -25.1154 -20.4469
-20.9125 -25.577 -25.5767 -25.5771 -20.9128
-21.371 -26.0452 -26.0449 -26.0452 -21.3713
-21.8301 -26.5062 -26.5059 -26.5063 -21.8305
-22.2939 -26.9687 -26.9684 -26.9688 -22.2943
-22.7522 -27.4403 -27.44 -27.4404 -22.7526
-23.2092 -27.8953 -27.895 -27.8954 -23.2097
-23.6667 -28.3558 -28.3555 -28.3559 -23.6671
-24.1309 -28.8115 -28.8111 -28.8115 -24.1314
-24.5863 -29.267 -29.2667 -29.2671 -24.5867
-25.041 -29.7234 -29.723 -29.7234 -25.0414
-25.496 -30.1708 -30.1705 -30.1708 -25.4965
-25.9531 -30.6186 -30.6183 -30.6187 -25.9535
-26.4067 -31.0732 -31.0729 -31.0733 -26.4072
-26.8605 -31.5179 -31.5176 -31.518 -26.861
-27.3151 -31.9648 -31.9645 -31.9649 -27.3156
-27.7686 -32.4142 -32.4139 -32.4143 -27.7691
-28.2213 -32.857 -32.8567 -32.857 -28.2218
-28.6749 -33.3004 -33.3001 -33.3005 -28.6754
-29.1261 -33.7457 -33.7454 -33.7457 -29.1266
-29.5772 -34.1977 -34.1974 -34.1978 -29.5777
-30.0283 -34.6361 -34.6358 -34.6362 -30.0289
-30.4794 -35.0755 -35.0752 -35.0756 -30.48
-30.931 -35.5162 -35.5159 -35.5162 -30.9316
-31.3818 -35.9651 -35.9648 -35.9651 -31.3824
-31.8325 -36.3997 -36.3994 -36.3998 -31.8331
-32.2832 -36.8354 -36.8351 -36.8355 -32.2838
-32.7362 -37.2715 -37.2712 -37.2715 -32.7368
-33.1854 -37.7116 -37.7113 -37.7117 -33.1861
-33.6346 -38.1422 -38.1419 -38.1422 -33.6353
-34.0838 -38.5732 -38.5729 -38.5733 -34.0844
-34.5329 -39.0046 -39.0043 -39.0046 -34.5335
-34.9819 -39.4362 -39.4359 -39.4362 -34.9826
-35.4308 -39.8713 -39.871 -39.8714 -35.4315
-35.8797 -40.3 -40.2998 -40.3001 -35.8804
-36.3288 -40.729 -40.7287 -40.7291 -36.3295
-36.7774 -41.1579 -41.1576 -41.158 -36.7781
-37.2258 -41.5869 -41.5866 -41.587 -37.2265
-37.6742 -42.0158 -42.0156 -42.0159 -37.6749
-38.1224 -42.4471 -42.4469 -42.4472 -38.1231
-38.5716 -42.8735 -42.8732 -42.8735 -38.5723
-39.0188 -43.2994 -43.2991 -43.2994 -39.0195
-39.4657 -43.7251 -43.7249 -43.7252 -39.4665
-39.9125 -44.1507 -44.1505 -44.1508 -39.9132
-40.3589 -44.576 -44.5758 -44.5761 -40.3597
-40.8051 -45.001 -45.0008 -45.0011 -40.8059
-41.251 -45.4256 -45.4253 -45.4256 -41.2518
-41.6964 -45.8556 -45.8553 -45.8557 -41.6972
-42.1414 -46.2758 -46.2755 -46.2759 -42.1422
-42.5858 -46.6957 -46.6954 -46.6957 -42.5866
-43.0295 -47.1141 -47.1139 -47.1142 -43.0303
-43.4723 -47.5315 -47.5312 -47.5315 -43.4731
-43.914 -47.9474 -47.9472 -47.9475 -43.9148
-44.3544 -48.3615 -48.3612 -48.3615 -44.3552
-44.7932 -48.7732 -48.773 -48.7733 -44.794
-45.23 -49.1821 -49.1819 -49.1822 -45.2308
-45.6644 -49.5894 -49.5892 -49.5895 -45.6652
-46.0958 -49.9888 -49.9885 -49.9888 -46.0967
-46.5236 -50.3829 -50.3827 -50.383 -46.5244
-46.9468 -50.7707 -50.7705 -50.7708 -46.9477
-47.3647 -51.151 -51.1508 -51.1511 -47.3656
-47.7762 -51.5226 -51.5224 -51.5227 -47.777
-48.1799 -51.8836 -51.8834 -51.8837 -48.1808
-48.5744 -52.2332 -52.233 -52.2332 -48.5753
-48.9591 -52.5703 -52.5702 -52.5704 -48.9599
-49.3306 -52.8947 -52.8946 -52.8948 -49.3314
-49.6891 -53.2066 -53.2065 -53.2067 -49.6899
-50.0344 -53.5069 -53.5067 -53.5069 -50.0352
-50.3668 -53.7968 -53.7967 -53.7968 -50.3676
-50.6874 -54.0778 -54.0777 -54.0779 -50.6882
-50.9974 -54.3513 -54.3512 -54.3513 -50.9982
-51.2984 -54.6188 -54.6187 -54.6189 -51.2992
-51.5916 -54.8788 -54.8787 -54.8788 -51.5924
-51.8778 -55.1326 -55.1325 -55.1327 -51.8786
-52.1572 -55.3801 -55.38 -55.3802 -52.1581
-52.4298 -55.6204 -55.6204 -55.6205 -52.4306
-52.6947 -55.8527 -55.8526 -55.8528 -52.6955
-52.9512 -56.0764 -56.0763 -56.0764 -52.9521
-53.1984 -56.2893 -56.2892 -56.2894 -53.1992
-53.4355 -56.4878 -56.4878 -56.4879 -53.4363
-53.6624 -56.6764 -56.6764 -56.6765 -53.6632
-53.8798 -56.8569 -56.8569 -56.857 -53.8806
-54.0888 -57.0307 -57.0307 -57.0308 -54.0896
-54.2908 -57.1993 -57.1992 -57.1994 -54.2916
-54.4873 -57.3639 -57.3638 -57.3639 -54.4881
-54.6796 -57.5254 -57.5253 -57.5254 -54.6804
-54.8687 -57.6844 -57.6844 -57.6845 -54.8695
-55.0552 -57.8415 -57.8414 -57.8415 -55.0559
-55.2394 -57.9968 -57.9967 -57.9968 -55.2402
-55.4217 -58.1499 -58.1499 -58.15 -55.4224
-55.6018 -58.3009 -58.3009 -58.301 -55.6026
-55.7796 -58.4494 -58.4494 -58.4495 -55.7804
-55.9515 -58.5947 -58.5947 -58.5948 -55.9523
-56.1177 -58.7361 -58.7361 -58.7362 -56.1185
-56.2791 -58.8726 -58.8726 -58.8727 -56.2799
-56.4346 -59.0033 -59.0033 -59.0034 -56.4354
-56.5832 -59.1272 -59.1272 -59.1273 -56.584
-56.7222 -59.2438 -59.2438 -59.2438 -56.7229
-56.8534 -59.3527 -59.3527 -59.3527 -56.8542
-56.976 -59.4542 -59.4542 -59.4542 -56.9767
-57.0905 -59.5489 -59.5489 -59.549 -57.0913
-57.198 -59.6379 -59.6379 -59.638 -57.1988
-57.2998 -59.7221 -59.7221 -59.7222 -57.3006
-57.3971 -59.7932 -59.7932 -59.7932 -57.3978
-57.4909 -59.8616 -59.8616 -59.8616 -57.4917
-57.5822 -59.9272 -59.9272 -59.9273 -57.5829
-57.6715 -59.9908 -59.9908 -59.9909 -57.6722
-57.7594 -60.0517 -60.0517 -60.0517 -57.7601
-57.8462 -60.1113 -60.1113 -60.1114 -57.8469
-57.9322 -60.1701 -60.1701 -60.1701 -57.9329
-58.0175 -60.2281 -60.2281 -60.2282 -58.0183
-58.1024 -60.2856 -60.2856 -60.2857 -58.1031
-58.1867 -60.3427 -60.3427 -60.3427 -58.1875
-58.2707 -60.3993 -60.3993 -60.3994 -58.2714
-58.3544 -60.4556 -60.4556 -60.4557 -58.3551
-58.4376 -60.5116 -60.5116 -60.5116 -58.4383
-58.5205 -60.5672 -60.5672 -60.5672 -58.5211
-58.6029 -60.6227 -60.6227 -60.6227 -58.6036
-58.6848 -60.6774 -60.6774 -60.6775 -58.6855
-58.7661 -60.7316 -60.7316 -60.7317 -58.7667
-58.8466 -60.7852 -60.7852 -60.7852 -58.8473
-58.9262 -60.838 -60.838 -60.838 -58.9269
-59.0047 -60.8899 -60.8899 -60.8899 -59.0054
-59.0776 -60.9406 -60.9406 -60.9406 -59.0783
-59.1467 -60.9898 -60.9899 -60.9899 -59.1474
-59.2132 -61.0373 -61.0374 -61.0374 -59.2139
-59.2767 -61.0827 -61.0828 -61.0828 -59.2773
-59.3368 -61.1256 -61.1256 -61.1257 -59.3374
-59.3931 -61.1656 -61.1656 -61.1657 -59.3937
-59.4453 -61.2024 -61.2024 -61.2025 -59.446
-59.4933 -61.2357 -61.2357 -61.2358 -59.494
-59.5371 -61.2654 -61.2654 -61.2655 -59.5378
-59.577 -61.2915 -61.2915 -61.2915 -59.5776
-59.6132 -61.314 -61.3141 -61.3141 -59.6139
-59.6458 -61.3334 -61.3334 -61.3334 -59.6464
-59.6748 -61.3498 -61.3498 -61.3499 -59.6755
-59.7016 -61.3637 -61.3637 -61.3638 -59.7022
-59.7265 -61.3712 -61.3712 -61.3713 -59.7271
-59.7498 -61.3717 -61.3717 -61.3718 -59.7505
-59.772 -61.3703 -61.3703 -61.3703 -59.7726
-59.7933 -61.3674 -61.3675 -61.3675 -59.7939
-59.8138 -61.3635 -61.3635 -61.3635 -59.8144
-59.8337 -61.3586 -61.3587 -61.3587 -59.8343
-59.8532 -61.3531 -61.3531 -61.3532 -59.8538
-59.8723 -61.347 -61.347 -61.3471 -59.8729
-59.8911 -61.3405 -61.3405 -61.3405 -59.8916
-59.9096 -61.3336 -61.3336 -61.3336 -59.9102
-59.928 -61.3264 -61.3264 -61.3264 -59.9285
-59.9461 -61.319 -61.319 -61.319 -59.9467
-59.9642 -61.3099 -61.3099 -61.31 -59.9647
-59.982 -61.3009 -61.3009 -61.301 -59.9826
-59.9998 -61.2917 -61.2918 -61.2918 -60.0004
-60.0175 -61.2824 -61.2824 -61.2824 -60.018
-60.0351 -61.2729 -61.2729 -61.2729 -60.0356
-60.0526 -61.2632 -61.2633 -61.2633 -60.0531
-60.07 -61.2535 -61.2535 -61.2536 -60.0705
-60.0874 -61.2437 -61.2437 -61.2437 -60.0879
-60.1047 -61.2337 -61.2338 -61.2338 -60.1051
-60.1219 -61.2237 -61.2238 -61.2238 -60.1223
-60.139 -61.2137 -61.2137 -61.2137 -60.1395
-60.1561 -61.2035 -61.2035 -61.2036 -60.1565
-60.1731 -61.1933 -61.1933 -61.1933 -60.1735
-60.19 -61.183 -61.183 -61.183 -60.1905
-60.2069 -61.1726 -61.1726 -61.1727 -60.2073
-60.2237 -61.1622 -61.1622 -61.1622 -60.2241
-60.2405 -61.1516 -61.1517 -61.1517 -60.2409
-60.2572 -61.1411 -61.1411 -61.1411 -60.2576
-60.2738 -61.1304 -61.1305 -61.1305 -60.2742
-60.2904 -61.1197 -61.1198 -61.1198 -60.2908
-60.3069 -61.109 -61.109 -61.109 -60.3073
-60.3233 -61.0981 -61.0982 -61.0982 -60.3237
-60.3397 -61.0872 -61.0872 -61.0873 -60.3401
-60.3561 -61.0762 -61.0763 -61.0763 -60.3564
-60.3723 -61.0652 -61.0652 -61.0653 -60.3727
-60.3804 -61.0541 -61.0541 -61.0542 -60.3809
-60.3923 -61.0429 -61.043 -61.043 -60.3927
-60.4037 -61.0317 -61.0317 -61.0318 -60.4041
-60.4148 -61.0204 -61.0204 -61.0205 -60.4152
-60.4256 -61.009 -61.0091 -61.0091 -60.426
-60.4363 -60.9976 -60.9976 -60.9977 -60.4366
-60.4468 -60.9861 -60.9861 -60.9862 -60.4471
-60.4572 -60.9745 -60.9745 -60.9746 -60.4575
-60.4675 -60.9629 -60.9629 -60.9629 -60.4678
-60.4778 -60.9512 -60.9512 -60.9512 -60.4781
-60.488 -60.9394 -60.9394 -60.9395 -60.4882
-60.4981 -60.9275 -60.9276 -60.9276 -60.4984
-60.5082 -60.9156 -60.9156 -60.9157 -60.5084
-60.5182 -60.9036 -60.9037 -60.9037 -60.5185
-60.5282 -60.8916 -60.8916 -60.8916 -60.5284
-60.5381 -60.8794 -60.8795 -60.8795 -60.5384
-60.548 -60.8672 -60.8673 -60.8673 -60.5482
-60.5579 -60.8549 -60.855 -60.855 -60.5581
-60.5676 -60.8426 -60.8426 -60.8427 -60.5678
-60.5774 -60.8301 -60.8302 -60.8302 -60.5776
-60.587 -60.8176 -60.8177 -60.8177 -60.5872
-60.5966 -60.8051 -60.8051 -60.8051 -60.5968
-60.6061 -60.7924 -60.7924 -60.7925 -60.6063
-60.6156 -60.7796 -60.7797 -60.7797 -60.6157
-60.6249 -60.7668 -60.7668 -60.7669 -60.625
-60.6342 -60.7498 -60.7498 -60.7499 -60.6343
-60.6433 -60.7328 -60.7329 -60.7329 -60.6434
-60.6523 -60.7155 -60.7156 -60.7156 -60.6524
-60.6612 -60.698 -60.698 -60.6981 -60.6613
-60.6699 -60.6803 -60.6803 -60.6803 -60.67
-60.6784 -60.6624 -60.6624 -60.6625 -60.6785
-60.6868 -60.6443 -60.6444 -60.6444 -60.6868
-60.6949 -60.6262 -60.6262 -60.6263 -60.6949
-60.7027 -60.6079 -60.6079 -60.6079 -60.7028
-60.7103 -60.5894 -60.5895 -60.5895 -60.7103
-60.7176 -60.5708 -60.5709 -60.5709 -60.7176
-60.7235 -60.5521 -60.5522 -60.5522 -60.7235
-60.7296 -60.5332 -60.5332 -60.5333 -60.7296
-60.7352 -60.5141 -60.5142 -60.5142 -60.7352
-60.7403 -60.4948 -60.4949 -60.4949 -60.7403
-60.7449 -60.4753 -60.4754 -60.4754 -60.7449
-60.7489 -60.4556 -60.4556 -60.4556 -60.7488
-60.7522 -60.4355 -60.4355 -60.4356 -60.7522
-60.7549 -60.4151 -60.4152 -60.4152 -60.7549
-60.757 -60.3944 -60.3945 -60.3945 -60.7569
-60.7583 -60.3734 -60.3734 -60.3734 -60.7582
-60.759 -60.3519 -60.3519 -60.352 -60.7589
-60.759 -60.3299 -60.33 -60.33 -60.7588
-60.7582 -60.3075 -60.3075 -60.3076 -60.7581
-60.7568 -60.2846 -60.2846 -60.2846 -60.7567
-60.7548 -60.2611 -60.2611 -60.2611 -60.7546
-60.7521 -60.237 -60.237 -60.2371 -60.7519
-60.7488 -60.2123 -60.2123 -60.2124 -60.7487
-60.745 -60.187 -60.187 -60.187 -60.7448
-60.7406 -60.161 -60.1611 -60.1611 -60.7405
-60.7358 -60.1344 -60.1345 -60.1345 -60.7356
-60.7306 -60.1072 -60.1072 -60.1073 -60.7304
-60.7249 -60.0793 -60.0794 -60.0794 -60.7247
-60.7189 -60.0508 -60.0509 -60.0509 -60.7187
-60.7126 -60.0218 -60.0218 -60.0218 -60.7124
-60.706 -59.9921 -59.9922 -59.9922 -60.7058
-60.6992 -59.9619 -59.962 -59.962 -60.6989
-60.6921 -59.9313 -59.9313 -59.9314 -60.6918
-60.6848 -59.9001 -59.9002 -59.9002 -60.6845
-60.6774 -59.8686 -59.8686 -59.8686 -60.677
-60.6698 -59.8366 -59.8366 -59.8367 -60.6694
-60.662 -59.8043 -59.8043 -59.8043 -60.6617
-60.6541 -59.7716 -59.7717 -59.7717 -60.6538
-60.6461 -59.7387 -59.7387 -59.7388 -60.6458
-60.6381 -59.7055 -59.7055 -59.7055 -60.6377
-60.6299 -59.6703 -59.6704 -59.6704 -60.6295
-60.6216 -59.6363 -59.6363 -59.6364 -60.6212
-60.6133 -59.6019 -59.602 -59.602 -60.6128
-60.6049 -59.5673 -59.5674 -59.5674 -60.6044
-60.5964 -59.5325 -59.5325 -59.5326 -60.596
-60.5879 -59.4975 -59.4976 -59.4976 -60.5874
-60.5794 -59.4624 -59.4624 -59.4625 -60.5789
-60.5707 -59.4271 -59.4271 -59.4272 -60.5702
-60.5621 -59.3917 -59.3918 -59.3918 -60.5616
-60.5534 -59.3562 -59.3563 -59.3563 -60.5528
-60.5447 -59.3207 -59.3207 -59.3208 -60.5441
-60.5359 -59.285 -59.2851 -59.2851 -60.5353
-60.5271 -59.2493 -59.2493 -59.2494 -60.5265
-60.5182 -59.2135 -59.2135 -59.2136 -60.5176
-60.5094 -59.1776 -59.1777 -59.1777 -60.5087
-60.5005 -59.1417 -59.1418 -59.1418 -60.4998
-60.4915 -59.1058 -59.1058 -59.1058 -60.4909
-60.4826 -59.0697 -59.0698 -59.0698 -60.4819
-60.4736 -59.0337 -59.0337 -59.0338 -60.4729
-60.4645 -58.9976 -58.9976 -58.9977 -60.4638
-60.4555 -58.9614 -58.9615 -58.9615 -60.4548
-60.4464 -58.9252 -58.9253 -58.9253 -60.4457
-60.4373 -58.889 -58.889 -58.8891 -60.4365
-60.4282 -58.8527 -58.8528 -58.8528 -60.4274
-60.419 -58.8164 -58.8165 -58.8165 -60.4182
-60.4098 -58.7801 -58.7801 -58.7802 -60.409
