-0.0128463 -0.0128544 -0.0128566 -0.0128544 -0.0128463
-0.0127152 -0.0127284 -0.0127332 -0.0127284 -0.0127152
-0.0123116 -0.0123208 -0.0123244 -0.0123209 -0.0123116
-0.0118385 -0.0118474 -0.0118498 -0.0118474 -0.0118385
-0.0111014 -0.0111106 -0.0111137 -0.0111106 -0.0111015
-0.0102899 -0.0102982 -0.010301 -0.0102982 -0.0102899
-0.0094521 -0.00945951 -0.00946188 -0.00945951 -0.0094521
-0.00862659 -0.0086335 -0.00863581 -0.0086335 -0.0086266
-0.00767685 -0.00768311 -0.00768523 -0.00768311 -0.00767686
-0.00661074 -0.00661613 -0.00661793 -0.00661614 -0.00661074
-0.00531752 -0.00532169 -0.0053231 -0.00532169 -0.00531752
-0.00393501 -0.00393778 -0.00393871 -0.00393779 -0.00393501
-0.00315311 -0.00315546 -0.00315617 -0.00315546 -0.00315311
-0.00212977 -0.00213192 -0.00213265 -0.00213192 -0.00212977
-0.000795308 -0.00079608 -0.000796415 -0.000796082 -0.000795311
0.000357272 0.000357551 0.000357706 0.000357549 0.00035727
0.00191744 0.00191928 0.00191985 0.00191928 0.00191744
0.0025104 0.00251272 0.00251356 0.00251272 0.00251041
0.00313264 0.00313486 0.0031356 0.00313486 0.00313265
0.00377577 0.00377874 0.00377965 0.00377874 0.00377577
0.00437354 0.00437714 0.00437838 0.00437714 0.00437354
0.00431536 0.0043188 0.00431998 0.0043188 0.00431536
0.00443977 0.00444298 0.00444402 0.00444298 0.00443977
0.00576978 0.0057741 0.00577546 0.0057741 0.00576978
0.00900304 0.00901047 0.00901286 0.00901047 0.00900304
0.0123202 0.0123299 0.0123333 0.01233 0.0123202
0.0149639 0.014975 0.0149787 0.014975 0.0149639
0.0172238 0.0172375 0.017242 0.0172375 0.0172238
0.0167139 0.0167293 0.0167345 0.0167293 0.0167139
0.0137969 0.0138081 0.0138122 0.0138081 0.0137969
0.011257 0.0112632 0.0112652 0.0112632 0.011257
0.0105222 0.0105325 0.0105353 0.0105325 0.0105222
0.00673209 0.00673771 0.00674041 0.00673771 0.00673208
0.00352338 0.00352568 0.00352607 0.00352568 0.00352339
0.0010464 0.0010472 0.00104735 0.0010472 0.0010464
0.000932505 0.000932973 0.000933203 0.00093297 0.0009325
0.00515177 0.00515528 0.00515623 0.00515527 0.00515177
0.0102621 0.0102703 0.010273 0.0102703 0.0102621
0.0122315 0.0122418 0.0122455 0.0122418 0.0122315
0.0142521 0.0142633 0.0142671 0.0142634 0.0142521
0.0198157 0.0198307 0.0198355 0.0198307 0.0198157
0.0195713 0.0195879 0.0195937 0.019588 0.0195713
0.0159089 0.0159221 0.0159267 0.0159221 0.0159089
0.0169981 0.0170106 0.0170144 0.0170106 0.0169981
0.0137975 0.0138092 0.0138132 0.0138092 0.0137975
0.00502832 0.00503322 0.00503524 0.00503323 0.00502833
0.00346355 0.00346473 0.00346472 0.00346474 0.00346356
-0.00207975 -0.00208035 -0.00208054 -0.00208034 -0.00207974
-0.00699039 -0.00699616 -0.00699779 -0.00699616 -0.0069904
-0.00679532 -0.00680167 -0.00680422 -0.00680168 -0.00679533
-0.00824783 -0.00825378 -0.00825568 -0.0082538 -0.00824785
-0.00180699 -0.00180979 -0.00181083 -0.00180979 -0.001807
0.0119533 0.0119654 0.0119688 0.0119654 0.0119533
0.0206923 0.0207028 0.0207077 0.0207028 0.0206924
0.0257413 0.0257702 0.025778 0.0257702 0.0257413
0.0331923 0.0332126 0.0332216 0.0332126 0.0331923
0.0304486 0.0304752 0.0304825 0.0304752 0.0304486
0.0179728 0.017988 0.0179944 0.017988 0.0179728
-0.0115535 -0.0115617 -0.011564 -0.0115617 -0.0115535
-0.0367305 -0.0367583 -0.0367683 -0.0367583 -0.0367305
-0.0631919 -0.0632438 -0.0632605 -0.0632438 -0.063192
-0.0732086 -0.073269 -0.0732902 -0.0732691 -0.0732086
-0.0663908 -0.066444 -0.0664622 -0.066444 -0.0663909
-0.0607055 -0.0607531 -0.0607683 -0.0607531 -0.0607055
-0.0448209 -0.0448594 -0.0448726 -0.0448594 -0.0448209
-0.0331477 -0.0331724 -0.0331808 -0.0331724 -0.0331477
-0.0216853 -0.0217024 -0.0217075 -0.0217024 -0.0216853
-0.0104001 -0.0104115 -0.0104155 -0.0104115 -0.0104001
-0.00919614 -0.00919571 -0.009196 -0.0091957 -0.00919613
-0.0179121 -0.0179296 -0.0179333 -0.0179296 -0.0179121
-0.00724206 -0.00725165 -0.00725734 -0.00725167 -0.00724208
0.0197815 0.0197964 0.0198012 0.0197964 0.0197815
0.0401879 0.0402225 0.040235 0.0402225 0.0401879
0.050971 0.0510124 0.0510266 0.0510125 0.0509711
0.0319181 0.0319475 0.031958 0.0319475 0.0319181
-0.00450588 -0.00450827 -0.00450833 -0.00450826 -0.00450586
-0.0177641 -0.0177837 -0.0177917 -0.0177838 -0.0177642
-0.0109686 -0.0109791 -0.0109836 -0.0109791 -0.0109687
0.0152445 0.0152554 0.0152592 0.0152554 0.0152445
0.0410534 0.0410872 0.0410985 0.0410872 0.0410535
0.0435456 0.0435841 0.0435979 0.0435841 0.0435457
0.030036 0.0300609 0.0300698 0.030061 0.030036
0.00832229 0.00832894 0.00833091 0.00832895 0.00832231
-0.0107277 -0.0107371 -0.0107404 -0.0107371 -0.0107277
-0.00883019 -0.00884051 -0.00884474 -0.00884054 -0.00883024
-0.0137922 -0.0138004 -0.0138029 -0.0138004 -0.0137922
-0.066295 -0.0663398 -0.0663523 -0.0663397 -0.066295
-0.10443 -0.104519 -0.10455 -0.104519 -0.10443
-0.0923705 -0.0924523 -0.0924828 -0.0924523 -0.0923706
-0.0646251 -0.0646745 -0.0646906 -0.0646745 -0.0646251
-0.0146839 -0.0146979 -0.0147021 -0.0146979 -0.0146839
0.0401927 0.0402245 0.0402342 0.0402245 0.0401927
0.0816097 0.0816774 0.0817008 0.0816774 0.0816097
0.101134 0.101218 0.101246 0.101218 0.101135
0.105539 0.105624 0.105652 0.105624 0.105539
0.0725181 0.0725811 0.0726033 0.0725812 0.0725181
0.0237041 0.0237232 0.0237303 0.0237232 0.0237041
-0.0185465 -0.0185639 -0.0185708 -0.018564 -0.0185465
-0.0508278 -0.0508692 -0.0508833 -0.0508692 -0.0508279
-0.0686276 -0.0686835 -0.0687023 -0.0686835 -0.0686276
-0.0509508 -0.0509966 -0.0510131 -0.0509966 -0.0509508
-0.0227462 -0.0227638 -0.02277 -0.0227638 -0.0227463
0.0202189 0.0202349 0.0202404 0.0202349 0.0202189
-0.000482244 -0.000475429 -0.000470577 -0.000475399 -0.000482204
-0.0262 -0.0262202 -0.0262273 -0.0262202 -0.0262
0.000985986 0.000975607 0.000969446 0.000975573 0.000985941
0.0510889 0.0511294 0.0511418 0.0511294 0.0510889
0.068759 0.0688221 0.068846 0.0688221 0.068759
0.0636639 0.0637157 0.0637338 0.0637157 0.0636639
0.0264797 0.0265035 0.0265113 0.0265035 0.0264797
-0.0114966 -0.0115071 -0.0115104 -0.0115071 -0.0114966
-0.0462238 -0.0462612 -0.0462743 -0.0462613 -0.0462238
-0.0543061 -0.0543532 -0.0543698 -0.0543533 -0.0543061
-0.0488262 -0.0488655 -0.0488791 -0.0488655 -0.0488262
-0.0390872 -0.0391179 -0.0391277 -0.0391179 -0.0390873
-0.0488999 -0.0489358 -0.0489469 -0.0489358 -0.0488999
-0.0452404 -0.04528 -0.0452938 -0.04528 -0.0452404
-0.00925593 -0.00926786 -0.00927362 -0.00926786 -0.00925593
0.0379999 0.0380309 0.0380414 0.0380309 0.0379998
0.0792185 0.0792832 0.0793057 0.0792832 0.0792185
0.1082 0.108289 0.108318 0.108289 0.1082
0.0742071 0.0742727 0.0742971 0.0742727 0.0742072
0.0399954 0.0400262 0.0400359 0.0400262 0.0399954
0.0347601 0.0347812 0.0347864 0.0347811 0.0347601
0.0157887 0.015806 0.0158125 0.015806 0.0157887
0.0223963 0.02241 0.0224146 0.02241 0.0223963
0.0538619 0.053901 0.053912 0.053901 0.0538619
0.0273642 0.0273981 0.0274122 0.0273981 0.0273642
0.0328933 0.0329107 0.0329161 0.0329107 0.0328933
0.0699787 0.0700303 0.0700439 0.0700303 0.0699787
0.0758569 0.0759227 0.0759478 0.0759228 0.0758569
0.0108294 0.0108558 0.0108671 0.0108558 0.0108295
-0.0846368 -0.0847121 -0.0847354 -0.0847121 -0.0846368
-0.060227 -0.0602965 -0.0603277 -0.0602966 -0.0602271
-0.0233804 -0.02339 -0.0233928 -0.02339 -0.0233804
-0.0583884 -0.0584205 -0.0584245 -0.0584205 -0.0583883
-0.0581767 -0.0582431 -0.058268 -0.0582431 -0.0581767
-0.000629708 -0.000628066 -0.000633845 -0.000628113 -0.000629767
0.0458349 0.045873 0.0458914 0.045873 0.0458349
0.0138 0.0138351 0.0138477 0.0138351 0.0138001
0.0140558 0.0140407 0.0140367 0.0140407 0.0140558
0.0292077 0.029234 0.0292364 0.0292339 0.0292076
0.0483406 0.0483806 0.0483986 0.0483806 0.0483406
0.0751695 0.0752277 0.0752459 0.0752277 0.0751695
0.0255461 0.0255813 0.0255951 0.0255814 0.0255462
-0.102923 -0.102998 -0.103019 -0.102998 -0.102923
-0.107106 -0.107222 -0.107267 -0.107222 -0.107106
-0.0858785 -0.0859325 -0.0859542 -0.0859326 -0.0858786
-0.100516 -0.100593 -0.10061 -0.100593 -0.100516
-0.0801839 -0.0802567 -0.0802862 -0.0802567 -0.0801839
-0.044003 -0.0440357 -0.0440481 -0.0440358 -0.044003
-0.121924 -0.122003 -0.122022 -0.122003 -0.121924
-0.233944 -0.234131 -0.234193 -0.234131 -0.233944
-0.194874 -0.195054 -0.195122 -0.195054 -0.194874
-0.0820354 -0.0821221 -0.0821518 -0.0821222 -0.0820355
-0.0324677 -0.0324373 -0.0324261 -0.0324372 -0.0324677
-0.00948813 -0.00952741 -0.00952956 -0.0095274 -0.00948812
0.109642 0.109714 0.109721 0.109714 0.109642
0.219517 0.219707 0.219776 0.219707 0.219517
0.181192 0.18136 0.181425 0.18136 0.181192
0.0241521 0.0241772 0.0241866 0.0241772 0.0241522
-0.0848768 -0.0849609 -0.0849937 -0.084961 -0.0848769
-0.157501 -0.157627 -0.157671 -0.157627 -0.157501
-0.206202 -0.206366 -0.206419 -0.206366 -0.206202
-0.172797 -0.172948 -0.173002 -0.172948 -0.172797
-0.0329259 -0.0329649 -0.0329825 -0.032965 -0.032926
0.0659585 0.0660256 0.0660515 0.0660256 0.0659585
0.0992982 0.099387 0.0994209 0.099387 0.0992983
0.13526 0.135361 0.135392 0.135361 0.13526
0.149035 0.149155 0.149195 0.149155 0.149035
0.144781 0.14491 0.144954 0.14491 0.144782
0.121189 0.121264 0.121292 0.121264 0.121189
0.126093 0.126209 0.12624 0.126209 0.126093
0.125917 0.126015 0.126054 0.126015 0.125917
0.121712 0.121799 0.121826 0.121799 0.121712
0.0976569 0.0977472 0.097776 0.0977473 0.097657
-0.00475642 -0.00474914 -0.00474034 -0.00474912 -0.00475641
-0.0422073 -0.0422597 -0.0422815 -0.0422597 -0.0422073
-0.0345923 -0.0346212 -0.0346352 -0.0346213 -0.0345923
-0.0689022 -0.0689487 -0.0689585 -0.0689487 -0.0689022
-0.0920462 -0.0921207 -0.0921468 -0.0921207 -0.0920462
-0.114376 -0.11447 -0.114502 -0.11447 -0.114376
-0.0350767 -0.0351208 -0.0351388 -0.0351209 -0.0350767
0.0221565 0.0221848 0.0221948 0.0221848 0.0221565
0.0277848 0.0278159 0.027831 0.027816 0.0277849
0.0437447 0.0437724 0.0437795 0.0437724 0.0437447
0.091264 0.091331 0.0913507 0.091331 0.091264
0.0267037 0.0267474 0.0267676 0.0267474 0.0267037
-0.0691224 -0.0691783 -0.0691946 -0.0691783 -0.0691224
-0.0743076 -0.0743875 -0.0744212 -0.0743876 -0.0743076
-0.0712657 -0.0713166 -0.0713337 -0.0713167 -0.0712657
-0.0664638 -0.0665132 -0.0665263 -0.0665132 -0.0664638
-0.0131157 -0.0131366 -0.0131469 -0.0131366 -0.0131157
0.0366788 0.0367109 0.036721 0.0367109 0.0366788
0.186715 0.186849 0.186891 0.186849 0.186715
0.295382 0.295629 0.295712 0.295629 0.295382
0.248489 0.248713 0.248796 0.248713 0.24849
0.174334 0.174465 0.174508 0.174465 0.174334
0.0561578 0.0562053 0.0562188 0.0562053 0.0561578
-0.119099 -0.119183 -0.119207 -0.119183 -0.119099
-0.172536 -0.172698 -0.172757 -0.172698 -0.172536
-0.0441514 -0.0442112 -0.0442406 -0.0442113 -0.0441515
0.0450656 0.0451244 0.045149 0.0451244 0.0450656
0.0442513 0.0442999 0.0443236 0.0443 0.0442514
0.115275 0.115343 0.115359 0.115343 0.115275
0.0689281 0.0690087 0.0690377 0.0690087 0.0689282
0.0135861 0.0135943 0.0136026 0.0135943 0.0135861
0.0352836 0.0352924 0.0352876 0.0352924 0.0352835
0.0111193 0.0111457 0.0111562 0.0111458 0.0111193
-0.0678041 -0.0678524 -0.0678619 -0.0678524 -0.0678041
-0.0993107 -0.099417 -0.0994572 -0.099417 -0.0993107
-0.117987 -0.118059 -0.118088 -0.118059 -0.117987
-0.179946 -0.180083 -0.180119 -0.180083 -0.179946
-0.211115 -0.2113 -0.211366 -0.2113 -0.211115
-0.199573 -0.199729 -0.199786 -0.19973 -0.199573
-0.200761 -0.200929 -0.20098 -0.200929 -0.200761
-0.164157 -0.164221 -0.164251 -0.164221 -0.164157
-0.0581767 -0.0583693 -0.0584161 -0.0583694 -0.0581767
0.0624652 0.0626092 0.0626224 0.0626093 0.0624652
0.0969177 0.0970024 0.0970681 0.0970024 0.0969178
0.0726013 0.0726455 0.0726481 0.0726455 0.0726014
0.0543773 0.0544206 0.05443 0.0544206 0.0543772
-0.0440444 -0.0440603 -0.0440567 -0.0440603 -0.0440444
-0.125922 -0.126029 -0.126066 -0.126029 -0.125922
-0.0399452 -0.0400147 -0.0400468 -0.0400147 -0.0399452
0.0457091 0.0457638 0.0457817 0.0457638 0.045709
-0.0151277 -0.0151109 -0.0150933 -0.0151109 -0.0151277
-0.0789008 -0.0789805 -0.0790096 -0.0789805 -0.0789008
-0.120749 -0.120849 -0.120889 -0.120849 -0.120749
-0.116944 -0.117037 -0.117066 -0.117037 -0.116944
0.0239198 0.0239164 0.0239106 0.0239164 0.0239198
0.129974 0.130091 0.13013 0.130091 0.129974
0.152102 0.152237 0.15229 0.152237 0.152102
0.221689 0.221849 0.221898 0.221849 0.221689
0.17977 0.179935 0.179992 0.179935 0.17977
0.0114018 0.0114277 0.0114452 0.0114278 0.0114019
-0.148675 -0.148808 -0.148856 -0.148808 -0.148675
-0.292251 -0.292485 -0.292567 -0.292485 -0.292251
-0.353275 -0.353565 -0.353661 -0.353565 -0.353275
-0.313122 -0.313384 -0.313475 -0.313384 -0.313122
-0.345134 -0.34539 -0.345471 -0.34539 -0.345134
-0.306482 -0.306741 -0.306828 -0.306741 -0.306482
-0.133222 -0.133349 -0.1334 -0.133349 -0.133222
-0.0256677 -0.0256669 -0.0256618 -0.0256669 -0.0256678
-0.0722459 -0.0722784 -0.0722799 -0.0722784 -0.0722458
-0.0219967 -0.0220346 -0.0220548 -0.0220346 -0.0219967
0.0708319 0.0708765 0.0708878 0.0708765 0.0708319
0.111917 0.112315 0.112435 0.112316 0.111917
0.179704 0.180083 0.180239 0.180083 0.179704
0.312652 0.313009 0.313116 0.313009 0.312652
0.408915 0.409841 0.410113 0.409841 0.408916
0.310398 0.309667 0.309579 0.309667 0.310399
0.220021 0.219712 0.219413 0.219712 0.22002
0.192819 0.194135 0.194564 0.194134 0.192818
0.164794 0.164193 0.164257 0.164194 0.164794
0.170896 0.169241 0.168506 0.169241 0.170896
0.236823 0.237904 0.238068 0.237904 0.236822
0.338685 0.34065 0.341559 0.34065 0.338686
0.348556 0.347173 0.346884 0.347174 0.348557
0.291535 0.28991 0.289034 0.289909 0.291535
0.362834 0.36612 0.367034 0.36612 0.362833
0.386687 0.387265 0.388088 0.387266 0.386688
0.184146 0.182217 0.181284 0.182218 0.184147
0.0456407 0.0467663 0.0468067 0.0467658 0.0456402
0.0981566 0.0997925 0.100729 0.0997924 0.098156
-0.0438703 -0.0456691 -0.046152 -0.0456688 -0.0438697
-0.243398 -0.243264 -0.243694 -0.243264 -0.243397
-0.249101 -0.249085 -0.248741 -0.249085 -0.249102
-0.110997 -0.111206 -0.111331 -0.111207 -0.110998
-0.0265475 -0.0265861 -0.0266741 -0.0265861 -0.0265473
-0.0352199 -0.0352072 -0.0351444 -0.035207 -0.0352197
-0.0452501 -0.0452871 -0.0453056 -0.0452871 -0.04525
-0.0949713 -0.0950513 -0.095089 -0.0950514 -0.0949713
-0.216652 -0.217272 -0.217441 -0.217272 -0.216653
-0.1396 -0.139327 -0.139339 -0.139327 -0.1396
-0.0172581 -0.0179236 -0.0179912 -0.0179236 -0.0172581
-0.141518 -0.142602 -0.143049 -0.142602 -0.141518
-0.194366 -0.19291 -0.192596 -0.19291 -0.194367
-0.118604 -0.11884 -0.118557 -0.11884 -0.118604
-0.115299 -0.116161 -0.116657 -0.116161 -0.115299
-0.120737 -0.12057 -0.120592 -0.12057 -0.120737
-0.118514 -0.1175 -0.117063 -0.1175 -0.118514
-0.121988 -0.122005 -0.121931 -0.122005 -0.121988
-0.10336 -0.10486 -0.105397 -0.10486 -0.10336
-0.0654386 -0.0652704 -0.0654044 -0.0652709 -0.0654391
-0.0218641 -0.0205246 -0.0199431 -0.0205246 -0.0218643
0.0491703 0.0485013 0.0484458 0.0485018 0.0491709
0.0633211 0.062395 0.0618638 0.0623949 0.0633214
0.0529423 0.0539253 0.0541965 0.053925 0.0529418
-0.013346 -0.0126282 -0.0121771 -0.012628 -0.013346
-0.0763586 -0.0777683 -0.0782206 -0.0777681 -0.0763582
-0.164858 -0.165315 -0.165711 -0.165315 -0.164858
-0.30645 -0.304585 -0.303926 -0.304585 -0.30645
-0.341369 -0.341074 -0.340703 -0.341074 -0.341368
-0.243997 -0.246563 -0.247488 -0.246563 -0.243996
-0.197109 -0.196913 -0.197215 -0.196914 -0.19711
-0.177084 -0.174616 -0.173561 -0.174616 -0.177085
-0.0577342 -0.0579581 -0.0577662 -0.0579571 -0.0577331
0.0637193 0.0618073 0.0609194 0.0618074 0.0637199
0.0149365 0.0153342 0.0152912 0.0153335 0.0149356
-0.00544337 -0.00499102 -0.00455605 -0.00499131 -0.00544411
0.0752412 0.074444 0.0741531 0.0744442 0.0752416
0.0665713 0.0668931 0.0668038 0.0668932 0.0665716
0.0502288 0.0498753 0.0499721 0.0498753 0.0502288
0.102638 0.102898 0.102844 0.102898 0.102638
0.0528848 0.0529683 0.0530655 0.0529683 0.0528847
-0.0285014 -0.0287013 -0.0287636 -0.0287012 -0.0285014
-0.0416801 -0.0418185 -0.0419037 -0.0418185 -0.0416801
-0.00242362 -0.00222654 -0.00215843 -0.00222658 -0.00242369
-0.0602034 -0.0602863 -0.0602689 -0.0602862 -0.0602033
-0.156518 -0.156668 -0.156755 -0.156668 -0.156517
-0.229785 -0.229961 -0.230014 -0.229961 -0.229785
-0.118545 -0.118663 -0.118701 -0.118663 -0.118545
-0.0488509 -0.048874 -0.0488856 -0.048874 -0.0488509
-0.0690327 -0.0690744 -0.0690795 -0.0690743 -0.0690326
-0.0436909 -0.0437409 -0.0437616 -0.0437409 -0.0436908
-0.0809935 -0.0810456 -0.0810633 -0.0810457 -0.0809935
-0.229459 -0.229624 -0.229671 -0.229624 -0.229459
-0.246442 -0.246666 -0.246748 -0.246666 -0.246442
-0.165281 -0.165426 -0.165481 -0.165427 -0.165281
-0.110023 -0.110099 -0.110119 -0.110099 -0.110023
-0.123189 -0.121661 -0.121246 -0.12166 -0.123189
-0.0229124 -0.0221616 -0.0217212 -0.022161 -0.0229119
-0.0299259 -0.0302912 -0.0304674 -0.0302909 -0.0299255
-0.0708024 -0.070868 -0.0709921 -0.0708682 -0.0708026
0.0218063 0.0224071 0.02265 0.0224069 0.0218059
0.159794 0.159526 0.159532 0.159527 0.159794
0.313203 0.312023 0.311574 0.312023 0.313203
0.411719 0.412707 0.412857 0.412707 0.411719
0.438881 0.439544 0.44002 0.439544 0.438881
0.339744 0.339229 0.339021 0.339229 0.339744
0.268405 0.267238 0.266776 0.267237 0.268405
0.305918 0.306357 0.306412 0.306356 0.305917
0.474115 0.475548 0.476125 0.475548 0.474115
0.641296 0.641044 0.641092 0.641045 0.641297
0.69194 0.690547 0.68996 0.690547 0.69194
0.701982 0.702812 0.702918 0.702812 0.701981
0.725094 0.725338 0.725704 0.725338 0.725094
0.661874 0.660789 0.660368 0.660789 0.661874
0.625019 0.626641 0.626902 0.626641 0.62502
0.508924 0.508951 0.509375 0.508951 0.508924
0.317275 0.316198 0.315664 0.316198 0.317275
0.191364 0.192768 0.193011 0.192767 0.191363
0.166006 0.171094 0.172872 0.171095 0.166006
0.160132 0.159547 0.159927 0.159549 0.160134
0.097535 0.0951811 0.0938493 0.095181 0.0975355
-0.0116817 -0.0106143 -0.0104272 -0.0106156 -0.0116834
-0.123692 -0.12429 -0.123969 -0.124291 -0.123693
-0.183168 -0.188002 -0.189683 -0.188002 -0.183168
-0.353184 -0.354713 -0.355762 -0.354715 -0.353185
-0.461659 -0.457154 -0.455526 -0.457154 -0.461659
-0.507032 -0.508292 -0.507939 -0.508291 -0.507031
-0.472053 -0.474294 -0.475753 -0.474294 -0.472051
-0.510012 -0.508733 -0.508397 -0.508734 -0.510014
-0.561178 -0.55958 -0.558642 -0.55958 -0.561179
-0.577425 -0.578261 -0.578559 -0.57826 -0.577424
-0.553232 -0.554313 -0.55489 -0.554313 -0.553232
-0.552555 -0.55234 -0.552246 -0.55234 -0.552556
-0.607515 -0.606083 -0.605561 -0.606083 -0.607515
-0.564915 -0.565753 -0.565849 -0.565753 -0.564914
-0.44564 -0.447063 -0.447742 -0.447063 -0.44564
-0.404966 -0.403991 -0.403784 -0.403991 -0.404967
-0.42638 -0.425436 -0.424866 -0.425435 -0.42638
-0.5147 -0.515572 -0.515857 -0.515571 -0.514699
-0.551451 -0.551966 -0.552332 -0.551966 -0.551451
-0.575897 -0.575454 -0.575245 -0.575454 -0.575898
-0.724295 -0.723103 -0.722679 -0.723103 -0.724295
-0.786776 -0.787753 -0.78793 -0.787752 -0.786776
-0.704504 -0.705854 -0.706494 -0.705855 -0.704505
-0.689206 -0.688042 -0.687766 -0.688042 -0.689207
-0.683793 -0.685012 -0.685021 -0.685012 -0.683793
-0.554055 -0.561827 -0.564341 -0.561829 -0.554056
-0.289492 -0.288472 -0.289189 -0.288474 -0.289495
-0.0133405 -0.0100365 -0.00802227 -0.0100363 -0.0133412
0.210088 0.212008 0.212651 0.21201 0.210091
0.443756 0.451744 0.453739 0.451746 0.44376
0.688259 0.683648 0.683577 0.683649 0.68826
0.855734 0.852158 0.849554 0.852156 0.855732
1.01166 1.01479 1.01587 1.01479 1.01166
1.13597 1.13788 1.13931 1.13788 1.13597
1.06597 1.06338 1.06231 1.06339 1.06597
0.933344 0.932403 0.931643 0.932403 0.933345
0.916377 0.919035 0.920079 0.919034 0.916375
0.891979 0.891851 0.892217 0.891851 0.891979
0.689088 0.686894 0.685874 0.686894 0.689089
0.430852 0.431662 0.431678 0.431662 0.430852
0.171737 0.172958 0.173719 0.172958 0.171736
-0.066941 -0.0672136 -0.0673102 -0.0672132 -0.0669404
-0.181383 -0.18105 -0.181146 -0.18105 -0.181382
-0.296618 -0.29777 -0.297921 -0.29777 -0.296619
-0.349692 -0.34988 -0.35016 -0.34988 -0.349693
-0.173021 -0.171166 -0.170556 -0.171166 -0.173022
-0.00527992 -0.00603996 -0.00595633 -0.00603931 -0.0052792
0.0186264 0.0163173 0.0153139 0.0163171 0.0186266
0.162579 0.163962 0.164146 0.163961 0.162578
0.484482 0.48614 0.487095 0.486141 0.484482
0.696861 0.695655 0.695302 0.695656 0.696862
0.815257 0.814332 0.813715 0.814332 0.815257
0.865243 0.86653 0.866988 0.86653 0.865242
0.883338 0.883691 0.884056 0.883691 0.883338
0.860936 0.860492 0.860203 0.860492 0.860936
0.737306 0.736551 0.736284 0.736551 0.737306
0.56502 0.56585 0.566053 0.56585 0.56502
0.432926 0.434334 0.434905 0.434335 0.432926
0.231384 0.235952 0.237283 0.235953 0.231385
0.162855 0.165902 0.167273 0.165904 0.162857
0.182104 0.177063 0.175644 0.177063 0.182105
0.02701 0.0268532 0.0258028 0.0268512 0.0270079
-0.211398 -0.217992 -0.219057 -0.217994 -0.211401
-0.311847 -0.311318 -0.312302 -0.311319 -0.311849
-0.429885 -0.427985 -0.426679 -0.427985 -0.429884
-0.604061 -0.60237 -0.601782 -0.602368 -0.604058
-0.599583 -0.601294 -0.601842 -0.601294 -0.599582
-0.477937 -0.478326 -0.478757 -0.478327 -0.477939
-0.443256 -0.441032 -0.44022 -0.441032 -0.443257
-0.314949 -0.317128 -0.317395 -0.317127 -0.314949
-0.101662 -0.102535 -0.10342 -0.102535 -0.101661
-0.20368 -0.200055 -0.198844 -0.200055 -0.20368
-0.265146 -0.266665 -0.266451 -0.266664 -0.265145
-0.102075 -0.105171 -0.106785 -0.105171 -0.102075
-0.0893853 -0.0863785 -0.0857119 -0.0863794 -0.0893866
-0.0756685 -0.0739659 -0.0726441 -0.073965 -0.0756682
0.0997177 0.0961759 0.0949277 0.0961766 0.0997192
0.167127 0.167253 0.166615 0.167252 0.167126
0.0858007 0.0888732 0.0903028 0.0888729 0.0857995
0.0151033 0.0139196 0.0139123 0.0139203 0.0151041
-0.0890077 -0.0911476 -0.0923521 -0.0911477 -0.089007
-0.336716 -0.334408 -0.333805 -0.334408 -0.336717
-0.523789 -0.523662 -0.523019 -0.523662 -0.523789
-0.564051 -0.567053 -0.568263 -0.567053 -0.564051
-0.671952 -0.670317 -0.670275 -0.670318 -0.671952
-0.751326 -0.749287 -0.748047 -0.749287 -0.751326
-0.785588 -0.788009 -0.78869 -0.788008 -0.785587
-0.90065 -0.900946 -0.901637 -0.900946 -0.90065
-0.936178 -0.935775 -0.935281 -0.935775 -0.936179
-0.866359 -0.866588 -0.866628 -0.866588 -0.866359
-0.787663 -0.786753 -0.786658 -0.786752 -0.787662
-0.81506 -0.81613 -0.8162 -0.81613 -0.81506
-0.749834 -0.750859 -0.751421 -0.75086 -0.749834
-0.747554 -0.746306 -0.74598 -0.746307 -0.747555
-0.750707 -0.750411 -0.75002 -0.75041 -0.750707
-0.641665 -0.64317 -0.643748 -0.64317 -0.641664
-0.458839 -0.458525 -0.458668 -0.458525 -0.458839
-0.332247 -0.330356 -0.329567 -0.330356 -0.332248
-0.167083 -0.167997 -0.168059 -0.167996 -0.167083
-0.00476141 -0.00603979 -0.00677337 -0.00603995 -0.00476123
0.0915788 0.0931096 0.0935283 0.0931093 0.0915782
0.0903418 0.090878 0.0914048 0.0908783 0.0903419
0.075404 0.0745084 0.0740799 0.0745087 0.0754047
0.0926107 0.0931465 0.0931369 0.0931464 0.0926106
0.0361882 0.0356451 0.0357427 0.0356449 0.0361878
0.0739224 0.0658158 0.0634095 0.0658144 0.0739213
0.211633 0.211137 0.209841 0.211134 0.211631
0.319655 0.324852 0.327206 0.324852 0.319654
0.480861 0.480297 0.480748 0.4803 0.480864
0.642926 0.647506 0.647902 0.647508 0.642928
0.579718 0.582314 0.584036 0.582315 0.579719
0.331645 0.329022 0.328172 0.329022 0.331644
0.0178801 0.0172981 0.0164539 0.0172966 0.0178788
-0.351215 -0.351117 -0.350676 -0.351117 -0.351216
-0.590071 -0.589469 -0.589313 -0.589468 -0.590071
-0.613531 -0.614101 -0.614262 -0.6141 -0.61353
-0.579561 -0.581019 -0.581526 -0.581019 -0.579561
-0.439454 -0.43841 -0.438263 -0.438411 -0.439455
-0.144761 -0.142802 -0.141946 -0.142801 -0.144761
-0.0329522 -0.0352353 -0.0357409 -0.0352347 -0.0329512
-0.12308 -0.125064 -0.126176 -0.125064 -0.12308
0.0302044 0.0330259 0.0338641 0.0330252 0.0302032
0.296175 0.296566 0.297291 0.296567 0.296175
0.439667 0.437662 0.436712 0.437662 0.439668
0.612687 0.613333 0.613248 0.613333 0.612687
0.782538 0.783299 0.783925 0.783299 0.782537
0.917676 0.917409 0.91727 0.917409 0.917676
1.12277 1.12351 1.12358 1.12351 1.12277
1.14004 1.13927 1.13927 1.13927 1.14004
1.05579 1.05556 1.05527 1.05556 1.05579
0.995182 0.997128 0.997724 0.997128 0.995182
0.898437 0.897477 0.89754 0.897477 0.898437
0.829475 0.828419 0.827714 0.828419 0.829475
0.850951 0.853401 0.85409 0.853401 0.850951
0.723644 0.723242 0.72364 0.723243 0.723644
0.420376 0.418019 0.416938 0.418019 0.420376
0.186863 0.189217 0.189624 0.189216 0.186862
-0.000947001 -0.000137847 0.000770526 -0.000137367 -0.000946939
-0.133586 -0.136144 -0.137123 -0.136144 -0.133585
-0.163581 -0.163156 -0.163482 -0.163156 -0.163582
0.0213071 0.0234949 0.024566 0.0234949 0.0213065
0.043334 0.0421268 0.0419712 0.0421274 0.0433347
0.00989687 0.00868906 0.00787599 0.00868893 0.00989725
-0.0357041 -0.0346421 -0.0342739 -0.0346426 -0.0357048
-0.177592 -0.17753 -0.177223 -0.17753 -0.177592
-0.138711 -0.139201 -0.139541 -0.139201 -0.138711
-0.00575059 -0.00613819 -0.00628393 -0.00613832 -0.00575066
0.235793 0.236917 0.237256 0.236916 0.235792
0.417958 0.4191 0.419592 0.4191 0.417958
0.320577 0.317733 0.316978 0.317733 0.320578
0.0790582 0.0792577 0.0787751 0.0792569 0.0790574
-0.0761089 -0.0727579 -0.0714134 -0.0727578 -0.0761094
-0.304634 -0.306494 -0.306597 -0.306493 -0.304633
-0.541474 -0.543945 -0.545362 -0.543945 -0.541474
-0.566854 -0.564407 -0.563743 -0.564408 -0.566855
-0.36708 -0.366081 -0.365148 -0.366081 -0.36708
-0.0379335 -0.0404894 -0.0414843 -0.040489 -0.0379325
0.280062 0.279637 0.279084 0.279636 0.280062
0.48413 0.486936 0.488047 0.486936 0.484129
0.365849 0.366194 0.366659 0.366195 0.36585
-0.0799251 -0.0826889 -0.08379 -0.0826886 -0.0799242
-0.574188 -0.574325 -0.574707 -0.574326 -0.574189
-0.695791 -0.693225 -0.692161 -0.693225 -0.695792
-0.699989 -0.701133 -0.701155 -0.701132 -0.699988
-0.786825 -0.78873 -0.789775 -0.78873 -0.786824
-0.677789 -0.675798 -0.675292 -0.675799 -0.67779
-0.665179 -0.665286 -0.664784 -0.665286 -0.665179
-0.808571 -0.810254 -0.811083 -0.810254 -0.808571
-0.716702 -0.714734 -0.714382 -0.714734 -0.716702
-0.809792 -0.810557 -0.810209 -0.810557 -0.809792
-1.02636 -1.02848 -1.02951 -1.02848 -1.02636
-0.920899 -0.918495 -0.918028 -0.918495 -0.9209
-0.696828 -0.696614 -0.695892 -0.696613 -0.696827
-0.498433 -0.500951 -0.502011 -0.500951 -0.498432
-0.027208 -0.0264741 -0.0266309 -0.0264747 -0.0272085
0.5872 0.588828 0.589769 0.588828 0.5872
1.10786 1.10708 1.1069 1.10708 1.10786
1.42739 1.42692 1.42646 1.42692 1.42739
1.75373 1.75469 1.75507 1.75469 1.75373
2.02357 2.0236 2.02379 2.0236 2.02357
2.17236 2.17191 2.17163 2.17191 2.17236
2.39316 2.39457 2.39492 2.39457 2.39316
2.61999 2.62093 2.62147 2.62093 2.61999
2.71799 2.71635 2.71584 2.71635 2.71799
2.7306 2.73023 2.7298 2.73023 2.7306
2.79412 2.79704 2.79803 2.79704 2.79412
2.52629 2.52673 2.52728 2.52673 2.52629
1.20534 1.20205 1.20082 1.20205 1.20534
-0.13356 -0.134655 -0.135401 -0.134656 -0.133561
-0.974657 -0.955914 -0.950511 -0.955913 -0.974656
-1.53573 -1.53027 -1.52593 -1.53026 -1.53573
-1.79099 -1.83061 -1.84297 -1.83061 -1.79099
-1.9211 -1.9073 -1.90966 -1.90731 -1.92111
-1.83253 -1.82395 -1.81421 -1.82395 -1.83253
-1.46301 -1.46716 -1.46997 -1.46715 -1.463
-0.958285 -0.960586 -0.963118 -0.960584 -0.958278
-0.522034 -0.520242 -0.518546 -0.520245 -0.522039
-0.170891 -0.170455 -0.170129 -0.170457 -0.170895
0.300894 0.299429 0.298623 0.299428 0.300894
0.716729 0.717351 0.717438 0.717352 0.71673
0.905046 0.906785 0.90756 0.906786 0.905047
1.03525 1.03462 1.03455 1.03462 1.03525
1.17488 1.17384 1.17326 1.17384 1.17488
1.28639 1.28695 1.2871 1.28695 1.28639
1.29775 1.29909 1.29965 1.29909 1.29775
1.11249 1.11283 1.113 1.11283 1.11249
0.864645 0.863126 0.862617 0.863126 0.864645
0.503972 0.503723 0.50344 0.503722 0.503971
0.00671209 0.00868955 0.00939294 0.00868926 0.00671146
-0.535298 -0.535284 -0.535002 -0.535284 -0.535298
-0.948328 -0.950352 -0.951168 -0.950352 -0.948327
-1.30655 -1.30662 -1.30689 -1.30662 -1.30655
-1.61452 -1.61345 -1.61288 -1.61345 -1.61452
-1.86615 -1.86611 -1.866 -1.86611 -1.86615
-1.98333 -1.9846 -1.9851 -1.9846 -1.98333
-2.03697 -2.03793 -2.03833 -2.03793 -2.03697
-2.05127 -2.05111 -2.05105 -2.05111 -2.05127
-2.1614 -2.16063 -2.16032 -2.16063 -2.1614
-2.25007 -2.25061 -2.25069 -2.25061 -2.25007
-2.24383 -2.24491 -2.24537 -2.24491 -2.24383
-2.17462 -2.17528 -2.17553 -2.17528 -2.17462
-2.075 -2.0744 -2.07421 -2.0744 -2.075
-1.97095 -1.97084 -1.97068 -1.97084 -1.97095
-1.83651 -1.83705 -1.83728 -1.83705 -1.83651
-1.66993 -1.67081 -1.67113 -1.67081 -1.66993
-1.50768 -1.50782 -1.50791 -1.50782 -1.50768
-1.39948 -1.39893 -1.39871 -1.39893 -1.39948
-1.29511 -1.29561 -1.29567 -1.29561 -1.29511
-1.24994 -1.25059 -1.25092 -1.25059 -1.24994
-1.3093 -1.30898 -1.30891 -1.30898 -1.3093
-1.28656 -1.28706 -1.28707 -1.28706 -1.28656
-1.22359 -1.22399 -1.22425 -1.22399 -1.22359
-1.23071 -1.22985 -1.22961 -1.22985 -1.23071
-1.1413 -1.14178 -1.14173 -1.14178 -1.1413
-1.0018 -1.00293 -1.00345 -1.00293 -1.0018
-0.858322 -0.857931 -0.857911 -0.857932 -0.858322
-0.691624 -0.690548 -0.690051 -0.690548 -0.691624
-0.586938 -0.58648 -0.586294 -0.586479 -0.586937
-0.41733 -0.417398 -0.417476 -0.417397 -0.41733
-0.0830785 -0.0823234 -0.0821339 -0.0823235 -0.0830787
0.234921 0.202197 0.193414 0.202192 0.234916
0.21995 0.256159 0.260972 0.256154 0.219944
0.366774 0.379327 0.392293 0.379337 0.366781
0.533494 0.511024 0.501452 0.511032 0.533508
0.443849 0.442958 0.438252 0.442951 0.443845
0.510954 0.518561 0.524619 0.518554 0.510941
0.589193 0.589132 0.589321 0.589133 0.589194
0.548033 0.544129 0.541666 0.544133 0.54804
0.599394 0.600517 0.600901 0.600518 0.599395
0.774308 0.776579 0.777837 0.776578 0.774305
0.882414 0.881284 0.880923 0.881283 0.882413
0.930744 0.929701 0.929018 0.929701 0.930744
1.09173 1.09325 1.09377 1.09325 1.09173
1.21842 1.21916 1.21967 1.21916 1.21842
1.27955 1.2786 1.2782 1.2786 1.27956
1.34246 1.34275 1.34265 1.34275 1.34246
1.35536 1.3559 1.35627 1.3559 1.35536
1.38441 1.38426 1.38422 1.38426 1.38441
1.40759 1.40806 1.40808 1.40806 1.40759
1.38204 1.38271 1.38302 1.38271 1.38204
1.18129 1.18058 1.18042 1.18058 1.18129
0.88723 0.886861 0.886572 0.88686 0.88723
0.670615 0.67196 0.672391 0.67196 0.670615
0.387445 0.38804 0.388435 0.388041 0.387446
0.034685 0.0332672 0.0327751 0.0332675 0.0346855
-0.114623 -0.115293 -0.115719 -0.115294 -0.114624
-0.0958669 -0.0946304 -0.0941806 -0.0946308 -0.0958675
-0.00640857 -0.00571766 -0.00531118 -0.00571692 -0.00640781
0.110836 0.110196 0.109932 0.110197 0.110836
0.290702 0.289938 0.289595 0.289937 0.290702
0.484063 0.484403 0.484499 0.484402 0.484062
0.675636 0.67636 0.676674 0.67636 0.675636
0.867034 0.867046 0.867084 0.867047 0.867034
1.02609 1.02595 1.02583 1.02595 1.02609
1.18784 1.18805 1.18811 1.18805 1.18784
1.31984 1.32007 1.32019 1.32007 1.31984
1.44667 1.44674 1.44676 1.44674 1.44667
1.6327 1.63307 1.63316 1.63307 1.6327
1.77759 1.77799 1.77816 1.77799 1.77759
1.96354 1.96353 1.96355 1.96353 1.96354
2.03371 2.03349 2.03339 2.03349 2.03371
2.1193 2.11996 2.12012 2.11996 2.1193
2.2894 2.29084 2.29136 2.29084 2.2894
2.29888 2.29869 2.29876 2.29869 2.29888
2.2397 2.23827 2.23769 2.23827 2.2397
2.22825 2.22916 2.22927 2.22916 2.22825
2.2731 2.27504 2.27589 2.27504 2.2731
2.2896 2.28968 2.28982 2.28968 2.2896
2.19703 2.19586 2.19533 2.19586 2.19703
1.94512 1.94548 1.94549 1.94548 1.94511
1.49953 1.50064 1.50115 1.50064 1.49953
1.14882 1.14912 1.14927 1.14912 1.14882
0.93891 0.93883 0.938719 0.938831 0.938912
0.88123 0.881583 0.881684 0.881583 0.881229
0.823565 0.82281 0.82268 0.822809 0.823564
0.805041 0.805165 0.805028 0.805165 0.805041
0.900129 0.901322 0.90177 0.901322 0.90013
0.914176 0.912804 0.912582 0.912804 0.914176
0.842804 0.840025 0.838898 0.840024 0.842804
0.628299 0.640585 0.643731 0.640586 0.6283
0.371748 0.39971 0.409514 0.399717 0.371752
0.470834 0.395493 0.377555 0.395491 0.470837
0.386359 0.425877 0.422107 0.425862 0.386344
0.327065 0.335229 0.353724 0.335231 0.327059
0.06788 0.0590707 0.0511969 0.0590826 0.0678967
-0.338777 -0.340963 -0.344291 -0.340962 -0.338771
-0.792817 -0.790579 -0.787217 -0.790584 -0.792826
-1.23492 -1.23428 -1.23443 -1.23428 -1.23493
-1.64141 -1.6425 -1.64329 -1.6425 -1.64141
-1.94739 -1.94798 -1.94801 -1.94798 -1.94738
-2.0975 -2.09712 -2.09701 -2.09712 -2.0975
-2.12624 -2.12637 -2.12636 -2.12637 -2.12624
-1.98733 -1.98831 -1.98864 -1.98831 -1.98733
-1.78547 -1.78552 -1.78565 -1.78552 -1.78547
-1.59286 -1.59283 -1.59271 -1.59283 -1.59286
-1.54805 -1.54828 -1.54836 -1.54828 -1.54805
-1.60177 -1.60178 -1.60183 -1.60178 -1.60177
-1.6058 -1.60619 -1.60626 -1.60619 -1.6058
-1.48607 -1.48677 -1.48703 -1.48677 -1.48607
-1.31437 -1.31432 -1.31436 -1.31432 -1.31437
-1.07937 -1.07918 -1.07904 -1.07918 -1.07937
-0.948325 -0.948167 -0.948128 -0.948166 -0.948324
-0.920672 -0.92108 -0.921195 -0.92108 -0.920672
-0.842679 -0.844083 -0.844533 -0.844084 -0.84268
-0.934081 -0.933615 -0.933647 -0.933615 -0.934082
-1.21234 -1.21043 -1.20967 -1.21043 -1.21234
-1.38171 -1.38278 -1.38289 -1.38278 -1.3817
-1.45941 -1.46149 -1.46246 -1.46149 -1.45941
-1.63013 -1.6299 -1.62994 -1.6299 -1.63013
-1.69047 -1.68915 -1.68851 -1.68915 -1.69047
-1.5915 -1.59218 -1.59229 -1.59218 -1.5915
-1.5449 -1.54601 -1.54657 -1.54601 -1.5449
-1.50887 -1.50879 -1.50879 -1.50879 -1.50887
-1.41896 -1.41841 -1.41813 -1.41841 -1.41896
-1.31879 -1.31927 -1.31938 -1.31927 -1.31879
-1.2634 -1.2638 -1.26404 -1.2638 -1.2634
-1.21196 -1.21197 -1.21195 -1.21197 -1.21196
-1.06938 -1.07068 -1.071 -1.07068 -1.06938
-0.98889 -0.98887 -0.989086 -0.98887 -0.98889
-1.10383 -1.10188 -1.10118 -1.10188 -1.10383
-1.18894 -1.18881 -1.18851 -1.18881 -1.18894
-1.16216 -1.16457 -1.16547 -1.16457 -1.16215
-1.11624 -1.11765 -1.11834 -1.11765 -1.11625
-1.02911 -1.02752 -1.02697 -1.02752 -1.02911
-0.913585 -0.911946 -0.911179 -0.911946 -0.913585
-0.785593 -0.786403 -0.786639 -0.786402 -0.785592
-0.602711 -0.604712 -0.605524 -0.604712 -0.60271
-0.5589 -0.558837 -0.558947 -0.558838 -0.558901
-0.695829 -0.694104 -0.693404 -0.694104 -0.69583
-0.786092 -0.786792 -0.786811 -0.786792 -0.786092
-0.783454 -0.784656 -0.78531 -0.784655 -0.783453
-0.747807 -0.747028 -0.746839 -0.747028 -0.747808
-0.618796 -0.618119 -0.617672 -0.618119 -0.618797
-0.404088 -0.405254 -0.405634 -0.405254 -0.404088
-0.225793 -0.22634 -0.226727 -0.22634 -0.225793
-0.0957457 -0.0948362 -0.0944812 -0.0948361 -0.0957455
0.045643 0.0460383 0.0463105 0.0460385 0.0456427
0.173528 0.173122 0.17292 0.173122 0.173528
0.193401 0.193399 0.193327 0.193399 0.193401
0.219425 0.219259 0.219291 0.219259 0.219424
0.248352 0.248238 0.24816 0.248238 0.248352
0.163361 0.16409 0.164285 0.16409 0.163361
0.057184 0.0574872 0.0576984 0.0574873 0.0571839
0.0137365 0.0123908 0.0119712 0.0123908 0.013737
-0.130794 -0.130815 -0.131042 -0.130815 -0.130794
-0.332985 -0.331424 -0.330815 -0.331425 -0.332985
-0.472325 -0.473232 -0.473284 -0.473232 -0.472324
-0.520702 -0.521713 -0.522342 -0.521713 -0.520701
-0.522681 -0.521722 -0.521438 -0.521723 -0.522681
-0.459689 -0.459446 -0.459117 -0.459446 -0.45969
-0.392719 -0.393509 -0.393871 -0.393509 -0.392719
-0.433583 -0.433587 -0.433706 -0.433588 -0.433583
-0.59468 -0.593979 -0.593658 -0.593979 -0.59468
-0.856396 -0.855927 -0.855731 -0.855926 -0.856396
-1.1626 -1.16243 -1.16241 -1.16243 -1.1626
-1.21007 -1.21133 -1.21168 -1.21133 -1.21007
-1.01573 -1.03659 -1.04247 -1.03659 -1.01573
-0.909506 -0.897998 -0.897864 -0.898004 -0.909514
-0.758926 -0.72761 -0.714789 -0.727604 -0.758922
-0.527494 -0.553025 -0.557252 -0.553016 -0.52748
-0.451382 -0.452676 -0.46074 -0.45268 -0.451382
-0.464004 -0.459139 -0.453541 -0.459146 -0.464016
-0.574717 -0.574809 -0.57441 -0.574809 -0.574719
-0.672616 -0.674474 -0.676436 -0.674471 -0.67261
-0.739663 -0.739389 -0.738947 -0.739388 -0.73966
-0.702365 -0.701333 -0.700771 -0.701334 -0.702366
-0.556135 -0.556819 -0.557092 -0.55682 -0.556136
-0.234888 -0.235494 -0.235832 -0.235495 -0.234889
0.137224 0.138056 0.138331 0.138056 0.137224
0.424697 0.424513 0.424633 0.424514 0.424698
0.6461 0.645774 0.64552 0.645774 0.646101
0.919944 0.920282 0.920377 0.920281 0.919943
1.25052 1.25119 1.25147 1.25119 1.25052
1.60138 1.60128 1.60129 1.60129 1.60138
1.90663 1.90642 1.90628 1.90642 1.90663
2.14628 2.14691 2.14709 2.14691 2.14628
2.2698 2.27047 2.27077 2.27047 2.2698
2.17111 2.17101 2.17099 2.17101 2.17111
1.90033 1.90065 1.90065 1.90065 1.90033
1.4699 1.4703 1.4705 1.4703 1.4699
1.00717 1.00673 1.00662 1.00673 1.00717
0.744074 0.744071 0.743953 0.744071 0.744075
0.689669 0.690767 0.691142 0.690767 0.68967
0.701721 0.702113 0.702375 0.702113 0.701721
0.735512 0.734586 0.734245 0.734586 0.735512
0.916988 0.916544 0.916273 0.916544 0.916987
1.21385 1.21462 1.2149 1.21462 1.21385
1.53084 1.53164 1.532 1.53164 1.53084
1.9045 1.90483 1.90492 1.90483 1.9045
2.19477 2.19465 2.1946 2.19465 2.19477
2.42005 2.42004 2.42002 2.42004 2.42005
2.56857 2.56883 2.56892 2.56883 2.56857
2.64255 2.64305 2.64322 2.64305 2.64255
2.64046 2.64188 2.64231 2.64188 2.64046
2.53769 2.5378 2.538 2.5378 2.53769
2.33136 2.33079 2.3305 2.33079 2.33136
2.11634 2.11604 2.11591 2.11604 2.11634
2.00554 2.00686 2.00727 2.00686 2.00554
1.91946 1.92046 1.92094 1.92046 1.91946
1.75525 1.75469 1.75452 1.7547 1.75525
1.60522 1.60485 1.60459 1.60485 1.60522
1.45756 1.4584 1.4587 1.4584 1.45756
1.34019 1.34074 1.34104 1.34074 1.34019
1.31239 1.31198 1.31182 1.31198 1.3124
1.42747 1.42731 1.42717 1.42731 1.42747
1.64277 1.64328 1.64348 1.64328 1.64277
1.79441 1.79531 1.79563 1.79531 1.79441
1.94605 1.94634 1.94647 1.94634 1.94605
2.02151 2.02131 2.0212 2.02131 2.02151
1.92284 1.92244 1.9223 1.92244 1.92284
1.7831 1.78359 1.7837 1.78359 1.7831
1.68089 1.68197 1.68238 1.68197 1.68089
1.57608 1.57656 1.57678 1.57656 1.57608
1.50242 1.50182 1.5016 1.50182 1.50242
1.46975 1.46933 1.4691 1.46933 1.46975
1.44675 1.4474 1.4476 1.4474 1.44675
1.32522 1.3259 1.32621 1.3259 1.32522
1.01659 1.01653 1.01651 1.01653 1.01659
0.639431 0.639587 0.639558 0.639587 0.639431
0.25236 0.251915 0.251856 0.251914 0.252359
-0.0259985 -0.0269233 -0.0272657 -0.0269237 -0.0259989
-0.21795 -0.219978 -0.220619 -0.219979 -0.21795
-0.504322 -0.485213 -0.480198 -0.48521 -0.50432
-0.696944 -0.690676 -0.685858 -0.69067 -0.696941
-0.493992 -0.552134 -0.569461 -0.552141 -0.493993
-0.39109 -0.350993 -0.349138 -0.351005 -0.391105
-0.331014 -0.327742 -0.313118 -0.327736 -0.331014
-0.433288 -0.442426 -0.451145 -0.442416 -0.433271
-0.550365 -0.550902 -0.552625 -0.550903 -0.550362
-0.574646 -0.572737 -0.569613 -0.572742 -0.574655
-0.645687 -0.645423 -0.645998 -0.645425 -0.64569
-0.771998 -0.772656 -0.773164 -0.772655 -0.771995
-0.883255 -0.883212 -0.882991 -0.883209 -0.883252
-1.02213 -1.02229 -1.02233 -1.02229 -1.02213
-1.14151 -1.14191 -1.14209 -1.14191 -1.14151
-1.23231 -1.23228 -1.23228 -1.23228 -1.23231
-1.31919 -1.31937 -1.31937 -1.31937 -1.31919
-1.412 -1.4119 -1.41193 -1.4119 -1.412
-1.41891 -1.41938 -1.41947 -1.41938 -1.41891
-1.45662 -1.45672 -1.45683 -1.45672 -1.45662
-1.47211 -1.4721 -1.47206 -1.4721 -1.47211
-1.4508 -1.45134 -1.45148 -1.45134 -1.4508
-1.42871 -1.42948 -1.42979 -1.42948 -1.42871
-1.48918 -1.4886 -1.48849 -1.4886 -1.48918
-1.60981 -1.60967 -1.60946 -1.60967 -1.60981
-1.75173 -1.75227 -1.75249 -1.75227 -1.75173
-1.86778 -1.86895 -1.86936 -1.86895 -1.86779
-1.99759 -1.9978 -1.99795 -1.9978 -1.99759
-2.15205 -2.15137 -2.1511 -2.15137 -2.15205
-2.22387 -2.22405 -2.22401 -2.22405 -2.22387
-2.29727 -2.29843 -2.29887 -2.29843 -2.29727
-2.39329 -2.39372 -2.39396 -2.39372 -2.39329
-2.43402 -2.43388 -2.43376 -2.43388 -2.43402
-2.4211 -2.42137 -2.42142 -2.42137 -2.4211
-2.32878 -2.32944 -2.3297 -2.32944 -2.32878
-2.22365 -2.2239 -2.22402 -2.2239 -2.22365
-2.1612 -2.16079 -2.16064 -2.16079 -2.1612
-2.1183 -2.11901 -2.11914 -2.11901 -2.1183
-2.12788 -2.1284 -2.12872 -2.1284 -2.12788
-2.15968 -2.16007 -2.16015 -2.16007 -2.15968
-2.09248 -2.09276 -2.09285 -2.09276 -2.09248
-2.02127 -2.02126 -2.02128 -2.02126 -2.02127
-1.92691 -1.92691 -1.92688 -1.92691 -1.92691
-1.836 -1.83645 -1.83658 -1.83645 -1.836
-1.73469 -1.73545 -1.73572 -1.73545 -1.73469
-1.63334 -1.63364 -1.63377 -1.63364 -1.63334
-1.55982 -1.55951 -1.55939 -1.55951 -1.55983
-1.55607 -1.55584 -1.55572 -1.55584 -1.55607
-1.52061 -1.52141 -1.52165 -1.52141 -1.52061
-1.50307 -1.50385 -1.5042 -1.50385 -1.50307
-1.49445 -1.49397 -1.49385 -1.49397 -1.49445
-1.41338 -1.41315 -1.41294 -1.41315 -1.41338
-1.28166 -1.28248 -1.28277 -1.28248 -1.28166
-1.16547 -1.16592 -1.16619 -1.16592 -1.16547
-1.0681 -1.06759 -1.0674 -1.06759 -1.0681
-0.956088 -0.956125 -0.956033 -0.956125 -0.956088
-0.861454 -0.861854 -0.862056 -0.861853 -0.861453
-0.821003 -0.821224 -0.821319 -0.821224 -0.821003
-0.808289 -0.808118 -0.808047 -0.808118 -0.80829
-0.848384 -0.848677 -0.848726 -0.848678 -0.848384
-0.85125 -0.851337 -0.851435 -0.851337 -0.85125
-0.835557 -0.835401 -0.835327 -0.835401 -0.835557
-0.801635 -0.801811 -0.801829 -0.801811 -0.801635
-0.745982 -0.746387 -0.746553 -0.746387 -0.745982
-0.69352 -0.693863 -0.693988 -0.693863 -0.69352
-0.647102 -0.646594 -0.64646 -0.646594 -0.647102
-0.564436 -0.564303 -0.564165 -0.564303 -0.564435
-0.401624 -0.402219 -0.402436 -0.402219 -0.401624
-0.153541 -0.15199 -0.151659 -0.15199 -0.153541
0.158701 0.158173 0.15835 0.158173 0.158702
0.642107 0.621108 0.615085 0.621104 0.642103
1.00952 1.02451 1.02551 1.0245 1.00951
1.17834 1.20984 1.22331 1.20985 1.17835
1.37769 1.34546 1.33899 1.34547 1.3777
1.4534 1.45512 1.44692 1.45511 1.4534
1.42997 1.43725 1.44485 1.43724 1.42996
1.26319 1.26229 1.26223 1.26229 1.26319
1.06396 1.06228 1.05993 1.06228 1.06397
0.97842 0.979105 0.979996 0.979106 0.978422
0.959322 0.959715 0.960085 0.959714 0.95932
1.02107 1.02113 1.02088 1.02113 1.02107
1.13574 1.13596 1.13609 1.13596 1.13574
1.22526 1.22544 1.22554 1.22544 1.22526
1.28171 1.2817 1.28166 1.2817 1.28171
1.28157 1.28178 1.28183 1.28178 1.28157
1.19716 1.19732 1.1974 1.19732 1.19716
1.07618 1.0764 1.07645 1.0764 1.07618
0.973855 0.974027 0.974091 0.974027 0.973855
0.853821 0.854085 0.854166 0.854086 0.853822
0.722708 0.722852 0.722914 0.722852 0.722708
0.600236 0.599721 0.599576 0.599721 0.600236
0.566633 0.566371 0.566211 0.566371 0.566633
0.605688 0.606635 0.606924 0.606636 0.605688
0.647424 0.648129 0.648483 0.64813 0.647424
0.705459 0.704893 0.704712 0.704893 0.705459
0.782371 0.781649 0.781308 0.781648 0.78237
0.907273 0.907658 0.907758 0.907658 0.907273
1.09696 1.0978 1.09816 1.0978 1.09696
1.27078 1.27109 1.27122 1.27109 1.27078
1.40895 1.40873 1.40862 1.40873 1.40895
1.51149 1.5115 1.51147 1.5115 1.51149
1.54973 1.55012 1.55026 1.55012 1.54973
1.55447 1.55472 1.55484 1.55472 1.55447
1.51781 1.51797 1.518 1.51797 1.51781
1.47096 1.47133 1.47144 1.47133 1.47096
1.43007 1.43027 1.43037 1.43027 1.43007
1.41099 1.41093 1.41091 1.41093 1.41099
1.4005 1.40076 1.40081 1.40076 1.4005
1.32449 1.32488 1.32504 1.32488 1.32449
1.20181 1.20179 1.20181 1.20179 1.20181
1.10689 1.10697 1.10694 1.10697 1.10689
0.994344 0.994747 0.994887 0.994747 0.994343
0.93336 0.933488 0.933576 0.933489 0.93336
0.873007 0.872875 0.872805 0.872875 0.873007
0.84559 0.845707 0.845718 0.845707 0.84559
0.861252 0.861537 0.861658 0.861537 0.861252
0.893813 0.893979 0.894045 0.893979 0.893813
0.95731 0.957528 0.957579 0.957528 0.95731
1.02023 1.02026 1.0203 1.02026 1.02023
1.07132 1.07113 1.07106 1.07113 1.07132
1.1506 1.1508 1.15082 1.1508 1.1506
1.21938 1.22009 1.22035 1.22009 1.21938
1.2332 1.23354 1.23372 1.23355 1.2332
1.18985 1.18942 1.18927 1.18942 1.18985
1.09655 1.09649 1.09639 1.09649 1.09655
0.9421 0.942491 0.942659 0.942491 0.942099
0.83599 0.836385 0.836543 0.836385 0.83599
0.797118 0.797298 0.79735 0.797299 0.797119
0.801727 0.801522 0.801463 0.801522 0.801727
0.879007 0.878967 0.878918 0.878967 0.879007
1.00545 1.00579 1.0059 1.00579 1.00545
1.11137 1.11152 1.1116 1.11152 1.11137
1.16209 1.16235 1.1624 1.16235 1.16209
1.15007 1.15006 1.15009 1.15006 1.15007
1.08851 1.08861 1.08861 1.08861 1.08851
0.97751 0.977534 0.97756 0.977533 0.97751
0.818204 0.818617 0.818724 0.818617 0.818205
0.677324 0.677507 0.677617 0.677507 0.677324
0.546833 0.546674 0.546611 0.546674 0.546833
0.463557 0.463423 0.46335 0.463423 0.463557
0.401715 0.401931 0.402 0.401931 0.401715
0.412093 0.412313 0.412415 0.412312 0.412093
0.454431 0.454488 0.454503 0.454488 0.454432
0.572997 0.573378 0.573471 0.573378 0.572996
0.644166 0.643612 0.643522 0.643612 0.644166
0.706643 0.706658 0.706531 0.706657 0.706643
0.771442 0.772047 0.772292 0.772047 0.771442
0.740634 0.740274 0.740257 0.740274 0.740634
0.58445 0.583228 0.582753 0.583228 0.58445
0.272495 0.271408 0.270997 0.271408 0.272495
-0.14008 -0.119842 -0.114338 -0.119839 -0.140078
-0.383654 -0.390819 -0.389621 -0.390814 -0.38365
-0.425738 -0.457683 -0.47002 -0.45769 -0.425742
-0.461836 -0.439708 -0.437076 -0.439718 -0.461848
-0.394481 -0.390711 -0.382273 -0.390707 -0.394481
-0.359653 -0.365091 -0.370004 -0.365083 -0.359641
-0.430002 -0.430225 -0.431269 -0.430225 -0.429999
-0.596797 -0.595394 -0.593489 -0.595397 -0.596804
-0.809139 -0.809488 -0.809909 -0.80949 -0.809142
-0.980131 -0.980855 -0.981362 -0.980855 -0.98013
-1.11376 -1.11352 -1.11332 -1.11352 -1.11376
-1.18187 -1.1821 -1.18209 -1.1821 -1.18187
-1.23509 -1.23516 -1.23529 -1.23516 -1.23509
-1.23638 -1.23662 -1.23665 -1.23662 -1.23638
-1.17374 -1.17414 -1.17428 -1.17414 -1.17374
-1.14024 -1.1401 -1.14011 -1.1401 -1.14024
-1.10721 -1.10713 -1.10703 -1.10713 -1.10721
-1.06839 -1.06871 -1.06882 -1.06871 -1.06839
-1.06555 -1.066 -1.06619 -1.066 -1.06555
-1.13335 -1.13328 -1.13328 -1.13328 -1.13335
-1.22409 -1.2243 -1.2243 -1.2243 -1.22409
-1.3579 -1.35805 -1.35815 -1.35805 -1.3579
-1.51111 -1.51126 -1.51129 -1.51126 -1.51111
-1.58853 -1.58872 -1.58878 -1.58872 -1.58853
-1.62887 -1.62916 -1.62926 -1.62916 -1.62887
-1.62422 -1.62461 -1.62474 -1.62461 -1.62422
-1.54496 -1.54505 -1.54511 -1.54505 -1.54496
-1.40326 -1.40328 -1.40326 -1.40328 -1.40326
-1.26927 -1.26955 -1.26964 -1.26955 -1.26927
-1.15144 -1.15182 -1.15197 -1.15182 -1.15144
-1.07466 -1.07454 -1.07453 -1.07454 -1.07466
-1.03617 -1.03613 -1.03607 -1.03613 -1.03617
-0.980426 -0.980946 -0.981112 -0.980946 -0.980426
-0.965243 -0.965649 -0.96584 -0.965649 -0.965243
-1.00674 -1.00626 -1.00612 -1.00626 -1.00674
-1.07968 -1.07955 -1.0794 -1.07955 -1.07968
-1.1836 -1.18446 -1.18475 -1.18446 -1.1836
-1.31959 -1.3201 -1.32036 -1.3201 -1.31959
-1.42712 -1.42662 -1.42644 -1.42662 -1.42712
-1.51752 -1.51751 -1.51739 -1.51751 -1.51752
-1.56365 -1.56429 -1.56455 -1.56429 -1.56365
-1.57537 -1.576 -1.57625 -1.576 -1.57537
-1.5652 -1.56506 -1.56503 -1.56506 -1.5652
-1.52069 -1.52049 -1.52037 -1.52049 -1.52069
-1.41262 -1.41306 -1.41319 -1.41306 -1.41262
-1.28257 -1.28319 -1.28345 -1.28319 -1.28257
-1.18637 -1.18629 -1.18629 -1.18629 -1.18637
-1.12122 -1.12094 -1.12079 -1.12094 -1.12122
-1.09098 -1.09139 -1.0915 -1.09139 -1.09098
-1.0939 -1.09434 -1.09455 -1.09434 -1.0939
-1.12229 -1.12228 -1.12228 -1.12228 -1.12229
-1.14203 -1.14205 -1.14202 -1.14205 -1.14203
-1.17504 -1.1751 -1.17514 -1.1751 -1.17504
-1.17138 -1.17172 -1.17181 -1.17171 -1.17138
-1.13354 -1.13388 -1.13401 -1.13388 -1.13354
-1.06366 -1.06364 -1.06365 -1.06364 -1.06366
-0.981385 -0.981317 -0.981264 -0.981318 -0.981385
-0.882758 -0.882987 -0.883055 -0.882987 -0.882757
-0.791577 -0.791722 -0.791805 -0.791722 -0.791576
-0.717298 -0.717471 -0.717507 -0.717472 -0.717299
-0.6303 -0.630294 -0.630308 -0.630294 -0.6303
-0.571876 -0.571945 -0.57195 -0.571945 -0.571876
-0.505284 -0.50534 -0.50537 -0.50534 -0.505283
-0.47878 -0.478983 -0.47904 -0.478983 -0.478781
-0.461281 -0.461406 -0.461464 -0.461406 -0.461281
-0.43807 -0.437936 -0.437897 -0.437936 -0.43807
-0.419495 -0.41894 -0.418759 -0.41894 -0.419495
-0.376326 -0.376082 -0.375954 -0.376082 -0.376325
-0.240251 -0.240399 -0.240466 -0.240398 -0.240251
-0.00173402 -0.00548294 -0.00654194 -0.00548366 -0.00173464
0.313528 0.299679 0.295366 0.299675 0.313524
0.508565 0.524566 0.527286 0.524563 0.50856
0.613779 0.633509 0.642917 0.633516 0.613784
0.748656 0.726109 0.720546 0.726116 0.748667
0.792481 0.792349 0.786745 0.792344 0.792478
0.860216 0.865648 0.870851 0.865643 0.860205
0.917856 0.917997 0.918271 0.917999 0.917856
0.977234 0.975573 0.973899 0.975576 0.97724
1.03684 1.03717 1.03757 1.03717 1.03684
1.06451 1.06537 1.06586 1.06537 1.0645
1.08042 1.08019 1.08004 1.08019 1.08042
1.08542 1.08549 1.08542 1.08549 1.08542
1.10172 1.10243 1.10271 1.10243 1.10173
1.12278 1.1225 1.1225 1.1225 1.12278
1.16002 1.15993 1.15976 1.15993 1.16002
1.21192 1.21237 1.21254 1.21237 1.21192
1.26242 1.26266 1.2628 1.26266 1.26242
1.29147 1.29157 1.29157 1.29157 1.29147
1.30786 1.30797 1.30801 1.30797 1.30786
1.30843 1.30851 1.30855 1.30851 1.30843
1.32897 1.32929 1.32937 1.32929 1.32897
1.35011 1.35032 1.35042 1.35032 1.35011
1.36554 1.36568 1.36572 1.36568 1.36555
1.38189 1.3821 1.38216 1.3821 1.38189
1.38461 1.38485 1.38494 1.38485 1.38461
1.33552 1.33562 1.33566 1.33562 1.33552
1.28964 1.28971 1.28972 1.28971 1.28964
1.24662 1.24688 1.24696 1.24689 1.24662
1.21149 1.21181 1.21194 1.21181 1.21149
1.17614 1.17638 1.17646 1.17638 1.17614
1.11243 1.11233 1.1123 1.11233 1.11243
1.06587 1.06585 1.06582 1.06585 1.06587
1.04289 1.04321 1.04332 1.04321 1.04289
1.03128 1.03165 1.03179 1.03165 1.03128
1.0344 1.03448 1.03451 1.03448 1.0344
1.05909 1.05898 1.05893 1.05898 1.05909
1.10516 1.10524 1.10525 1.10524 1.10516
1.19106 1.19159 1.19176 1.19159 1.19106
1.23638 1.23661 1.23673 1.23661 1.23638
1.23561 1.23533 1.23522 1.23533 1.23561
1.2433 1.24347 1.24347 1.24347 1.2433
1.24963 1.25021 1.25044 1.25021 1.24963