0.000868953 194.603 0.000858696 389.105 0.000847498 389.105 0.000836011 389.105 0.000846316 194.603
0.00429085 194.606 0.00423984 389.112 0.00422939 389.112 0.00421715 389.112 0.00426821 194.606
0.0110907 194.604 0.0109609 389.109 0.0109523 389.109 0.0109383 389.109 0.0110681 194.604
0.0211739 194.605 0.020928 389.109 0.020922 389.109 0.0209053 389.109 0.0211513 194.605
0.034402 194.596 0.0340046 389.094 0.0340021 389.094 0.0339819 389.094 0.0343794 194.596
0.0505939 194.534 0.0500215 388.984 0.0500233 388.984 0.0499989 388.984 0.0505713 194.534
0.0695361 194.421 0.0687713 388.754 0.068778 388.754 0.0687486 388.754 0.0695135 194.421
0.0910018 194.331 0.0900124 388.547 0.0900247 388.547 0.0899898 388.547 0.0909792 194.33
0.114753 194.371 0.113488 388.598 0.113506 388.598 0.113465 388.598 0.11473 194.371
0.14053 194.608 0.13892 389.064 0.138945 389.064 0.138897 389.064 0.140507 194.608
0.168053 194.871 0.16605 389.654 0.166082 389.654 0.166027 389.654 0.16803 194.871
0.197015 194.823 0.194667 389.659 0.194708 389.659 0.194645 389.659 0.196993 194.823
0.227091 194.535 0.22449 389.025 0.224538 389.025 0.224467 389.025 0.227068 194.535
0.257977 194.41 0.255079 388.621 0.255135 388.621 0.255056 388.621 0.257954 194.41
0.289385 194.574 0.286103 388.949 0.286167 388.949 0.28608 388.949 0.289363 194.574
0.321006 194.849 0.317275 389.609 0.317347 389.609 0.317252 389.609 0.320983 194.849
0.352519 194.935 0.348355 389.861 0.348436 389.861 0.348332 389.861 0.352496 194.935
0.383613 194.737 0.379138 389.447 0.379227 389.447 0.379116 389.447 0.38359 194.737
0.41404 194.483 0.409293 388.841 0.40939 388.841 0.409271 388.841 0.414018 194.483
0.443629 194.233 0.438588 388.341 0.438692 388.341 0.438565 388.341 0.443606 194.233
0.472215 193.959 0.466898 387.838 0.46701 387.838 0.466875 387.838 0.472193 193.959
0.49966 193.87 0.494065 387.59 0.494185 387.59 0.494043 387.59 0.499638 193.87
0.525905 194.129 0.519982 388.05 0.520108 388.05 0.51996 388.05 0.525883 194.129
0.550872 194.481 0.544568 388.863 0.544701 388.863 0.544545 388.863 0.550849 194.481
0.574205 194.478 0.567586 389.004 0.567725 389.004 0.567563 389.004 0.574183 194.478
0.595131 194.475 0.588289 388.833 0.588434 388.833 0.588267 388.833 0.595108 194.475
0.612714 195.344 0.605526 390.267 0.605675 390.267 0.605503 390.267 0.612692 195.344
0.626298 196.466 0.618597 392.795 0.61875 392.795 0.618574 392.795 0.626275 196.466
0.635594 196.471 0.627665 393.304 0.62782 393.304 0.627642 393.304 0.635571 196.47
0.64066 195.788 0.632841 391.641 0.632997 391.641 0.632818 391.641 0.640638 195.788
0.641956 195.292 0.634129 390.233 0.634286 390.233 0.634106 390.233 0.641934 195.292
0.640112 194.542 0.632225 389.03 0.632382 389.03 0.632203 389.03 0.64009 194.542
0.635688 193.563 0.627875 387.179 0.628031 387.179 0.627853 387.179 0.635666 193.563
0.629414 192.782 0.62169 385.367 0.621843 385.367 0.621667 385.367 0.629392 192.781
0.622129 192.576 0.614479 384.831 0.614631 384.831 0.614457 384.831 0.622107 192.576
0.614361 193.795 0.606747 387.112 0.606896 387.112 0.606724 387.112 0.614339 193.795
0.606031 195.777 0.598421 391.343 0.598568 391.343 0.598399 391.343 0.606009 195.777
0.596302 196.509 0.588735 393.45 0.588879 393.45 0.588712 393.45 0.596279 196.509
0.584063 196.327 0.576616 392.81 0.576758 392.81 0.576593 392.81 0.58404 196.327
0.568532 196.606 0.561238 392.749 0.561376 392.749 0.561215 392.749 0.568509 196.606
0.548993 195.231 0.541899 390.826 0.542032 390.826 0.541877 390.826 0.54897 195.231
0.524575 192.36 0.517776 385.157 0.517902 385.157 0.517754 385.157 0.524553 192.36
0.495065 192.434 0.488566 383.633 0.488685 383.633 0.488544 383.633 0.495043 192.434
0.460931 194.414 0.454673 388.087 0.454783 388.087 0.454651 388.087 0.460909 194.414
0.422557 195.6 0.416586 391.823 0.416685 391.823 0.416563 391.823 0.422535 195.6
0.380865 196.8 0.375233 393.633 0.375321 393.633 0.37521 393.633 0.380842 196.8
0.337376 196.433 0.332136 392.976 0.332212 392.976 0.332113 392.976 0.337353 196.433
0.293257 194.027 0.288467 388.508 0.288533 388.508 0.288445 388.508 0.293234 194.027
0.249637 192.074 0.245299 383.766 0.245353 383.766 0.245276 383.766 0.249615 192.074
0.207513 192.308 0.203547 383.68 0.20359 383.68 0.203525 383.68 0.207491 192.308
0.167294 195.644 0.163652 390.433 0.163684 390.433 0.16363 390.433 0.167272 195.644
0.128668 199.259 0.125331 398.692 0.125353 398.692 0.125308 398.692 0.128645 199.259
0.0902621 199.161 0.087841 399.575 0.0878525 399.575 0.0878177 399.575 0.0902389 199.161
0.0489218 196.908 0.0470693 394.087 0.0470701 394.087 0.0470461 394.087 0.0488987 196.908
0.00229866 195.303 0.00088425 389.745 0.000873215 389.745 0.00086143 389.745 0.00227589 195.303
-0.0513322 193.029 -0.0521189 386.108 -0.0521439 386.108 -0.0521415 386.108 -0.0513548 193.029
-0.113277 190.297 -0.113548 380.887 -0.113589 380.887 -0.113571 380.887 -0.113299 190.297
-0.182603 190.045 -0.182401 379.127 -0.18246 379.127 -0.182423 379.127 -0.182625 190.045
-0.25546 191.602 -0.25464 382.514 -0.254719 382.514 -0.254662 382.514 -0.255483 191.602
-0.325624 191.61 -0.323986 383.972 -0.324083 383.972 -0.324008 383.972 -0.325647 191.61
-0.385893 191.162 -0.383859 382.469 -0.383972 382.469 -0.383881 382.469 -0.385916 191.162
-0.430205 192.951 -0.427603 384.782 -0.427728 384.782 -0.427625 384.782 -0.430228 192.951
-0.456005 195.332 -0.45268 390.417 -0.452813 390.417 -0.452703 390.417 -0.456028 195.332
-0.464026 196.833 -0.460371 394.212 -0.460506 394.212 -0.460394 394.212 -0.464049 196.833
-0.456627 197.473 -0.452841 395.085 -0.452974 395.085 -0.452864 395.085 -0.45665 197.473
-0.436972 198.065 -0.433261 395.788 -0.433388 395.788 -0.433284 395.788 -0.436995 198.065
-0.408414 199.306 -0.40478 398.255 -0.4049 398.255 -0.404803 398.255 -0.408438 199.306
-0.374228 198.11 -0.370948 396.987 -0.371058 396.987 -0.370971 396.987 -0.374251 198.11
-0.336537 192.869 -0.33374 386.866 -0.33384 386.866 -0.333763 386.866 -0.33656 192.869
-0.295551 188.563 -0.293106 376.28 -0.293195 376.28 -0.293129 376.28 -0.295573 188.563
-0.251125 188.742 -0.24908 375.658 -0.249157 375.658 -0.249102 375.658 -0.251147 188.742
-0.20582 191.524 -0.204117 382.618 -0.204182 382.618 -0.204139 382.618 -0.205842 191.524
-0.165369 195.668 -0.163981 391.466 -0.164035 391.466 -0.164003 391.466 -0.165392 195.668
-0.135061 198.241 -0.133924 396.954 -0.13397 396.954 -0.133947 396.954 -0.135084 198.241
-0.116435 196.027 -0.115477 393.278 -0.115519 393.278 -0.1155 393.278 -0.116458 196.027
-0.105192 193.256 -0.10436 386.221 -0.104399 386.221 -0.104383 386.221 -0.105215 193.256
-0.0942765 193.571 -0.0935461 385.646 -0.0935827 385.646 -0.0935686 385.646 -0.0942989 193.571
-0.0799426 194.913 -0.079328 389.645 -0.079361 389.645 -0.0793506 389.645 -0.0799651 194.913
-0.0639734 196.246 -0.0634951 392.898 -0.0635236 392.898 -0.063518 392.898 -0.0639962 196.246
-0.0520587 198.272 -0.0516839 396.198 -0.0517088 396.198 -0.0517069 396.198 -0.0520817 198.272
-0.0495776 199.355 -0.0492209 398.752 -0.049245 398.752 -0.0492441 398.752 -0.0496008 199.355
-0.0576962 195.68 -0.0572715 392.798 -0.0572978 392.798 -0.0572946 392.798 -0.0577193 195.68
-0.073321 189.7 -0.0727809 379.779 -0.0728115 379.779 -0.0728035 379.779 -0.0733435 189.7
-0.0913349 189.924 -0.0906512 377.238 -0.0906865 377.238 -0.0906732 377.238 -0.0913569 189.924
-0.107856 194.215 -0.107 387.211 -0.107039 387.211 -0.107022 387.211 -0.107878 194.215
-0.121576 193.621 -0.12058 389.669 -0.120623 389.669 -0.120602 389.669 -0.121599 193.621
-0.128424 192.654 -0.127388 385.412 -0.127434 385.412 -0.127411 385.412 -0.128446 192.654
-0.118453 196.401 -0.1175 390.331 -0.117544 390.331 -0.117522 390.331 -0.118475 196.401
-0.0839046 196.627 -0.0832447 394.454 -0.0832803 394.454 -0.0832676 394.454 -0.0839274 196.627
-0.0256832 191.788 -0.0255586 385.718 -0.0255784 385.718 -0.0255815 385.718 -0.025706 191.788
0.0483814 190.905 0.0478594 379.76 0.0478601 379.76 0.0478371 379.76 0.0483592 190.905
0.126022 195.214 0.124804 388.172 0.124825 388.172 0.124781 388.172 0.126 195.214
0.193782 198.438 0.191899 398.061 0.191939 398.061 0.191876 398.061 0.19376 198.438
0.241186 197.977 0.238869 397.596 0.238922 397.596 0.238845 397.596 0.241163 197.977
0.262557 195.344 0.260102 390.593 0.260161 390.593 0.260079 390.593 0.262534 195.344
0.258171 193.153 0.255795 385.454 0.255852 385.454 0.255772 385.454 0.258148 193.153
0.235395 192.97 0.233219 385.311 0.233271 385.311 0.233197 385.311 0.235373 192.97
0.205823 193.688 0.203894 387.328 0.203936 387.328 0.203871 387.328 0.205801 193.688
0.180548 194.858 0.178831 389.657 0.178866 389.657 0.178808 389.657 0.180525 194.858
0.167909 196.666 0.166291 393.012 0.166322 393.012 0.166268 393.012 0.167886 196.666
0.171263 199.414 0.16959 398.45 0.169622 398.45 0.169567 398.45 0.17124 199.414
0.187561 201.728 0.18597 403.585 0.186006 403.585 0.185947 403.585 0.187538 201.728
0.209063 198.062 0.207754 397.908 0.207796 397.908 0.20773 397.908 0.209039 198.062
0.2294 190.794 0.227756 382.25 0.227805 382.25 0.227733 382.25 0.229377 190.794
0.250104 187.896 0.247701 373.572 0.247755 373.572 0.247679 373.572 0.250082 187.896
0.274319 188.079 0.271734 375.095 0.271794 375.095 0.271712 375.095 0.274297 188.079
0.296725 188.62 0.293913 377.894 0.29398 377.894 0.293891 377.894 0.296703 188.619
0.307604 190.126 0.304688 380.103 0.304759 380.103 0.304666 380.103 0.307582 190.126
0.301579 192.461 0.298687 384.305 0.298757 384.305 0.298665 384.305 0.301557 192.461
0.280639 196.034 0.277878 391.665 0.277941 391.665 0.277855 391.665 0.280617 196.034
0.252693 197.899 0.250145 396.442 0.250199 396.442 0.250122 396.442 0.25267 197.899
0.22767 194.663 0.225377 390.814 0.225425 390.814 0.225354 390.814 0.227647 194.663
0.213231 191.735 0.211122 382.82 0.211166 382.82 0.2111 382.82 0.213208 191.735
0.212352 195.54 0.210231 388.411 0.210274 388.411 0.210209 388.411 0.21233 195.54
0.224243 200.85 0.221926 401.641 0.221972 401.641 0.221903 401.641 0.22422 200.85
0.247978 199.561 0.245421 401.958 0.245473 401.958 0.245397 401.958 0.247954 199.561
0.283961 194.355 0.281173 389.448 0.281235 389.448 0.28115 389.448 0.283938 194.355
0.329861 192.417 0.326744 382.588 0.326818 382.588 0.326721 382.588 0.329839 192.417
0.37739 195.983 0.373783 390.134 0.373871 390.134 0.373761 390.134 0.377368 195.983
0.415136 199.574 0.411075 400.008 0.411173 400.008 0.411052 400.008 0.415113 199.574
0.432668 196.912 0.428722 396.143 0.428826 396.143 0.428699 396.143 0.432645 196.912
0.425421 192.945 0.421647 385.553 0.421748 385.553 0.421624 385.553 0.425398 192.945
0.398196 192.438 0.394436 382.88 0.39453 382.88 0.394414 382.88 0.398174 192.438
0.358362 192.484 0.354929 385.011 0.355013 385.011 0.354907 385.011 0.35834 192.484
0.310117 193.745 0.307088 387.669 0.307158 387.669 0.307065 387.669 0.310095 193.745
0.255945 194.517 0.253391 389.001 0.253447 389.001 0.253369 389.001 0.255922 194.517
0.194154 191.466 0.192173 383.903 0.192213 383.903 0.192151 383.903 0.194131 191.466
0.121771 192.815 0.120438 384.02 0.12046 384.02 0.120416 384.02 0.121749 192.815
0.0399056 203.214 0.0392606 403.346 0.03926 403.346 0.0392377 403.346 0.0398828 203.214
-0.0528699 208.557 -0.0519058 419.372 -0.0519315 419.372 -0.0519298 419.372 -0.0528939 208.557
-0.162243 199.243 -0.159512 403.543 -0.159565 403.543 -0.159536 403.543 -0.162267 199.243
-0.287267 188.922 -0.283916 376.425 -0.284003 376.425 -0.283939 376.425 -0.28729 188.922
-0.413074 189.633 -0.409332 374.033 -0.409453 374.033 -0.409354 374.033 -0.413095 189.633
-0.524276 190.409 -0.519375 381.784 -0.519526 381.784 -0.519397 381.784 -0.524299 190.409
-0.620398 183.922 -0.61477 371.667 -0.614945 371.667 -0.614792 371.667 -0.62042 183.922
-0.705184 184.571 -0.699116 365.992 -0.699313 365.992 -0.699137 365.992 -0.705205 184.571
-0.77535 197.632 -0.768229 390.334 -0.768444 390.334 -0.768251 390.334 -0.775372 197.632
-0.834361 205.625 -0.823945 414.358 -0.824176 414.358 -0.823969 414.358 -0.834385 205.625
-0.893604 199.894 -0.88393 405.214 -0.884175 405.214 -0.883954 405.214 -0.893628 199.894
-0.95976 192.132 -0.94976 382.949 -0.950023 382.949 -0.949784 382.949 -0.959783 192.132
-1.03138 189.976 -1.02026 376.303 -1.02054 376.303 -1.02028 376.303 -1.0314 189.976
-1.10772 192.19 -1.09581 383.793 -1.09611 383.793 -1.09583 383.793 -1.10775 192.19
-1.19154 197.27 -1.17888 394.878 -1.1792 394.878 -1.1789 394.878 -1.19156 197.27
-1.2893 198.076 -1.27528 397.495 -1.27563 397.495 -1.27531 397.495 -1.28933 198.077
-1.40277 193.193 -1.38804 387.71 -1.38842 387.71 -1.38807 387.71 -1.4028 193.193
-1.51707 193.191 -1.50194 384.096 -1.50235 384.096 -1.50197 384.096 -1.51709 193.191
-1.61182 196.045 -1.59498 390.869 -1.59541 390.869 -1.595 390.869 -1.61184 196.045
-1.68045 193.494 -1.66283 389.459 -1.66328 389.459 -1.66285 389.459 -1.68048 193.495
-1.72343 192.434 -1.70601 384.393 -1.70647 384.393 -1.70603 384.393 -1.72346 192.434
-1.74146 194.601 -1.724 387.244 -1.72447 387.244 -1.72402 387.244 -1.74148 194.601
-1.73986 191.655 -1.72219 385.148 -1.72266 385.148 -1.72222 385.148 -1.73988 191.655
-1.71862 189.837 -1.70153 379.66 -1.70199 379.66 -1.70155 379.66 -1.71864 189.837
-1.66156 198.497 -1.64446 392.978 -1.64491 392.978 -1.64448 392.978 -1.66158 198.498
-1.55225 204.394 -1.53421 409.966 -1.53463 409.966 -1.53423 409.966 -1.55227 204.394
-1.39741 194.551 -1.38202 395.059 -1.3824 395.059 -1.38204 395.059 -1.39743 194.551
-1.21558 185.948 -1.20243 370.186 -1.20276 370.186 -1.20245 370.186 -1.2156 185.948
-1.02166 194.338 -1.00925 381.373 -1.00953 381.373 -1.00928 381.373 -1.02168 194.338
-0.832505 202.849 -0.821037 407 -0.821265 407 -0.82106 407 -0.832528 202.849
-0.672688 196.345 -0.662752 399.594 -0.662937 399.594 -0.662776 399.594 -0.672712 196.346
-0.561671 188.734 -0.553221 376.368 -0.553375 376.368 -0.553244 376.368 -0.561693 188.735
-0.490875 192.78 -0.483056 379.514 -0.483193 379.514 -0.483078 379.514 -0.490897 192.78
-0.429748 198.627 -0.422186 397.672 -0.42231 397.672 -0.422209 397.672 -0.429771 198.627
-0.348513 196.933 -0.341661 398.129 -0.341765 398.129 -0.341684 398.129 -0.348537 196.933
-0.226692 195.471 -0.22105 390.061 -0.221123 390.061 -0.221073 390.061 -0.226715 195.471
-0.0551238 197.903 -0.0510161 393.058 -0.0510442 393.059 -0.0510389 393.058 -0.0551465 197.903
0.155575 194.879 0.157779 391.934 0.157807 391.935 0.157756 391.934 0.155553 194.879
0.377949 189.319 0.378261 379.979 0.378351 379.979 0.378239 379.979 0.377926 189.319
0.586884 193.382 0.585411 382.719 0.585556 382.719 0.585389 382.719 0.586862 193.381
0.76819 200.689 0.763574 400.249 0.763767 400.249 0.763551 400.249 0.768168 200.689
0.915716 197.014 0.909191 398.84 0.909422 398.84 0.909167 398.84 0.915693 197.014
1.02493 187.89 1.0179 377.121 1.01816 377.121 1.01788 377.121 1.02491 187.89
1.09612 187.516 1.08917 370.298 1.08945 370.298 1.08914 370.298 1.0961 187.516
1.13233 194.025 1.12551 385.874 1.1258 385.874 1.12549 385.874 1.13231 194.025
1.13547 198.431 1.12679 399.294 1.12708 399.294 1.12677 399.294 1.13544 198.431
1.10545 199.59 1.09728 400.499 1.09756 400.499 1.09725 400.499 1.10543 199.589
1.04417 200.639 1.03679 400.136 1.03705 400.136 1.03677 400.136 1.04414 200.639
0.962033 203.049 0.95535 405.199 0.955593 405.199 0.955327 405.199 0.96201 203.049
0.877053 202.831 0.870977 406.836 0.871196 406.836 0.870954 406.836 0.877029 202.831
0.800427 197.857 0.795803 397.203 0.796001 397.203 0.79578 397.203 0.800404 197.857
0.735684 193.378 0.731906 385.849 0.732087 385.849 0.731883 385.849 0.735661 193.378
0.688654 192.076 0.684736 382.602 0.684905 382.602 0.684714 382.602 0.688632 192.076
0.666113 193.514 0.662347 386.545 0.662509 386.545 0.662325 386.545 0.666091 193.514
0.667402 194.858 0.663544 390.203 0.663706 390.203 0.663521 390.203 0.66738 194.858
0.679681 192.636 0.675772 386.335 0.675939 386.335 0.675749 386.335 0.679659 192.636
0.689455 191.275 0.685569 381.836 0.68574 381.836 0.685547 381.836 0.689433 191.275
0.691006 192.538 0.687081 383.831 0.687252 383.831 0.687059 383.831 0.690984 192.538
0.678791 192.046 0.674921 384.889 0.675089 384.889 0.674899 384.889 0.678768 192.046
0.64962 192.082 0.646034 384.197 0.646194 384.197 0.646011 384.197 0.649598 192.081
0.615333 194.032 0.612018 387.04 0.612169 387.04 0.611996 387.04 0.61531 194.031
0.593546 194.128 0.590373 388.791 0.590516 388.791 0.59035 388.791 0.593524 194.128
0.591096 194.592 0.587944 389.22 0.588087 389.22 0.587922 389.22 0.591073 194.592
0.607529 197.666 0.604172 394.186 0.60432 394.186 0.60415 394.186 0.607507 197.665
0.63853 199.838 0.634777 399.932 0.634932 399.932 0.634754 399.932 0.638507 199.838
0.673345 199.836 0.669251 400.567 0.669416 400.568 0.669228 400.567 0.673322 199.835
0.691777 195.728 0.687659 392.375 0.687831 392.375 0.687636 392.375 0.691754 195.728
0.663093 188.337 0.659505 377.111 0.659673 377.111 0.659483 377.111 0.663071 188.337
0.565449 188.476 0.562798 374.107 0.562941 374.107 0.562776 374.107 0.565427 188.476
0.402957 194.453 0.401542 387.15 0.40164 387.15 0.40152 387.15 0.402935 194.453
0.196915 193.019 0.197285 389.392 0.197327 389.392 0.197262 389.392 0.196892 193.019
-0.0203788 189.532 -0.0180567 379.765 -0.0180735 379.765 -0.0180793 379.765 -0.0204013 189.532
-0.213937 192.215 -0.209946 381.111 -0.210015 381.111 -0.209968 381.111 -0.213959 192.215
-0.373446 193.334 -0.367981 387.156 -0.368092 387.157 -0.368003 387.156 -0.373468 193.334
-0.518538 192.658 -0.511769 386.836 -0.511916 386.836 -0.511792 386.836 -0.518561 192.658
-0.669571 195.255 -0.661466 388.998 -0.661651 388.998 -0.661489 388.998 -0.669593 195.255
-0.837356 194.585 -0.827701 389.675 -0.82793 389.675 -0.827724 389.675 -0.837379 194.585
-1.02817 193.7 -1.01686 387.792 -1.01714 387.792 -1.01688 387.792 -1.0282 193.7
-1.23637 200.747 -1.22295 398.677 -1.22329 398.677 -1.22298 398.677 -1.23639 200.747
-1.45346 204.371 -1.43751 409.851 -1.4379 409.851 -1.43753 409.851 -1.45348 204.371
-1.67767 198.177 -1.6599 400.094 -1.66035 400.094 -1.65992 400.094 -1.67769 198.177
-1.90071 193.524 -1.88226 385.588 -1.88277 385.588 -1.88229 385.588 -1.90073 193.525
-2.10791 195.171 -2.08767 387.117 -2.08824 387.117 -2.0877 387.117 -2.10793 195.171
-2.2894 197.413 -2.26549 395.394 -2.2661 395.394 -2.26551 395.394 -2.28942 197.413
-2.43667 197.091 -2.4114 395.888 -2.41205 395.888 -2.41142 395.888 -2.4367 197.092
-2.53846 195.072 -2.51317 390.107 -2.51385 390.107 -2.5132 390.107 -2.53848 195.072
-2.58481 191.572 -2.56167 382.832 -2.56236 382.832 -2.5617 382.832 -2.58483 191.573
-2.5781 189.936 -2.55585 379.174 -2.55654 379.174 -2.55587 379.174 -2.57813 189.936
-2.52098 193.566 -2.49821 385.52 -2.49888 385.52 -2.49823 385.52 -2.521 193.566
-2.42375 195.141 -2.40165 391.141 -2.4023 391.141 -2.40167 391.141 -2.42378 195.142
-2.31581 189.247 -2.29252 381.08 -2.29314 381.08 -2.29254 381.08 -2.31584 189.247
-2.21548 187.246 -2.19397 372.529 -2.19456 372.529 -2.194 372.529 -2.2155 187.246
-2.13619 195.966 -2.11463 387.805 -2.11519 387.805 -2.11465 387.805 -2.13621 195.966
-2.07705 202.433 -2.05497 406.599 -2.05552 406.599 -2.05499 406.599 -2.07707 202.433
-2.02807 200.121 -2.00688 404.038 -2.00743 404.038 -2.00691 404.038 -2.0281 200.121
-1.96833 197.672 -1.94819 394.15 -1.94872 394.15 -1.94821 394.15 -1.96835 197.672
-1.88614 194.024 -1.86646 387.065 -1.86697 387.065 -1.86648 387.065 -1.88617 194.024
-1.79373 185.623 -1.77541 373.104 -1.77589 373.104 -1.77543 373.104 -1.79375 185.624
-1.70316 183.096 -1.68615 364.358 -1.68661 364.358 -1.68617 364.358 -1.70318 183.096
-1.60756 189.858 -1.59092 376.271 -1.59135 376.271 -1.59094 376.271 -1.60758 189.858
-1.49236 196.734 -1.47586 394.351 -1.47626 394.351 -1.47588 394.351 -1.49238 196.735
-1.34832 198.64 -1.33288 399.775 -1.33325 399.775 -1.33291 399.775 -1.34834 198.64
-1.18258 193.729 -1.16905 388.798 -1.16937 388.798 -1.16907 388.798 -1.1826 193.73
-1.02077 189.946 -1.00904 378.354 -1.00931 378.354 -1.00906 378.354 -1.02079 189.946
-0.88762 196.869 -0.876814 390.004 -0.877054 390.004 -0.876837 390.004 -0.887642 196.869
-0.798481 202.863 -0.788021 406.859 -0.788237 406.859 -0.788044 406.859 -0.798504 202.863
-0.761667 198.165 -0.751612 400.659 -0.751818 400.659 -0.751636 400.659 -0.761691 198.165
-0.76459 191.404 -0.754958 382.371 -0.755167 382.371 -0.754982 382.371 -0.764613 191.404
-0.770969 188.655 -0.76149 374.449 -0.761703 374.449 -0.761513 374.449 -0.770991 188.655
-0.738455 190.541 -0.72912 380.007 -0.729327 380.007 -0.729143 380.007 -0.738477 190.542
-0.633162 193.993 -0.624584 388.498 -0.624765 388.498 -0.624606 388.498 -0.633185 193.993
-0.440196 193.075 -0.433344 387.667 -0.433475 387.667 -0.433367 387.667 -0.440219 193.075
-0.158526 192.475 -0.154217 384.34 -0.154274 384.34 -0.15424 384.34 -0.158548 192.475
0.210804 196.975 0.211827 391.768 0.211868 391.768 0.211805 391.768 0.210782 196.975
0.653107 198.103 0.650015 397.578 0.650173 397.578 0.649992 397.578 0.653084 198.103
1.13565 195.287 1.12827 392.248 1.12855 392.248 1.12824 392.248 1.13562 195.287
1.63324 197.328 1.62071 392.343 1.62113 392.343 1.62069 392.343 1.63322 197.328
2.14372 198.602 2.12513 396.996 2.12568 396.996 2.12511 396.996 2.1437 198.602
2.6523 193.332 2.63528 389.337 2.63596 389.337 2.63526 389.337 2.65228 193.332
3.09677 192.414 3.12918 382.634 3.12999 382.634 3.12916 382.634 3.09675 192.413
3.51468 199.049 3.5864 394.22 3.58731 394.22 3.58638 394.22 3.51466 199.048
3.8454 199.492 3.99245 400.948 3.99342 400.948 3.99243 400.948 3.84538 199.491
4.01361 190.744 4.32852 383.487 4.32952 383.488 4.3285 383.487 4.01358 190.743
4.14517 188.382 4.56666 372.139 4.56764 372.139 4.56664 372.139 4.14515 188.382
4.29022 193.776 4.71242 384.426 4.7134 384.426 4.7124 384.426 4.2902 193.776
4.32509 191.784 4.80129 387.418 4.80228 387.418 4.80126 387.418 4.32506 191.783
4.28873 184.826 4.84452 371.447 4.84548 371.447 4.84449 371.447 4.28871 184.825
4.32751 189.555 4.83733 374.087 4.83828 374.087 4.8373 374.087 4.32748 189.554
4.39336 202.568 4.77203 402.395 4.77306 402.395 4.77201 402.395 4.39333 202.567
4.31355 201.857 4.64939 409.133 4.65044 409.133 4.64936 409.133 4.31352 201.856
4.1218 192.027 4.45191 386.653 4.45289 386.653 4.45188 386.653 4.12177 192.026
3.96249 198.576 4.15786 389.767 4.1588 389.767 4.15784 389.767 3.96246 198.576
3.69387 205.777 3.77323 409.59 3.7742 409.59 3.77321 409.59 3.69385 205.777
3.26574 188.453 3.30604 385.197 3.30693 385.198 3.30602 385.197 3.26571 188.453
2.7509 179.379 2.75051 355.104 2.75121 355.104 2.75049 355.104 2.75087 179.379
2.09002 199.71 2.13343 386.42 2.13401 386.42 2.13341 386.42 2.09 199.71
1.47068 206.282 1.49346 417.699 1.4939 417.699 1.49343 417.699 1.47065 206.281
0.864718 185.871 0.845191 383.159 0.845406 383.159 0.845168 383.159 0.864694 185.87
0.220363 179.016 0.210154 350.498 0.210175 350.498 0.210133 350.498 0.220342 179.016
-0.368343 194.492 -0.373964 378.824 -0.374073 378.824 -0.373985 378.824 -0.368364 194.492
-0.899487 206.22 -0.899445 417.336 -0.899693 417.336 -0.899469 417.336 -0.89951 206.22
-1.39754 206.133 -1.39273 418.747 -1.39312 418.747 -1.39276 418.747 -1.39757 206.133
-1.88256 202.93 -1.87448 404.135 -1.87499 404.135 -1.87451 404.135 -1.88259 202.93
-2.35884 194.475 -2.347 388.307 -2.34763 388.307 -2.34702 388.307 -2.35886 194.475
-2.78267 184.072 -2.80573 368.962 -2.80648 368.962 -2.80575 368.962 -2.7827 184.072
-3.17952 194.818 -3.22595 382.505 -3.22681 382.505 -3.22597 382.505 -3.17954 194.818
-3.56741 213.54 -3.5947 424.65 -3.59564 424.65 -3.59473 424.65 -3.56744 213.54
-3.81518 204.758 -3.94171 419.862 -3.94271 419.862 -3.94174 419.862 -3.81521 204.758
-3.93616 187.725 -4.27716 375.029 -4.27818 375.029 -4.27719 375.029 -3.93619 187.726
-4.14575 188.86 -4.57236 366.436 -4.57336 366.436 -4.57238 366.436 -4.14577 188.861
-4.36079 196.147 -4.81335 391.12 -4.81437 391.12 -4.81338 391.12 -4.36082 196.148
-4.48875 196.842 -5.02366 399.33 -5.02471 399.33 -5.02369 399.33 -4.48877 196.842
-4.54991 192.758 -5.20164 386.217 -5.2026 386.218 -5.20166 386.217 -4.54994 192.759
-4.637 193.671 -5.34588 383.559 -5.34684 383.56 -5.34591 383.559 -4.63703 193.672
-4.78163 202.36 -5.46914 402.595 -5.47016 402.595 -5.46916 402.595 -4.78166 202.361
-4.85653 205.479 -5.55514 413.899 -5.5562 413.899 -5.55516 413.899 -4.85656 205.48
-4.82768 198.963 -5.61296 400.775 -5.61399 400.775 -5.61298 400.775 -4.82771 198.964
-4.82557 196.671 -5.65013 390.585 -5.65108 390.585 -5.65016 390.585 -4.8256 196.672
-4.87914 199.793 -5.69413 397.221 -5.69511 397.221 -5.69415 397.221 -4.87917 199.794
-4.87912 197.435 -5.74399 397.37 -5.74499 397.37 -5.74401 397.37 -4.87915 197.436
-4.86312 192.9 -5.79963 386.748 -5.80055 386.748 -5.79965 386.748 -4.86315 192.901
-4.92843 195.625 -5.87055 388.204 -5.87148 388.204 -5.87057 388.204 -4.92846 195.626
-4.99005 198.151 -5.94652 396.238 -5.9475 396.238 -5.94655 396.238 -4.99008 198.152
-4.93636 191.274 -5.98404 385.865 -5.98499 385.865 -5.98406 385.865 -4.9364 191.275
-4.89515 187.613 -5.97274 373.739 -5.9736 373.739 -5.97277 373.739 -4.89519 187.614
-4.96029 195.969 -5.92201 387.692 -5.92296 387.692 -5.92204 387.692 -4.96032 195.97
-4.91367 198.419 -5.78622 399.295 -5.78727 399.294 -5.78624 399.295 -4.9137 198.42
-4.68214 186.225 -5.57539 377.47 -5.57635 377.47 -5.57541 377.47 -4.68217 186.226
-4.49257 180.605 -5.30988 358.034 -5.31075 358.034 -5.3099 358.034 -4.4926 180.606
-4.4236 190.023 -5.01063 374.265 -5.0116 374.265 -5.01066 374.265 -4.42363 190.024
-4.28903 197.408 -4.66078 395.891 -4.6619 395.89 -4.66081 395.891 -4.28905 197.408
-4.09056 197.376 -4.35297 397.237 -4.35402 397.236 -4.35299 397.237 -4.09059 197.376
-3.88212 198.475 -4.04946 394.961 -4.05043 394.961 -4.04948 394.961 -3.88215 198.476
-3.64532 197.761 -3.73665 394.618 -3.7376 394.618 -3.73667 394.618 -3.64535 197.762
-3.38825 194.715 -3.43948 389.944 -3.44039 389.944 -3.43951 389.944 -3.38827 194.716
-3.14093 194.017 -3.15902 386.581 -3.15985 386.581 -3.15904 386.581 -3.14096 194.018
-2.90043 191.805 -2.89631 383.393 -2.89708 383.393 -2.89633 383.393 -2.90046 191.806
-2.66746 190.556 -2.65388 380.924 -2.6546 380.924 -2.6539 380.924 -2.66748 190.556
-2.4373 196.401 -2.42188 390.245 -2.42254 390.245 -2.42191 390.245 -2.43732 196.402
-2.20626 203.177 -2.18632 406.023 -2.18692 406.023 -2.18634 406.023 -2.20628 203.178
-1.96906 202.707 -1.94489 408.357 -1.94542 408.357 -1.94491 408.357 -1.96908 202.707
-1.71879 194.123 -1.69822 390.36 -1.69869 390.36 -1.69825 390.36 -1.71881 194.123
-1.44986 187.811 -1.43248 373.479 -1.43288 373.479 -1.43251 373.479 -1.44988 187.811
-1.1395 196.058 -1.12445 386.994 -1.12477 386.994 -1.12448 386.994 -1.13952 196.058
-0.780123 207.309 -0.767564 414.921 -0.767784 414.921 -0.767588 414.921 -0.780147 207.309
-0.386891 207.606 -0.37801 420.214 -0.378126 420.214 -0.378034 420.214 -0.386916 207.606
0.0254154 205.447 0.0302402 410.791 0.0302333 410.791 0.0302158 410.791 0.0253914 205.447
0.453306 200.467 0.454204 399.9 0.454309 399.9 0.45418 399.9 0.453283 200.467
0.897495 191.211 0.894625 383.754 0.894847 383.754 0.894602 383.754 0.897473 191.211
1.37048 193.006 1.36363 382.664 1.36397 382.664 1.36361 382.664 1.37046 193.006
1.89554 199.911 1.8833 398.034 1.88378 398.034 1.88328 398.034 1.89552 199.911
2.48132 193.126 2.46368 391.722 2.46432 391.722 2.46366 391.722 2.4813 193.125
3.01241 182.797 3.09313 365.645 3.09393 365.645 3.0931 365.645 3.01239 182.797
3.51529 182.747 3.75452 357.548 3.75547 357.548 3.7545 357.548 3.51527 182.746
4.00843 184.842 4.4377 365.902 4.43872 365.902 4.43768 365.902 4.00841 184.842
4.41412 185.476 5.11339 370.695 5.11431 370.695 5.11337 370.695 4.41409 185.475
4.79289 188.331 5.75675 374.404 5.75759 374.404 5.75673 374.403 4.79286 188.33
5.11698 189.525 6.38635 377.871 6.38714 377.872 6.38633 377.871 5.11695 189.524
5.38233 188.376 6.95762 377.298 6.95827 377.3 6.9576 377.298 5.3823 188.375
5.66652 190.907 7.45987 381.004 7.46051 381.005 7.45984 381.004 5.66648 190.905
5.93724 195.655 7.91226 390.68 7.91288 390.68 7.91223 390.68 5.9372 195.654
6.07946 194.592 8.22111 391.067 8.2217 391.068 8.22109 391.067 6.07941 194.591
6.09827 188.302 8.34685 377.979 8.34738 377.98 8.34683 377.979 6.09823 188.3
6.17577 188.099 8.46772 373.636 8.46824 373.636 8.46769 373.636 6.17572 188.098
6.38932 197.154 8.7214 391.353 8.72196 391.353 8.72137 391.353 6.38927 197.152
6.50352 201.942 8.89726 406.062 8.89784 406.062 8.89723 406.062 6.50347 201.94
6.38861 195.391 8.80123 394.867 8.80179 394.866 8.8012 394.866 6.38856 195.389
6.25777 190.786 8.58668 380.18 8.58721 380.181 8.58666 380.18 6.25772 190.785
6.19944 193.794 8.42075 384.278 8.42131 384.278 8.42073 384.278 6.19939 193.792
6.09007 197.72 8.15862 396.108 8.15932 396.107 8.1586 396.108 6.09002 197.718
5.89723 201.547 7.69896 404.434 7.69972 404.432 7.69894 404.434 5.89718 201.545
5.53504 200.401 6.99235 401.513 6.99324 401.512 6.99233 401.513 5.535 200.4
4.96905 190.684 6.04021 382.861 6.04113 382.861 6.04019 382.861 4.96902 190.683
4.32314 184.025 4.9057 366.334 4.90664 366.334 4.90567 366.334 4.32311 184.024
3.52373 188.165 3.61175 370.221 3.61268 370.221 3.61173 370.221 3.52371 188.164
2.24331 196.904 2.29232 386.896 2.29309 386.896 2.2923 386.896 2.24329 196.903
0.885649 198.846 0.913648 397.425 0.913982 397.426 0.913625 397.425 0.885627 198.846
-0.495334 195.645 -0.514874 393.845 -0.515049 393.845 -0.514897 393.845 -0.495357 195.645
-1.96316 194.76 -1.96579 388.444 -1.96633 388.444 -1.96581 388.444 -1.96319 194.76
-3.31921 196.239 -3.41299 390.14 -3.41386 390.14 -3.41302 390.14 -3.31923 196.24
-4.24324 193.524 -4.83219 384.099 -4.83334 384.099 -4.83222 384.099 -4.24326 193.524
-4.90844 189.28 -6.05366 372.971 -6.05462 372.972 -6.05369 372.971 -4.90848 189.28
-5.5258 194.312 -7.10273 383.68 -7.10344 383.681 -7.10275 383.68 -5.52584 194.313
-6.0925 204.345 -8.0658 408.898 -8.06649 408.898 -8.06583 408.898 -6.09254 204.346
-6.41189 203.117 -8.72294 410.827 -8.72359 410.828 -8.72297 410.827 -6.41194 203.119
-6.47643 190.851 -8.99149 384.21 -8.99202 384.211 -8.99152 384.211 -6.47648 190.852
-6.58334 185.012 -9.18486 366.523 -9.18533 366.523 -9.18489 366.523 -6.58339 185.014
-6.86704 191.595 -9.59983 379.055 -9.60029 379.055 -9.59985 379.055 -6.8671 191.597
-7.10511 197.776 -9.9999 397.155 -10.0004 397.155 -9.99993 397.155 -7.10518 197.778
-7.11264 193.723 -10.0696 392.045 -10.07 392.045 -10.0696 392.045 -7.11271 193.725
-7.09335 190.46 -10.0023 380.134 -10.0028 380.134 -10.0024 380.134 -7.09342 190.462
-7.21023 196.474 -10.1095 388.648 -10.11 388.648 -10.1095 388.648 -7.2103 196.476
-7.22285 199.072 -10.1717 399.326 -10.1722 399.326 -10.1717 399.326 -7.22292 199.074
-7.02552 192.335 -9.94086 388.899 -9.94133 388.898 -9.94089 388.899 -7.02559 192.337
-6.85475 188.525 -9.63143 375.734 -9.63188 375.734 -9.63146 375.734 -6.85482 188.527
-6.80208 192.693 -9.47762 381.702 -9.47813 381.702 -9.47765 381.702 -6.80213 192.695
-6.68503 195.698 -9.28543 392.347 -9.28598 392.346 -9.28545 392.347 -6.68509 195.7
-6.40877 192.699 -8.85979 388.22 -8.86034 388.22 -8.85982 388.22 -6.40882 192.701
-6.16082 195.065 -8.34075 388.221 -8.34136 388.22 -8.34077 388.221 -6.16087 195.067
-5.90928 203.377 -7.69524 404.557 -7.69602 404.557 -7.69526 404.558 -5.90932 203.379
-5.34703 199.454 -6.62375 403.624 -6.6247 403.623 -6.62378 403.624 -5.34707 199.455
-4.52579 187.254 -5.23617 376.956 -5.23713 376.956 -5.2362 376.956 -4.52582 187.255
-3.46673 186.744 -3.55094 365.414 -3.55187 365.414 -3.55096 365.414 -3.46675 186.744
-1.60503 195.553 -1.71416 379.242 -1.71485 379.242 -1.71418 379.242 -1.60505 195.554
0.332288 196.221 0.26343 391.959 0.263349 391.958 0.263408 391.959 0.332267 196.221
2.3478 194.4 2.34214 391.815 2.34279 391.815 2.34211 391.815 2.34778 194.4
4.00166 198.161 4.4258 390.627 4.42693 390.627 4.42578 390.627 4.00163 198.16
5.07894 200.788 6.29937 391.541 6.30041 391.542 6.29935 391.541 5.07891 200.788
5.86791 197.108 7.72248 391.289 7.72317 391.291 7.72246 391.289 5.86787 197.107
6.5345 201.85 8.89045 403.115 8.89096 403.115 8.89043 403.115 6.53445 201.849
7.15061 211.875 9.88784 423.272 9.88838 423.272 9.88781 423.272 7.15055 211.873
7.40712 207.121 10.4342 418.721 10.4348 418.721 10.4342 418.72 7.40705 207.119
7.38882 193.276 10.4899 389.658 10.4903 389.658 10.4899 389.658 7.38875 193.274
7.51801 191.508 10.6113 378.605 10.6117 378.605 10.6113 378.605 7.51794 191.506
7.72167 196.717 10.924 390.587 10.9245 390.588 10.924 390.587 7.7216 196.715
7.69353 193.372 10.9889 391.052 10.9893 391.052 10.9889 391.052 7.69346 193.369
7.61018 189.924 10.8368 381.355 10.8372 381.355 10.8368 381.355 7.6101 189.922
7.69941 196.9 10.8626 389.334 10.8631 389.335 10.8626 389.334 7.69934 196.898
7.80478 206.254 11.0077 410.852 11.0081 410.851 11.0077 410.852 7.8047 206.252
7.72421 207.323 10.9419 418.252 10.9423 418.25 10.9418 418.252 7.72414 207.321
7.42782 197.35 10.5461 398.151 10.5466 398.151 10.5461 398.151 7.42775 197.348
7.1376 186.889 10.0895 372.448 10.0899 372.449 10.0895 372.448 7.13753 186.887
7.10507 188.493 9.98048 372.118 9.98089 372.118 9.98045 372.118 7.105 188.491
7.09637 190.447 10.0202 381.057 10.0206 381.056 10.0202 381.057 7.09631 190.445
6.88127 181.3 9.79761 367.382 9.798 367.382 9.79759 367.382 6.88121 181.298
6.79956 178.75 9.59976 355.533 9.60014 355.533 9.59974 355.533 6.79949 178.748
7.01865 191.803 9.80497 377.155 9.80543 377.155 9.80495 377.155 7.01859 191.801
7.1398 200.905 10.013 403.564 10.0135 403.562 10.013 403.564 7.13974 200.903
6.98317 197.017 9.8391 400.308 9.83958 400.307 9.83907 400.308 6.98311 197.015
6.80306 194.474 9.48659 388.016 9.48707 388.017 9.48657 388.016 6.803 194.472
6.67955 198.924 9.19355 393.598 9.19409 393.598 9.19352 393.598 6.6795 198.923
6.42776 200.442 8.76398 402.465 8.76458 402.463 8.76395 402.465 6.42771 200.441
5.96582 194.867 8.00005 393.562 8.0007 393.561 8.00003 393.562 5.96577 194.866
5.41491 190.828 6.96729 380.5 6.96802 380.5 6.96727 380.5 5.41487 190.827
4.73335 189.609 5.58224 376.89 5.58317 376.889 5.58221 376.89 4.73332 189.608
3.71213 184.785 3.87754 368.815 3.87851 368.815 3.87752 368.815 3.7121 184.785
2.01094 189.826 2.0877 369.444 2.08842 369.444 2.08768 369.444 2.01092 189.826
0.108578 202.806 0.202117 396.404 0.202321 396.405 0.202095 396.404 0.108558 202.806
-1.7571 200.631 -1.75788 407.767 -1.75837 407.767 -1.7579 407.767 -1.75712 200.631
-3.54875 191.884 -3.75612 386.437 -3.75715 386.437 -3.75615 386.437 -3.54878 191.885
-4.74545 200.256 -5.68261 384.587 -5.6837 384.588 -5.68263 384.587 -4.74548 200.257
-5.74634 206.834 -7.35082 406.68 -7.35165 406.682 -7.35084 406.68 -5.74637 206.835
-6.33142 200.5 -8.6075 406.773 -8.6081 406.773 -8.60753 406.773 -6.33146 200.501
-6.79742 196.402 -9.43577 393.133 -9.43624 393.134 -9.43579 393.133 -6.79748 196.404
-7.24582 197.072 -10.1502 390.607 -10.1507 390.608 -10.1502 390.607 -7.24588 197.074
-7.56042 194.542 -10.722 389.719 -10.7224 389.719 -10.722 389.719 -7.56049 194.544
-7.92786 197.256 -11.2573 394.096 -11.2577 394.096 -11.2573 394.096 -7.92793 197.258
-8.30174 201.768 -11.7919 402.736 -11.7924 402.737 -11.792 402.736 -8.30182 201.771
-8.35147 192.091 -11.9374 388.082 -11.9378 388.082 -11.9374 388.082 -8.35156 192.093
-8.43337 184.989 -11.9665 369.39 -11.9669 369.39 -11.9666 369.39 -8.43346 184.992
-8.88768 195.701 -12.5053 384.346 -12.5057 384.346 -12.5053 384.346 -8.88777 195.704
-9.16821 198.951 -13.033 399.626 -13.0334 399.626 -13.033 399.626 -9.16831 198.954
-9.10236 187.086 -12.9917 381.54 -12.9921 381.54 -12.9918 381.54 -9.10246 187.089
-9.23958 184.827 -12.9676 366.858 -12.968 366.859 -12.9676 366.858 -9.23969 184.83
-9.56028 191.018 -13.3584 376.014 -13.3588 376.015 -13.3584 376.014 -9.56039 191.022
-9.686 188.204 -13.6536 379.463 -13.654 379.463 -13.6536 379.463 -9.68612 188.207
-9.80835 185.103 -13.7717 372.967 -13.7721 372.967 -13.7717 372.967 -9.80847 185.107
-10.1651 192.073 -14.1363 380.007 -14.1367 380.008 -14.1363 380.007 -10.1652 192.077
-10.4752 196.927 -14.6054 392.532 -14.6059 392.532 -14.6055 392.532 -10.4754 196.931
-10.6956 198.282 -14.9529 399.136 -14.9533 399.135 -14.953 399.136 -10.6957 198.286
-11.0415 205.686 -15.3681 410.426 -15.3685 410.426 -15.3681 410.426 -11.0416 205.69
-11.1641 204.672 -15.5455 410.655 -15.5459 410.655 -15.5455 410.655 -11.1643 204.677
-10.9171 189.367 -15.1737 384.09 -15.1742 384.091 -15.1738 384.09 -10.9172 189.371
-10.7988 181.367 -14.8034 360.979 -14.8038 360.98 -14.8034 360.979 -10.7989 181.371
-10.9792 187.346 -14.9766 367.954 -14.977 367.955 -14.9766 367.954 -10.9794 187.351
-11.2738 199.392 -15.5655 397.229 -15.5659 397.227 -15.5655 397.229 -11.274 199.397
-11.4111 207.097 -15.93 418.73 -15.9304 418.728 -15.93 418.731 -11.4113 207.102
-11.1628 200.907 -15.6027 408.044 -15.6031 408.044 -15.6027 408.044 -11.163 200.912
-10.7779 190.715 -14.9229 381.987 -14.9233 381.988 -14.9229 381.987 -10.7781 190.719
-10.5427 188.586 -14.5095 372.024 -14.5099 372.024 -14.5095 372.024 -10.5428 188.59
-10.3062 188.235 -14.3029 374.82 -14.3032 374.819 -14.3029 374.82 -10.3064 188.24
-9.96521 185.159 -13.955 373.468 -13.9554 373.467 -13.9551 373.468 -9.96534 185.163
-9.62333 183.781 -13.4792 368.35 -13.4796 368.351 -13.4792 368.35 -9.62345 183.785
-9.19673 180.666 -12.9018 360.689 -12.9022 360.689 -12.9019 360.689 -9.19685 180.67
-8.60704 172.272 -12.138 345.712 -12.1383 345.712 -12.138 345.712 -8.60715 172.275
-8.18038 172.052 -11.5324 342.358 -11.5327 342.358 -11.5324 342.358 -8.18048 172.055
-8.0665 187.175 -11.3524 368.931 -11.3528 368.931 -11.3524 368.931 -8.06659 187.178
-7.80041 198.694 -11.0475 398.78 -11.048 398.779 -11.0476 398.78 -7.80049 198.696
-7.25389 198.684 -10.2252 403.016 -10.2257 403.015 -10.2252 403.016 -7.25396 198.686
-6.68151 199.697 -9.16608 398.533 -9.16663 398.533 -9.16611 398.533 -6.68156 199.699
-6.07901 203.835 -7.95143 404.304 -7.95214 404.303 -7.95146 404.304 -6.07906 203.836
-5.26471 204.11 -6.28285 409.656 -6.28384 409.654 -6.28288 409.656 -5.26474 204.111
-4.1423 204.828 -4.2794 407.728 -4.2805 407.728 -4.27943 407.728 -4.14233 204.829
-2.28608 207.561 -2.29398 404.092 -2.29485 404.092 -2.29401 404.092 -2.2861 207.561
-0.279502 202.066 -0.308289 399.495 -0.308585 399.495 -0.308313 399.495 -0.279522 202.066
1.61249 202.666 1.67244 405.199 1.6729 405.199 1.67242 405.199 1.61247 202.666
3.41152 212.301 3.55797 422.59 3.55892 422.59 3.55795 422.59 3.41149 212.3
4.62687 217.208 5.29858 430.813 5.2997 430.814 5.29855 430.813 4.62684 217.207
5.46985 216.288 6.73688 427.602 6.73794 427.603 6.73686 427.602 5.46982 216.287
6.06878 212.744 7.88041 423.241 7.88118 423.242 7.88038 423.241 6.06874 212.743
6.48685 207.673 8.75382 416.475 8.7544 416.476 8.7538 416.475 6.4868 207.672
6.84863 203.791 9.45324 407.748 9.45376 407.748 9.45321 407.748 6.84858 203.789
7.16696 199.013 10.0508 397.61 10.0513 397.611 10.0508 397.61 7.1669 199.011
7.42826 191.152 10.5301 382.853 10.5305 382.854 10.5301 382.853 7.4282 191.15
7.82988 189.999 11.0956 377.834 11.096 377.834 11.0956 377.834 7.8298 189.997
8.41278 197.23 11.9107 391.039 11.911 391.04 11.9106 391.039 8.4127 197.228
8.75541 192.551 12.4885 388.614 12.4888 388.615 12.4884 388.614 8.75532 192.548
8.7766 173.699 12.4535 352.935 12.4539 352.936 12.4535 352.935 8.7765 173.696
9.03076 166.37 12.5251 328.696 12.5254 328.697 12.525 328.696 9.03065 166.367
9.63983 174.983 13.2706 342.225 13.271 342.226 13.2706 342.225 9.63971 174.979
10.2265 182.291 14.2021 365.391 14.2024 365.391 14.2021 365.391 10.2264 182.287
10.6815 184.634 14.8313 374.066 14.8316 374.066 14.8313 374.066 10.6814 184.63
11.0698 185.452 15.2087 371.622 15.2091 371.623 15.2087 371.622 11.0696 185.447
11.4042 185.319 15.5321 369.238 15.5325 369.238 15.5321 369.238 11.404 185.314
11.7418 187.16 15.9379 373.121 15.9383 373.12 15.9379 373.121 11.7416 187.155
11.9767 186.739 16.2426 374.646 16.243 374.646 16.2425 374.646 11.9765 186.734
12.0875 183.556 16.3291 368.932 16.3295 368.932 16.3291 368.932 12.0874 183.551
12.2925 186.372 16.5072 370.607 16.5076 370.607 16.5072 370.607 12.2923 186.367
12.4677 190.269 16.7676 378.812 16.7681 378.812 16.7676 378.812 12.4675 190.263
12.5008 190.367 16.8797 382.576 16.8801 382.576 16.8797 382.576 12.5006 190.361
12.6267 195.72 17.0394 390.918 17.0398 390.918 17.0393 390.918 12.6265 195.714
12.676 200.121 17.1528 399.33 17.1533 399.33 17.1528 399.33 12.6758 200.115
12.4037 193.413 16.8605 390.555 16.8609 390.555 16.8604 390.555 12.4035 193.407
12.2092 190.956 16.5314 381.909 16.5318 381.909 16.5314 381.909 12.209 190.951
12.2067 197.187 16.5253 390.002 16.5257 390.003 16.5253 390.002 12.2065 197.181
12.0405 197.182 16.4524 395.58 16.4528 395.58 16.4524 395.58 12.0404 197.177
11.8065 194.653 16.1942 392.294 16.1945 392.294 16.1941 392.294 11.8063 194.648
11.7768 200.011 16.1158 397.356 16.1162 397.356 16.1158 397.356 11.7767 200.006
11.6915 202.896 16.0834 404.903 16.0838 404.903 16.0833 404.903 11.6913 202.891
11.3586 195.88 15.7191 395.826 15.7195 395.825 15.7191 395.826 11.3584 195.876
11.0277 188.855 15.1938 378.735 15.1942 378.735 15.1938 378.735 11.0275 188.851
10.8366 187.557 14.8661 371.639 14.8665 371.639 14.866 371.639 10.8364 187.552
10.7786 191.596 14.8516 380.164 14.852 380.164 14.8516 380.164 10.7785 191.591
10.8315 200.198 15.0548 399.608 15.0551 399.607 15.0547 399.608 10.8313 200.193
10.9734 212.233 15.3485 424.623 15.3489 424.623 15.3485 424.623 10.9733 212.229
11.0176 220.604 15.4844 442.582 15.4849 442.582 15.4844 442.581 11.0174 220.599
10.598 209.867 14.9696 425.331 14.97 425.331 14.9696 425.331 10.5978 209.863
10.0393 193.674 14.0819 388.861 14.0822 388.861 14.0818 388.861 10.0392 193.67
9.92649 197.284 13.7806 386.046 13.781 386.046 13.7806 386.046 9.92637 197.28
9.90421 205.114 13.8962 406.736 13.8966 406.736 13.8962 406.736 9.90409 205.11
9.54465 198.527 13.5927 404.518 13.5931 404.517 13.5927 404.518 9.54453 198.524
9.24188 193.41 13.0726 388.534 13.073 388.534 13.0726 388.534 9.24177 193.406
9.15686 196.626 12.8412 387.289 12.8415 387.289 12.8411 387.289 9.15675 196.622
8.98351 194.975 12.7061 389.599 12.7065 389.599 12.7061 389.599 8.98341 194.972
8.78067 191.199 12.4793 385.308 12.4796 385.307 12.4793 385.308 8.78058 191.196
8.83573 198.745 12.4757 394.534 12.4761 394.534 12.4757 394.534 8.83563 198.742
8.92504 208.706 12.6107 415.221 12.6112 415.221 12.6107 415.221 8.92494 208.703
8.57383 199.772 12.2519 406.029 12.2522 406.028 12.2518 406.029 8.57374 199.769
8.0236 182.498 11.4347 368.676 11.4351 368.675 11.4347 368.676 8.02351 182.495
7.84264 181.947 11.0097 356.481 11.01 356.482 11.0096 356.481 7.84255 181.944
7.88498 190.477 11.1119 376.303 11.1123 376.303 11.1119 376.303 7.88491 190.474
7.79083 190.916 11.1078 386.758 11.1081 386.756 11.1077 386.758 7.79075 190.914
7.71988 190.41 10.9625 382.724 10.9628 382.724 10.9624 382.724 7.7198 190.408
7.73727 191.974 10.9176 380.966 10.9179 380.966 10.9175 380.966 7.7372 191.972
7.73451 190.343 10.9529 380.336 10.9533 380.336 10.9529 380.335 7.73444 190.341
7.86844 193.193 11.141 385.9 11.1413 385.9 11.1409 385.9 7.86837 193.19
8.00854 194.042 11.3532 388.403 11.3536 388.404 11.3531 388.403 8.00847 194.039
8.01709 186.648 11.384 374.835 11.3844 374.836 11.384 374.835 8.01701 186.645
8.26299 188.269 11.6496 372.738 11.65 372.739 11.6496 372.738 8.26291 188.267
8.7248 197.442 12.3075 391.026 12.3079 391.026 12.3074 391.026 8.72471 197.439
9.00606 196.144 12.8054 396.112 12.8058 396.112 12.8054 396.112 9.00596 196.141
9.249 191.512 13.0863 385.628 13.0866 385.627 13.0862 385.628 9.2489 191.509
9.69589 195.327 13.5645 386.768 13.5648 386.769 13.5644 386.768 9.69578 195.323
10.1575 200.081 14.2164 398.419 14.2168 398.419 14.2164 398.419 10.1573 200.077
10.4681 199.474 14.6796 401.965 14.6799 401.965 14.6795 401.965 10.468 199.47
10.6495 196.169 14.8471 394.396 14.8475 394.396 14.8471 394.396 10.6494 196.165
10.7322 192.055 14.8557 383.718 14.8561 383.719 14.8557 383.718 10.7321 192.05
10.7653 189.77 14.8578 378.477 14.8582 378.477 14.8578 378.477 10.7651 189.766
10.9041 196.174 15.0649 389.872 15.0653 389.871 15.0649 389.872 10.9039 196.17
11.0576 207.937 15.4076 415.148 15.408 415.147 15.4076 415.148 11.0575 207.933
10.8142 208.49 15.2335 422.834 15.2339 422.832 15.2335 422.833 10.8141 208.486
10.2117 200.161 14.4025 405.162 14.4029 405.162 14.4025 405.162 10.2116 200.156
9.77586 205.246 13.7 405.129 13.7004 405.129 13.7 405.129 9.77574 205.243
9.39591 220.552 13.2087 435.944 13.2091 435.943 13.2086 435.944 9.39581 220.548
8.34898 217.441 11.8599 443.337 11.8603 443.335 11.8599 443.337 8.3489 217.438
6.79706 202.594 9.39 412.236 9.3905 412.235 9.38997 412.236 6.797 202.592
5.01209 206.22 5.69257 403.198 5.69351 403.196 5.69254 403.197 5.01205 206.219
0.521434 224.996 0.508446 417.478 0.509179 417.479 0.508423 417.478 0.521419 224.996
-3.93301 209.714 -3.96095 404.393 -3.96144 404.394 -3.96097 404.393 -3.93303 209.715
-5.59724 206.337 -7.45552 390.857 -7.45658 390.861 -7.45555 390.857 -5.59727 206.338
-7.07891 204.557 -9.57438 395.769 -9.57504 395.772 -9.57441 395.769 -7.07896 204.559
-7.9221 196.859 -11.1543 396.507 -11.1546 396.505 -11.1543 396.507 -7.92217 196.861
-8.57626 196.005 -12.1849 394.472 -12.1853 394.473 -12.1849 394.472 -8.57634 196.008
-9.14898 196.204 -12.9272 391.495 -12.9276 391.497 -12.9272 391.495 -9.14908 196.207
-9.5902 193.557 -13.4839 386.895 -13.4843 386.894 -13.4839 386.895 -9.5903 193.56
-10.027 192.899 -14.0215 385.336 -14.0219 385.335 -14.0216 385.336 -10.0272 192.903
-10.3856 189.733 -14.4475 380.056 -14.4479 380.057 -14.4475 380.056 -10.3857 189.737
-10.5904 179.647 -14.6115 361.703 -14.6119 361.704 -14.6116 361.703 -10.5906 179.651
-10.9266 173.896 -14.8437 346.918 -14.8441 346.918 -14.8437 346.918 -10.9267 173.901
-11.6211 181.502 -15.634 357.736 -15.6344 357.736 -15.634 357.736 -11.6213 181.507
-12.4916 194.393 -16.8336 386.174 -16.8341 386.174 -16.8337 386.174 -12.4918 194.399
-13.2299 199.32 -17.8375 402.36 -17.838 402.359 -17.8376 402.36 -13.2301 199.325
-13.8326 196.254 -18.4395 396.308 -18.44 396.309 -18.4396 396.308 -13.8327 196.26
-14.5901 197.436 -19.1343 392.768 -19.1348 392.769 -19.1343 392.768 -14.5904 197.443
-15.5068 203.314 -20.1384 402.314 -20.139 402.314 -20.1385 402.314 -15.5071 203.321
-16.2935 202.515 -21.0717 406.672 -21.0723 406.672 -21.0717 406.672 -16.2937 202.523
-17.0027 197.579 -21.7603 398.984 -21.7609 398.984 -21.7603 398.984 -17.0029 197.588
-17.8828 200.24 -22.5879 398.723 -22.5892 398.705 -22.588 398.723 -17.8831 200.25
-18.8204 206.575 -23.6155 409.598 -23.6162 409.553 -23.6155 409.598 -18.8207 206.586
-19.5595 206.567 -24.4783 414.821 -24.4784 414.794 -24.4784 414.821 -19.5598 206.578
-20.1136 201.586 -24.9854 406.526 -24.9864 406.538 -24.9855 406.526 -20.114 201.597
-20.6738 200.145 -25.4319 399.157 -25.433 399.176 -25.4319 399.157 -20.6741 200.157
-21.3213 205.869 -26.1255 407.642 -26.1264 407.643 -26.1256 407.642 -21.3217 205.882
-21.8752 211.199 -26.8507 421.646 -26.8513 421.637 -26.8507 421.646 -21.8756 211.212
-22.097 207.199 -27.1209 419.222 -27.1215 419.217 -27.1209 419.221 -22.0974 207.212
-22.0712 197.36 -26.899 398.697 -26.8999 398.7 -26.8991 398.697 -22.0716 197.373
-22.0277 191.003 -26.6144 380.251 -26.6154 380.255 -26.6145 380.251 -22.0281 191.017
-22.0405 190.601 -26.5578 377.12 -26.5587 377.12 -26.5579 377.12 -22.0409 190.615
-21.9836 191.444 -26.5875 382.02 -26.5883 382.018 -26.5876 382.02 -21.984 191.459
-21.7655 189.992 -26.4226 382.71 -26.4234 382.709 -26.4227 382.71 -21.766 190.006
-21.4594 188.88 -26.0688 379.57 -26.0696 379.571 -26.0688 379.57 -21.4598 188.894
-21.1728 191.759 -25.7465 381.854 -25.7473 381.855 -25.7465 381.854 -21.1732 191.773
-20.8309 196.014 -25.4814 390.101 -25.4822 390.1 -25.4815 390.1 -20.8313 196.027
-20.3354 197.362 -25.0654 395.491 -25.0662 395.49 -25.0655 395.491 -20.3358 197.374
-19.7162 197.078 -24.4656 396.398 -24.4663 396.397 -24.4656 396.398 -19.7166 197.09
-19.0395 196.979 -23.7256 394.471 -23.7263 394.471 -23.7257 394.471 -19.0399 196.991
-18.2251 194.409 -22.8257 388.38 -22.8264 388.381 -22.8258 388.38 -18.2254 194.42
-17.3431 191.526 -21.8661 382.584 -21.8667 382.583 -21.8662 382.584 -17.3434 191.536
-16.4355 189.997 -20.9042 379.661 -20.9048 379.66 -20.9043 379.661 -16.4358 190.006
-15.3709 185.135 -19.7431 371.788 -19.7436 371.788 -19.7431 371.788 -15.3712 185.143
-14.2451 180.671 -18.4651 361.8 -18.4656 361.801 -18.4651 361.8 -14.2453 180.678
-13.2523 183.471 -17.3731 363.63 -17.3736 363.63 -17.3732 363.63 -13.2526 183.478
-12.2125 187.355 -16.3412 373.253 -16.3417 373.252 -16.3413 373.253 -12.2127 187.362
-10.9126 185.279 -14.9726 374.708 -14.973 374.707 -14.9727 374.708 -10.9127 185.284
-9.45885 180.062 -13.1826 363.807 -13.1829 363.807 -13.1826 363.807 -9.45898 180.066
-8.09375 181.964 -11.2896 361.075 -11.2899 361.075 -11.2896 361.075 -8.09385 181.968
-6.62222 193.101 -8.9675 382.21 -8.96797 382.208 -8.96752 382.21 -6.62227 193.103
-3.78808 201.317 -3.50308 402.247 -3.50405 402.244 -3.50311 402.247 -3.78809 201.318
3.50635 205.44 3.51602 371.543 3.51594 371.546 3.516 371.543 3.50634 205.44
6.06323 207.523 7.78763 358.896 7.78827 358.903 7.78762 358.896 6.0632 207.522
8.0943 207.874 11.0553 389.758 11.056 389.764 11.0553 389.758 8.09424 207.872
9.57865 191.856 13.449 390.608 13.4493 390.606 13.4489 390.608 9.57856 191.853
10.759 184.425 14.8362 373.592 14.8365 373.592 14.8361 373.592 10.7589 184.422
12.1492 190.42 16.2995 374.637 16.3 374.643 16.2994 374.637 12.149 190.415
13.3959 191.922 17.7838 382.491 17.7842 382.491 17.7837 382.491 13.3957 191.916
14.5722 192.003 19.1106 386.808 19.111 386.804 19.1105 386.808 14.572 191.996
15.8644 199.274 20.4978 396.59 20.4984 396.591 20.4978 396.59 15.8642 199.266
17.0905 205.175 21.8773 408.567 21.8779 408.57 21.8772 408.567 17.0903 205.166
18.1385 205.117 23.0264 412.492 23.027 412.492 23.0264 412.492 18.1382 205.107
19.1787 206.985 24.0896 415.271 24.0903 415.27 24.0896 415.271 19.1784 206.974
20.2086 210.838 25.1419 420.178 25.1425 420.178 25.1418 420.178 20.2083 210.827
21.051 209.553 26.0124 418.757 26.0132 418.757 26.0124 418.757 21.0507 209.541
21.7504 204.777 26.6763 411.059 26.6771 411.06 26.6763 411.06 21.75 204.764
22.4281 201.598 27.2698 403.553 27.2706 403.553 27.2698 403.553 22.4277 201.584
23.0819 200.057 27.8631 399.147 27.8639 399.147 27.8631 399.147 23.0815 200.043
23.7555 201.701 28.5515 402.016 28.5523 402.016 28.5514 402.017 23.755 201.686
24.4257 205.829 29.3079 410.92 29.3088 410.92 29.3079 410.92 24.4253 205.813
24.9137 205.228 29.844 412.345 29.8449 412.345 29.844 412.345 24.9132 205.212
25.2335 200.292 30.083 403.037 30.0839 403.038 30.083 403.037 25.233 200.276
25.6171 200.272 30.3849 399.587 30.3858 399.588 30.3849 399.588 25.6167 200.255
26.0624 204.266 30.8567 405.54 30.8576 405.54 30.8567 405.54 26.0618 204.248
26.3144 201.755 31.1442 404.525 31.1451 404.525 31.1442 404.525 26.3139 201.738
26.4134 193.815 31.1457 391.147 31.1467 391.148 31.1457 391.148 26.4129 193.798
26.6548 191.778 31.2551 382.79 31.2561 382.79 31.2551 382.79 26.6542 191.761
27.1051 197.783 31.7156 390.667 31.7166 390.667 31.7155 390.667 27.1046 197.764
27.5375 202.906 32.3005 403.629 32.3014 403.629 32.3004 403.629 27.537 202.887
27.7982 201.358 32.6487 406.083 32.6497 406.082 32.6487 406.083 27.7976 201.339
27.9676 196.434 32.7332 396.655 32.7342 396.655 32.7331 396.655 27.967 196.415
28.1547 192.798 32.7702 385.224 32.7713 385.225 32.7702 385.224 28.1542 192.779
28.3733 191.072 32.8851 379.232 32.8862 379.232 32.8851 379.232 28.3727 191.053
28.5934 190.761 33.1152 379.665 33.1163 379.665 33.1152 379.665 28.5928 190.741
28.8091 191.788 33.3917 383.746 33.3928 383.746 33.3917 383.747 28.8085 191.768
28.9758 192.696 33.595 386.576 33.596 386.576 33.5949 386.576 28.9752 192.676
29.039 191.651 33.6369 384.487 33.6379 384.488 33.6368 384.488 29.0384 191.631
29.0107 189.363 33.5458 379.11 33.5469 379.11 33.5458 379.11 29.0102 189.343
28.9137 187.049 33.387 373.712 33.388 373.712 33.3869 373.712 28.9131 187.029
28.7319 184.366 33.1581 368.512 33.1591 368.512 33.158 368.512 28.7313 184.346
28.4762 181.99 32.8663 364.11 32.8673 364.11 32.8662 364.111 28.4756 181.97
28.2663 184.744 32.6841 368.372 32.6851 368.372 32.6841 368.372 28.2657 184.724
28.1523 194.622 32.7471 386.847 32.7481 386.847 32.747 386.847 28.1518 194.602
27.8409 200.94 32.6363 402.181 32.6373 402.181 32.6363 402.182 27.8404 200.92
27.0866 194.276 31.8545 393.928 31.8554 393.928 31.8544 393.928 27.086 194.257
26.2045 186.748 30.771 376.496 30.7719 376.497 30.7709 376.497 26.204 186.73
25.5254 190.957 30.0045 377.231 30.0054 377.231 30.0044 377.231 25.5248 190.94
24.912 201.259 29.5985 396.657 29.5993 396.656 29.5984 396.657 24.9115 201.242
24.0687 207.115 29.0451 416.319 29.0459 416.318 29.045 416.319 24.0682 207.099
22.9757 207.884 28.022 421.637 28.0227 421.637 28.0219 421.638 22.9752 207.869
21.7561 207.731 26.6848 416.985 26.6856 416.986 26.6848 416.985 21.7557 207.718
20.462 208.212 25.2827 414.09 25.2834 414.09 25.2826 414.09 20.4616 208.199
19.1055 209.836 23.9281 416.736 23.9287 416.736 23.928 416.736 19.1052 209.823
17.6627 210.035 22.5091 420.238 22.5096 420.237 22.509 420.238 17.6623 210.025
15.9935 204.433 20.7336 412.3 20.7341 412.3 20.7335 412.3 15.9932 204.425
14.1673 196.214 18.6272 393.685 18.6276 393.685 18.6271 393.685 14.1671 196.207
12.4408 193.017 16.5928 382.636 16.5932 382.635 16.5928 382.636 12.4406 193.01
10.7233 193.801 14.6565 385.679 14.6568 385.678 14.6565 385.679 10.7232 193.795
8.7907 193.576 12.3123 391.565 12.3126 391.564 12.3122 391.565 8.7906 193.573
6.57033 199.538 8.80182 401.357 8.80227 401.357 8.80179 401.357 6.57028 199.535
0.966162 228.885 0.450149 426.921 0.450743 426.92 0.450121 426.921 0.9662 228.884
-6.36021 244.273 -7.68082 415.026 -7.68131 415.031 -7.68084 415.026 -6.36024 244.274
-8.58582 234.722 -11.3122 413.456 -11.313 413.468 -11.3122 413.456 -8.58587 234.723
-11.0446 213.949 -14.8356 417.37 -14.8362 417.372 -14.8356 417.37 -11.0447 213.953
-12.7495 199.645 -17.1895 406.561 -17.1897 406.557 -17.1895 406.561 -12.7496 199.65
-14.6325 198.312 -19.0966 396.066 -19.0972 396.072 -19.0966 396.066 -14.6327 198.318
-16.5673 201.296 -21.1307 397.194 -21.1315 397.198 -21.1308 397.194 -16.5675 201.304
-18.3898 199.747 -23.0599 399.201 -23.0605 399.197 -23.06 399.201 -18.3901 199.756
-20.0309 194.431 -24.7007 390.713 -24.7014 390.711 -24.7007 390.713 -20.0312 194.442
-21.5226 187.356 -26.1069 374.766 -26.1078 374.768 -26.1069 374.765 -21.523 187.368
-22.9493 180.436 -27.4312 360.367 -27.4321 360.369 -27.4312 360.367 -22.9497 180.45
-24.3929 178.426 -28.8227 356.709 -28.8236 356.708 -28.8227 356.708 -24.3934 178.441
-25.8939 182.162 -30.3288 363.167 -30.3298 363.166 -30.3289 363.167 -25.8944 182.179
-27.3151 186.416 -31.809 372.223 -31.81 372.223 -31.809 372.223 -27.3156 186.435
-28.5798 187.92 -33.1138 376.875 -33.1149 376.875 -33.1139 376.874 -28.5804 187.94
-29.6879 186.813 -34.2028 375.502 -34.204 375.502 -34.2029 375.502 -29.6885 186.834
-30.6867 184.32 -35.1325 370.138 -35.1337 370.139 -35.1326 370.138 -30.6873 184.342
-31.6738 184.089 -36.0412 367.993 -36.0424 367.993 -36.0412 367.993 -31.6745 184.111
-32.6735 187.432 -37.0308 372.88 -37.0321 372.879 -37.0309 372.88 -32.6741 187.455
-33.599 190.711 -38.0045 380.309 -38.0058 380.308 -38.0046 380.308 -33.5996 190.736
-34.3876 191.135 -38.8319 383.816 -38.8332 383.815 -38.832 383.815 -34.3883 191.16
-35.0651 189.383 -39.4808 381.509 -39.4821 381.509 -39.4808 381.508 -35.0658 189.409
-35.725 188.967 -40.0612 378.651 -40.0625 378.651 -40.0612 378.65 -35.7258 188.994
-36.4361 192.591 -40.7362 382.474 -40.7376 382.474 -40.7363 382.474 -36.4369 192.618
-37.0224 192.692 -41.3391 384.451 -41.3405 384.451 -41.3392 384.451 -37.0231 192.72
-37.3299 182.517 -41.5701 370.248 -41.5715 370.248 -41.5701 370.248 -37.3306 182.545
-37.6233 173.625 -41.6403 351.079 -41.6418 351.079 -41.6404 351.078 -37.624 173.654
-38.1492 177.009 -42.0147 348.873 -42.0162 348.873 -42.0147 348.872 -38.1499 177.038
-38.7091 184.5 -42.6354 360.785 -42.6369 360.784 -42.6355 360.784 -38.7099 184.53
-39.1059 187.94 -43.2366 374.656 -43.2381 374.654 -43.2367 374.656 -39.1066 187.97
-39.4556 192.456 -43.7612 388.748 -43.7627 388.746 -43.7613 388.747 -39.4564 192.487
-39.7903 199.576 -44.1903 401.734 -44.1918 401.735 -44.1903 401.734 -39.7911 199.607
-39.9407 201.764 -44.3577 405.209 -44.3593 405.209 -44.3578 405.208 -39.9415 201.795
-39.8556 196.596 -44.1954 395.862 -44.197 395.861 -44.1955 395.861 -39.8564 196.626
-39.6447 189.201 -43.8219 380.206 -43.8234 380.205 -43.8219 380.205 -39.6455 189.231
-39.4116 183.763 -43.4273 366.561 -43.4289 366.561 -43.4274 366.561 -39.4124 183.793
-39.2528 183.87 -43.2118 363.802 -43.2134 363.803 -43.2119 363.802 -39.2535 183.9
-39.2299 192.177 -43.3295 378.837 -43.331 378.837 -43.3296 378.837 -39.2306 192.207
-39.1696 201.158 -43.5442 400.72 -43.5457 400.719 -43.5443 400.719 -39.1704 201.189
-38.7839 198.499 -43.3049 404.229 -43.3063 404.228 -43.3049 404.228 -38.7847 198.529
-38.1786 188.664 -42.5477 385.953 -42.5491 385.953 -42.5477 385.953 -38.1794 188.692
-37.7357 187.781 -41.8788 373.725 -41.8802 373.726 -41.8788 373.724 -37.7365 187.81
-37.4807 196.881 -41.6189 382.964 -41.6203 382.964 -41.619 382.963 -37.4814 196.911
-37.0679 201.61 -41.467 398.843 -41.4684 398.841 -41.467 398.842 -37.0686 201.638
-36.3546 196.036 -40.9176 399.705 -40.9189 399.704 -40.9176 399.705 -36.3553 196.063
-35.5659 189.334 -40.0308 386.825 -40.0322 386.825 -40.0309 386.824 -35.5666 189.361
-34.9099 189.799 -39.1825 377.753 -39.1839 377.754 -39.1826 377.752 -34.9107 189.825
-34.2792 192.689 -38.5178 378.372 -38.5191 378.372 -38.5179 378.372 -34.2799 192.715
-33.5189 191.54 -37.8762 381.315 -37.8775 381.314 -37.8763 381.315 -33.5196 191.565
-32.7846 192.528 -37.268 387.352 -37.2692 387.35 -37.2681 387.352 -32.7853 192.552
-32.1493 198.579 -36.7505 398.62 -36.7517 398.62 -36.7505 398.62 -32.1499 198.603
-31.3158 198.29 -35.9257 398.114 -35.9269 398.115 -35.9258 398.113 -31.3164 198.313
-30.2451 190.242 -34.7304 382.822 -34.7316 382.822 -34.7305 382.822 -30.2457 190.264
-29.2562 186.692 -33.6136 372.58 -33.6147 372.58 -33.6137 372.58 -29.2568 186.714
-28.3974 189.207 -32.7525 374.942 -32.7536 374.942 -32.7526 374.942 -28.3979 189.227
-27.4643 189.824 -31.9101 378.446 -31.911 378.446 -31.9101 378.446 -27.4649 189.845
-26.4277 186.831 -30.8935 375.792 -30.8945 375.791 -30.8936 375.791 -26.4283 186.85
-25.4156 185.036 -29.8295 371.46 -29.8304 371.461 -29.8296 371.46 -25.4161 185.054
-24.4819 186.127 -28.8574 370.839 -28.8583 370.839 -28.8574 370.839 -24.4824 186.144
-23.6443 190.659 -28.0927 379.211 -28.0935 379.211 -28.0927 379.211 -23.6447 190.675
-22.8749 197.323 -27.483 394.468 -27.4838 394.467 -27.4831 394.467 -22.8754 197.339
-21.9721 198.903 -26.655 400.041 -26.6558 400.041 -26.6551 400.041 -21.9725 198.918
-20.9403 195.615 -25.5345 393.263 -25.5352 393.263 -25.5345 393.263 -20.9407 195.628
-20.0664 197.599 -24.5775 393.416 -24.5782 393.416 -24.5775 393.416 -20.0668 197.612
-19.2638 202.612 -23.8259 401.802 -23.8265 401.802 -23.8259 401.802 -19.2641 202.624
-18.2955 201.759 -22.9111 404.207 -22.9117 404.206 -22.9111 404.207 -18.2958 201.77
-17.335 201.726 -21.93 405.458 -21.9306 405.457 -21.9301 405.458 -17.3353 201.736
-16.476 205.778 -21.0326 410.493 -21.0331 410.493 -21.0326 410.493 -16.4763 205.788
-15.457 206.166 -19.9949 411.467 -19.9954 411.467 -19.995 411.467 -15.4573 206.175
-14.3087 202.67 -18.7587 406.447 -18.7592 406.446 -18.7588 406.447 -14.3089 202.678
-13.216 202.326 -17.5332 404.451 -17.5336 404.451 -17.5332 404.451 -13.2162 202.333
-12.1164 203.522 -16.3017 406.095 -16.3021 406.095 -16.3017 406.095 -12.1165 203.528
-10.8911 201.926 -14.8943 405.293 -14.8946 405.292 -14.8943 405.293 -10.8912 201.931
-9.52469 197.386 -13.1906 397.097 -13.1909 397.097 -13.1906 397.097 -9.52478 197.39
-8.11544 195.363 -11.2137 389.704 -11.2141 389.704 -11.2138 389.704 -8.11551 195.367
-6.55838 200.017 -8.74055 396.607 -8.74097 396.606 -8.74058 396.607 -6.5584 200.019
-3.98333 208.392 -4.28319 409.971 -4.28385 409.969 -4.28322 409.971 -3.98329 208.394
1.90657 221.483 2.2577 406.224 2.25746 406.225 2.25767 406.224 1.90663 221.484
5.74249 222.458 7.19484 398.829 7.19548 398.834 7.19482 398.829 5.74248 222.458
7.9904 224.786 10.7466 416.849 10.7473 416.856 10.7466 416.849 7.99036 224.784
10.0596 218.574 13.7951 433.722 13.7955 433.72 13.795 433.722 10.0595 218.572
11.5254 210.513 15.9296 427.968 15.9299 427.968 15.9296 427.968 11.5253 210.509
12.971 205.188 17.4419 411.641 17.4425 411.646 17.4419 411.641 12.9708 205.183
14.3939 199.759 18.8754 398.158 18.876 398.159 18.8754 398.158 14.3937 199.752
15.8962 197.442 20.391 393.296 20.3915 393.294 20.3909 393.297 15.896 197.435
17.5127 200.544 22.0903 398.16 22.0909 398.159 22.0903 398.16 17.5124 200.535
19.1509 203.829 23.889 407.225 23.8897 407.227 23.8889 407.225 19.1506 203.819
20.7327 203.429 25.5497 408.343 25.5504 408.343 25.5496 408.343 20.7324 203.418
22.2456 200.342 27.0367 401.327 27.0375 401.327 27.0366 401.327 22.2452 200.329
23.7324 196.348 28.4397 391.916 28.4406 391.917 28.4397 391.916 23.732 196.334
25.233 193.073 29.874 385.722 29.8749 385.723 29.874 385.722 25.2326 193.057
26.7848 192.959 31.4079 385.44 31.4089 385.44 31.4079 385.44 26.7844 192.942
28.379 195.925 33.0365 390.706 33.0375 390.706 33.0364 390.707 28.3784 195.906
29.8796 196.959 34.5444 393.728 34.5455 393.728 34.5443 393.728 29.879 196.939
31.2295 194.952 35.8607 391.469 35.8618 391.469 35.8606 391.469 31.2289 194.93
32.5266 194.05 37.0999 389.428 37.1011 389.429 37.0998 389.429 32.526 194.028
33.7902 195.027 38.3061 390.013 38.3073 390.014 38.306 390.013 33.7895 195.003
34.9204 194.594 39.3902 389.233 39.3914 389.233 39.3901 389.233 34.9197 194.569
35.9236 192.958 40.3436 386.902 40.3449 386.902 40.3436 386.902 35.9229 192.931
36.8258 191.083 41.1681 383.299 41.1694 383.299 41.168 383.299 36.825 191.056
37.599 187.258 41.8355 375.759 41.8369 375.759 41.8354 375.759 37.5983 187.23
38.3253 184.241 42.4424 368.424 42.4438 368.424 42.4424 368.424 38.3245 184.212
39.1582 187.953 43.2293 372.274 43.2307 372.274 43.2292 372.274 39.1574 187.923
40.052 196.012 44.2219 387.418 44.2234 387.418 44.2219 387.418 40.0513 195.981
40.8126 199.757 45.1232 400.049 45.1247 400.049 45.1231 400.049 40.8118 199.726
41.41 197.684 45.7525 400.996 45.754 400.996 45.7525 400.997 41.4092 197.653
41.9682 195.406 46.2054 394.757 46.207 394.758 46.2054 394.757 41.9674 195.374
42.5458 195.958 46.6554 390.401 46.6569 390.401 46.6553 390.401 42.545 195.925
43.0925 197.645 47.1477 391.174 47.1492 391.175 47.1476 391.175 43.0917 197.612
43.5364 197.803 47.6189 394.007 47.6205 394.006 47.6188 394.007 43.5356 197.769
43.8481 195.693 47.9495 393.763 47.951 393.762 47.9494 393.763 43.8472 195.658
44.0444 192.665 48.0938 388.612 48.0953 388.613 48.0937 388.613 44.0436 192.63
44.17 191.268 48.1257 382.814 48.1273 382.815 48.1256 382.815 44.1692 191.233
44.2612 193.51 48.1821 383.573 48.1837 383.574 48.182 383.574 44.2604 193.475
44.2547 196.702 48.2394 390.075 48.241 390.075 48.2394 390.076 44.2539 196.667
44.0241 194.947 48.0913 391.867 48.0929 391.867 48.0912 391.867 44.0233 194.912
43.5805 188.86 47.6201 383.284 47.6216 383.284 47.62 383.285 43.5797 188.826
43.0877 185.563 47.0021 372.848 47.0037 372.848 47.002 372.848 43.0869 185.529
42.5984 186.672 46.4323 369.228 46.4338 369.229 46.4322 369.229 42.5976 186.638
41.999 186.987 45.8702 370.195 45.8717 370.195 45.8701 370.195 41.9982 186.954
41.2798 185.871 45.2449 372.097 45.2464 372.097 45.2449 372.098 41.279 185.839
40.5465 187.635 44.5996 376.589 44.601 376.589 44.5995 376.589 40.5457 187.603
39.7828 191.2 43.9226 382.64 43.924 382.64 43.9225 382.641 39.782 191.169
38.87 191.234 43.06 383.529 43.0614 383.529 43.0599 383.529 38.8693 191.204
37.8063 187.581 41.9784 377.291 41.9797 377.291 41.9784 377.292 37.8055 187.551
36.7138 185.371 40.8378 370.987 40.8391 370.987 40.8378 370.987 36.713 185.341
35.6775 188.263 39.8288 373.388 39.83 373.387 39.8287 373.388 35.6767 188.235
34.6476 194.384 38.963 385.655 38.9642 385.655 38.9629 385.656 34.6469 194.358
33.4937 198.662 38.0353 398.943 38.0364 398.942 38.0352 398.943 33.493 198.637
32.1101 197.262 36.7342 400.252 36.7352 400.252 36.7341 400.252 32.1094 197.238
30.5353 192.139 35.0426 388.119 35.0436 388.119 35.0426 388.119 30.5347 192.116
28.9432 189.861 33.3047 378.091 33.3056 378.091 33.3046 378.091 28.9426 189.84
27.3551 191.384 31.7143 378.037 31.7151 378.037 31.7142 378.037 27.3545 191.363
25.6207 190.004 30.0677 379.098 30.0685 379.098 30.0676 379.099 25.6202 189.986
23.7212 185.307 28.171 374.267 28.1717 374.266 28.1709 374.267 23.7208 185.29
21.7849 182.341 26.1212 367.396 26.1219 367.396 26.1211 367.396 21.7845 182.326
19.8648 182.823 24.0721 363.731 24.0727 363.733 24.0721 363.732 19.8644 182.81
17.9422 186.246 22.1401 368.648 22.1406 368.648 22.1401 368.649 17.9418 186.234
16.0143 191.812 20.2617 381.661 20.2621 381.659 20.2617 381.661 16.014 191.803
13.979 197.916 18.2162 395.495 18.2166 395.494 18.2162 395.495 13.9788 197.908
11.7161 200.811 15.7807 403.183 15.781 403.184 15.7807 403.183 11.7159 200.805
9.2761 203.627 12.7938 408.981 12.794 408.981 12.7937 408.981 9.27602 203.623
6.44481 214.981 8.30114 428.895 8.30148 428.893 8.30111 428.895 6.4448 214.978
-0.743918 254.782 -1.35042 459.812 -1.35012 459.812 -1.35045 459.812 -0.743825 254.78
-7.54241 272.359 -9.26246 455.981 -9.26306 455.99 -9.26248 455.981 -7.54241 272.36
-9.94457 247.202 -13.005 441.891 -13.0058 441.903 -13.005 441.891 -9.9446 247.204
-12.2087 213.403 -16.2204 423.219 -16.2209 423.218 -16.2205 423.219 -12.2088 213.407
-13.9998 195.391 -18.3365 396.991 -18.3368 396.988 -18.3366 396.991 -13.9999 195.397
-16.0484 192.622 -20.2876 382.014 -20.2883 382.02 -20.2876 382.014 -16.0486 192.629
-18.1739 196.989 -22.5106 387.327 -22.5113 387.33 -22.5106 387.327 -18.1741 196.998
-20.2408 200.616 -24.8277 400.622 -24.8283 400.618 -24.8277 400.622 -20.2411 200.627
-22.1604 200.441 -26.8967 403.271 -26.8975 403.27 -26.8968 403.271 -22.1607 200.454
-23.9698 196.5 -28.647 394.21 -28.648 394.213 -28.6471 394.21 -23.9702 196.515
-25.7652 193.292 -30.3221 385.778 -30.3231 385.779 -30.3221 385.777 -25.7656 193.308
-27.5698 193.026 -32.1003 384.795 -32.1014 384.795 -32.1004 384.795 -27.5703 193.043
-29.3591 194.208 -33.9083 387.914 -33.9094 387.913 -33.9083 387.913 -29.3597 194.227
-31.0727 194.124 -35.6023 388.817 -35.6035 388.817 -35.6024 388.817 -31.0733 194.145
-32.6834 192.148 -37.1602 385.745 -37.1614 385.746 -37.1602 385.745 -32.684 192.172
-34.2461 190.81 -38.6561 383.048 -38.6575 383.048 -38.6562 383.047 -34.2468 190.835
-35.7523 189.836 -40.0867 380.362 -40.0881 380.362 -40.0867 380.361 -35.753 189.862
-37.1968 188.908 -41.4352 378.096 -41.4366 378.096 -41.4352 378.095 -37.1975 188.936
-38.6315 190.432 -42.8166 379.925 -42.8181 379.925 -42.8167 379.925 -38.6323 190.46
-40.0382 193.792 -44.2171 386 -44.2186 385.999 -44.2172 386 -40.039 193.822
-41.2881 194.238 -45.4759 389.33 -45.4774 389.33 -45.4759 389.33 -41.2888 194.27
-42.3934 191.898 -46.5311 386.829 -46.5327 386.829 -46.5312 386.829 -42.3942 191.931
-43.454 190.594 -47.4702 382.812 -47.4718 382.812 -47.4703 382.812 -43.4549 190.628
-44.5304 193.684 -48.4516 384.812 -48.4533 384.811 -48.4517 384.811 -44.5313 193.719
-45.5351 197.612 -49.4482 391.82 -49.4499 391.819 -49.4483 391.819 -45.5359 197.647
-46.3488 196.844 -50.2745 394.902 -50.2762 394.902 -50.2746 394.902 -46.3496 196.88
-47.0117 193.418 -50.8802 391.428 -50.8818 391.428 -50.8803 391.428 -47.0125 193.456
-47.6171 192.217 -51.3562 386.321 -51.3578 386.32 -51.3562 386.32 -47.6179 192.255
-48.1437 192.223 -51.7616 382.45 -51.7632 382.449 -51.7617 382.449 -48.1446 192.261
-48.5448 191.011 -52.0937 379.729 -52.0953 379.728 -52.0938 379.728 -48.5456 191.051
-48.8594 190.495 -52.3905 380.099 -52.392 380.098 -52.3906 380.098 -48.8603 190.535
-49.1309 192.788 -52.6802 385.047 -52.6817 385.047 -52.6803 385.047 -49.1318 192.828
-49.3147 195.342 -52.8997 390.768 -52.9012 390.768 -52.8998 390.768 -49.3155 195.382
-49.3631 195.358 -52.9705 392.386 -52.972 392.386 -52.9706 392.385 -49.364 195.398
-49.2949 194.651 -52.8895 390.997 -52.8909 390.996 -52.8895 390.996 -49.2958 194.691
-49.176 195.744 -52.7543 390.985 -52.7558 390.985 -52.7544 390.985 -49.1769 195.784
-49.0029 198.393 -52.6097 394.564 -52.6112 394.564 -52.6098 394.563 -49.0037 198.434
-48.7206 201.033 -52.4061 400.592 -52.4075 400.591 -52.4062 400.591 -48.7214 201.073
-48.3044 201.858 -52.0771 404.87 -52.0785 404.869 -52.0772 404.869 -48.3053 201.896
-47.7467 200.488 -51.5545 403.887 -51.5559 403.887 -51.5545 403.887 -47.7476 200.527
-47.0949 199.042 -50.8798 399.681 -50.8812 399.681 -50.8799 399.68 -47.0957 199.08
-46.4033 199.866 -50.1742 398.153 -50.1756 398.152 -50.1743 398.152 -46.4041 199.904
-45.6563 201.979 -49.482 401.368 -49.4833 401.368 -49.4821 401.368 -45.6571 202.016
-44.7854 202.023 -48.7012 404.049 -48.7025 404.048 -48.7013 404.048 -44.7862 202.059
-43.7862 199.615 -47.7548 401.946 -47.756 401.946 -47.7549 401.946 -43.787 199.65
-42.7506 198.872 -46.722 399.075 -46.7232 399.075 -46.7221 399.075 -42.7514 198.906
-41.7049 200.803 -45.7042 400.041 -45.7053 400.04 -45.7043 400.04 -41.7057 200.836
-40.5471 200.841 -44.6059 400.787 -44.607 400.787 -44.6059 400.787 -40.5478 200.873
-39.2624 198.406 -43.3681 398.241 -43.3691 398.241 -43.3682 398.241 -39.2632 198.437
-37.9664 198.421 -42.1119 397.424 -42.1129 397.423 -42.112 397.423 -37.9671 198.451
-36.649 200.271 -40.8404 399.414 -40.8413 399.414 -40.8404 399.414 -36.6497 200.3
-35.2143 199.687 -39.4788 399.592 -39.4797 399.591 -39.4789 399.591 -35.2149 199.714
-33.6911 197.699 -37.9863 397.515 -37.9871 397.514 -37.9864 397.515 -33.6917 197.725
-32.1554 197.191 -36.458 395.799 -36.4587 395.798 -36.458 395.798 -32.156 197.216
-30.5695 196.596 -34.8603 393.103 -34.861 393.103 -34.8604 393.102 -30.57 196.619
-28.9135 195.361 -33.1991 389.839 -33.1997 389.839 -33.1992 389.839 -28.914 195.383
-27.2621 195.328 -31.5558 389.511 -31.5563 389.511 -31.5558 389.511 -27.2626 195.348
-25.596 196.404 -29.9421 392.5 -29.9425 392.499 -29.9421 392.499 -25.5965 196.422
-23.8779 197.346 -28.2758 396.149 -28.2762 396.149 -28.2758 396.149 -23.8784 197.363
-22.095 197.505 -26.4732 396.212 -26.4735 396.212 -26.4732 396.212 -22.0954 197.52
-20.2604 197.7 -24.5583 395.142 -24.5585 395.141 -24.5583 395.142 -20.2607 197.714
-18.3867 198.469 -22.6315 394.999 -22.6317 394.999 -22.6316 394.999 -18.3871 198.482
-16.4073 196.807 -20.5721 393.741 -20.5722 393.741 -20.5722 393.741 -16.4075 196.817
-14.346 195.699 -18.3723 391.449 -18.3722 391.449 -18.3723 391.449 -14.3462 195.708
-12.3159 198.22 -16.1626 395.089 -16.1625 395.09 -16.1626 395.089 -12.3161 198.228
-10.1396 200.661 -13.7135 402.249 -13.7133 402.25 -13.7135 402.249 -10.1397 200.667
-7.63465 200.316 -10.452 404.346 -10.4517 404.346 -10.452 404.346 -7.63466 200.32
-4.41899 210.267 -5.36355 409.498 -5.36342 409.495 -5.36358 409.498 -4.41889 210.269
2.56938 246.594 3.32005 432.594 3.32013 432.595 3.32002 432.594 2.56947 246.596
7.71764 256.592 9.72403 433.344 9.72483 433.355 9.72401 433.344 7.71769 256.591
9.85091 231.126 13.0098 421.421 13.0106 421.432 13.0098 421.421 9.85091 231.123
11.8508 204.604 15.8471 407.121 15.8474 407.118 15.847 407.121 11.8507 204.6
13.5807 194.995 17.8565 393.582 17.8569 393.581 17.8565 393.582 13.5806 194.989
15.3884 194.2 19.6611 385.845 19.6618 385.85 19.6611 385.845 15.3883 194.193
17.0976 194.149 21.4487 385.772 21.4493 385.773 21.4486 385.772 17.0974 194.141
18.7355 193.637 23.1969 387.883 23.1975 387.88 23.1968 387.883 18.7353 193.627
20.2824 192.228 24.7729 385.425 24.7736 385.425 24.7729 385.425 20.2821 192.216
21.7697 191.071 26.2356 381.398 26.2364 381.401 26.2355 381.399 21.7694 191.059
23.2579 191.562 27.7352 381.727 27.7361 381.728 27.7352 381.727 23.2575 191.548
24.7409 194.016 29.2812 387.28 29.2821 387.28 29.2812 387.28 24.7405 194
26.1502 195.563 30.7561 392.252 30.757 392.252 30.756 392.252 26.1497 195.547
27.457 195.461 32.0776 392.693 32.0786 392.693 32.0776 392.693 27.4565 195.443
28.6693 194.044 33.2479 389.238 33.249 389.238 33.2479 389.238 28.6687 194.024
29.8212 192.648 34.3194 384.802 34.3206 384.803 34.3194 384.803 29.8207 192.628
30.9465 192.395 35.3984 383.555 35.3995 383.555 35.3983 383.555 30.9459 192.373
32.0736 193.963 36.5341 387.235 36.5353 387.235 36.5341 387.235 32.073 193.94
33.1348 194.871 37.6102 390.128 37.6114 390.128 37.6101 390.129 33.1342 194.847
34.0434 191.312 38.469 385.23 38.4702 385.231 38.4689 385.23 34.0427 191.287
34.8681 185.676 39.1613 374.272 39.1626 374.273 39.1612 374.272 34.8675 185.65
35.7906 185.042 39.9562 369.009 39.9576 369.01 39.9562 369.01 35.7899 185.015
36.8132 189.676 40.9564 374.897 40.9578 374.897 40.9564 374.897 36.8125 189.648
37.7704 192.847 42.0017 383.82 42.0031 383.82 42.0016 383.82 37.7697 192.819
38.5798 191.131 42.8544 385.467 42.8558 385.467 42.8543 385.467 38.5791 191.103
39.316 187.736 43.5048 379.307 43.5063 379.307 43.5047 379.308 39.3153 187.706
40.076 186.896 44.1305 373.517 44.132 373.518 44.1304 373.518 40.0752 186.865
40.851 188.522 44.8398 373.639 44.8413 373.64 44.8397 373.639 40.8502 188.49
41.5696 189.941 45.5768 377.634 45.5783 377.634 45.5767 377.635 41.5688 189.908
42.2148 190.738 46.2699 382.124 46.2714 382.123 46.2698 382.124 42.214 190.705
42.8005 191.802 46.8711 385.294 46.8726 385.294 46.871 385.295 42.7997 191.769
43.3073 192.413 47.3506 385.837 47.3522 385.837 47.3505 385.837 43.3065 192.379
43.7228 192.11 47.7193 384.296 47.7209 384.297 47.7192 384.297 43.722 192.075
44.0725 192.014 48.0331 383.336 48.0347 383.337 48.033 383.337 44.0717 191.979
44.3602 192.224 48.3094 383.728 48.311 383.728 48.3093 383.729 44.3594 192.189
44.5664 191.835 48.5132 383.791 48.5148 383.791 48.5131 383.792 44.5655 191.799
44.7125 191.7 48.6531 383.789 48.6547 383.79 48.653 383.79 44.7117 191.664
44.8128 192.276 48.748 384.42 48.7496 384.42 48.7479 384.42 44.812 192.24
44.8469 192.595 48.7836 384.924 48.7852 384.925 48.7835 384.925 44.8461 192.56
44.8208 192.878 48.7662 385.624 48.7678 385.624 48.7661 385.625 44.82 192.843
44.7661 194.325 48.735 388.159 48.7366 388.159 48.7349 388.16 44.7653 194.29
44.6731 196.277 48.6836 391.992 48.6852 391.992 48.6835 391.992 44.6723 196.242
44.5082 197.093 48.5604 394.515 48.562 394.516 48.5603 394.516 44.5073 197.058
44.2827 197.099 48.3564 395.08 48.358 395.08 48.3563 395.08 44.2819 197.063
44.0252 197.474 48.1038 395.166 48.1053 395.166 48.1037 395.166 44.0244 197.439
43.7355 198.15 47.8236 395.714 47.8252 395.715 47.8236 395.715 43.7347 198.116
43.4034 198.69 47.5171 396.8 47.5187 396.8 47.517 396.801 43.4026 198.656
43.0022 197.99 47.1404 396.399 47.1419 396.4 47.1403 396.4 43.0014 197.956
42.5056 195.027 46.6299 391.657 46.6314 391.657 46.6298 391.657 42.5048 194.994
41.957 191.855 46.026 384.671 46.0275 384.671 46.026 384.672 41.9562 191.822
41.4271 191.689 45.4593 381.722 45.4608 381.722 45.4592 381.723 41.4264 191.656
40.8947 193.673 44.9649 384.512 44.9664 384.512 44.9649 384.513 40.8939 193.641
40.2726 194.13 44.4359 388.069 44.4373 388.069 44.4358 388.07 40.2718 194.098
39.5459 192.521 43.7567 387.493 43.7581 387.494 43.7566 387.494 39.5451 192.49
38.7665 190.987 42.9613 383.75 42.9626 383.75 42.9612 383.75 38.7658 190.957
37.9645 190.601 42.1265 380.471 42.1279 380.472 42.1265 380.472 37.9638 190.571
37.1366 190.967 41.3083 379.853 41.3095 379.853 41.3082 379.854 37.1358 190.937
36.2539 190.726 40.485 380.761 40.4862 380.761 40.4849 380.761 36.2532 190.698
35.3179 189.836 39.5946 380.671 39.5958 380.671 39.5945 380.671 35.3173 189.81
34.3606 189.608 38.6619 380 38.663 380 38.6618 380 34.36 189.582
33.3848 190.278 37.7109 380.392 37.7121 380.392 37.7109 380.392 33.3841 190.253
32.3825 191.694 36.7465 382.955 36.7476 382.954 36.7464 382.955 32.3818 191.669
31.3459 193.686 35.7889 387.546 35.79 387.546 35.7889 387.546 31.3452 193.662
30.2294 194.731 34.734 390.407 34.735 390.407 34.7339 390.407 30.2288 194.709
29.042 195.219 33.5709 391.136 33.5718 391.136 33.5708 391.136 29.0414 195.197
27.8457 197.172 32.3858 393.352 32.3867 393.352 32.3857 393.352 27.8452 197.151
26.627 199.995 31.2299 398.748 31.2308 398.748 31.2299 398.749 26.6265 199.976
25.3538 202.193 30.0331 404.786 30.0339 404.786 30.0331 404.786 25.3533 202.176
23.9792 202.003 28.6804 405.927 28.6811 405.927 28.6803 405.927 23.9787 201.987
22.5208 199.939 27.1523 400.941 27.153 400.941 27.1522 400.941 22.5204 199.924
21.0435 198.11 25.5742 395.388 25.5748 395.388 25.5742 395.389 21.0431 198.096
19.5951 198.51 24.0795 395.309 24.0801 395.309 24.0795 395.309 19.5947 198.497
18.1395 199.766 22.6173 397.792 22.6178 397.792 22.6173 397.792 18.1392 199.754
16.5831 198.45 21.0373 398.005 21.0377 398.004 21.0372 398.005 16.5829 198.44
14.9386 196.128 19.2774 393.52 19.2778 393.52 19.2774 393.52 14.9383 196.119
13.2975 195.809 17.4696 390.488 17.47 390.488 17.4696 390.488 13.2974 195.801
11.6476 198.058 15.6421 394.305 15.6424 394.305 15.6421 394.305 11.6474 198.052
9.84838 200.369 13.6103 402.738 13.6106 402.737 13.6103 402.738 9.84829 200.364
7.8342 202.733 10.9059 409.211 10.9062 409.209 10.9059 409.21 7.83415 202.73
5.19086 210.605 6.30439 416.94 6.30499 416.938 6.30436 416.94 5.1909 210.603
-0.791916 237.003 -0.757028 423.202 -0.756524 423.203 -0.757048 423.202 -0.791802 237.002
-5.23643 244.291 -6.45378 423.148 -6.45355 423.156 -6.45379 423.148 -5.23629 244.291
-7.85563 227.566 -10.1691 416.383 -10.169 416.392 -10.1691 416.383 -7.85556 227.568
-10.0122 207.548 -13.1612 405.282 -13.161 405.28 -13.1613 405.282 -10.0122 207.551
-11.58 197.888 -15.3467 396.331 -15.3464 396.328 -15.3467 396.331 -11.58 197.892
-13.2526 196.48 -17.2028 392.411 -17.2028 392.415 -17.2028 392.411 -13.2526 196.486
-14.9359 196.525 -18.9729 391.164 -18.973 391.166 -18.9729 391.164 -14.936 196.533
-16.5482 195.563 -20.6489 390.276 -20.6489 390.274 -20.6489 390.276 -16.5484 195.572
-18.1039 195.283 -22.268 389.49 -22.2681 389.49 -22.268 389.49 -18.1041 195.294
-19.6046 194.6 -23.8169 389.07 -23.8172 389.071 -23.8169 389.07 -19.6049 194.612
-21.0245 193.688 -25.2723 386.565 -25.2726 386.566 -25.2723 386.565 -21.0248 193.701
-22.3886 192.694 -26.6447 384.822 -26.6451 384.822 -26.6448 384.822 -22.3889 192.708
-23.7367 192.828 -28.002 385.286 -28.0024 385.286 -28.002 385.286 -23.7371 192.843
-25.0656 194.77 -29.3741 389.095 -29.3745 389.095 -29.3741 389.095 -25.066 194.787
-26.3068 195.532 -30.6514 391.795 -30.6519 391.795 -30.6514 391.794 -26.3072 195.55
-27.4338 193.939 -31.774 389.71 -31.7746 389.71 -31.7741 389.71 -27.4343 193.958
-28.5032 192.331 -32.7932 385.664 -32.7939 385.664 -32.7933 385.663 -28.5037 192.351
-29.5723 192.655 -33.8021 384.411 -33.8028 384.411 -33.8022 384.411 -29.5728 192.676
-30.6035 193.757 -34.8233 386.176 -34.824 386.176 -34.8233 386.176 -30.6041 193.778
-31.5947 195.044 -35.8441 389.8 -35.8448 389.799 -35.8441 389.799 -31.5953 195.067
-32.5236 195.935 -36.7928 392.754 -36.7936 392.754 -36.7929 392.753 -32.5242 195.959
-33.359 195.441 -37.6016 391.931 -37.6024 391.932 -37.6017 391.931 -33.3596 195.465
-34.1029 193.859 -38.2957 388.531 -38.2966 388.531 -38.2958 388.53 -34.1036 193.884
-34.7888 192.703 -38.9164 385.625 -38.9173 385.624 -38.9165 385.624 -34.7895 192.729
-35.4284 192.544 -39.5259 384.639 -39.5268 384.639 -39.526 384.638 -35.4291 192.571
-35.9901 192.234 -40.0671 384.336 -40.068 384.335 -40.0671 384.335 -35.9908 192.262
-36.4541 190.921 -40.501 382.488 -40.5019 382.488 -40.501 382.488 -36.4548 190.949
-36.8477 189.582 -40.852 379.726 -40.853 379.726 -40.8521 379.726 -36.8484 189.61
-37.1952 188.994 -41.159 377.759 -41.16 377.759 -41.1591 377.759 -37.1959 189.023
-37.4744 187.989 -41.4081 375.762 -41.4091 375.762 -41.4082 375.762 -37.4751 188.017
-37.6926 186.665 -41.5952 373.413 -41.5962 373.413 -41.5953 373.413 -37.6933 186.694
-37.9133 187.534 -41.8084 374.354 -41.8094 374.353 -41.8085 374.353 -37.914 187.564
-38.1326 190.318 -42.0641 379.314 -42.0651 379.314 -42.0641 379.314 -38.1333 190.347
-38.2679 191.483 -42.2506 383.122 -42.2517 383.122 -42.2507 383.122 -38.2686 191.513
-38.3226 191.137 -42.326 383.803 -42.327 383.802 -42.326 383.802 -38.3233 191.166
-38.3703 192.445 -42.3729 385.222 -42.3739 385.221 -42.3729 385.221 -38.371 192.475
-38.3947 194.861 -42.4139 388.541 -42.4149 388.54 -42.414 388.54 -38.3954 194.893
-38.3084 194.918 -42.3553 389.721 -42.3563 389.721 -42.3553 389.721 -38.3092 194.949
-38.1067 192.638 -42.1514 386.901 -42.1525 386.901 -42.1515 386.901 -38.1074 192.668
-37.8736 191.784 -41.888 384.202 -41.889 384.201 -41.888 384.201 -37.8743 191.814
-37.6332 193.532 -41.6469 385.51 -41.6479 385.509 -41.6469 385.509 -37.6339 193.562
-37.3134 194.921 -41.3761 388.697 -41.3771 388.696 -41.3761 388.696 -37.3141 194.95
-36.8785 194.493 -40.9905 389.946 -40.9914 389.945 -40.9905 389.945 -36.8792 194.522
-36.385 194.595 -40.5215 390.36 -40.5224 390.359 -40.5215 390.359 -36.3857 194.623
-35.8647 196.428 -40.0224 392.419 -40.0233 392.419 -40.0224 392.418 -35.8654 196.455
-35.2573 197.313 -39.4618 394.249 -39.4627 394.248 -39.4619 394.248 -35.258 197.34
-34.532 195.797 -38.756 392.675 -38.7569 392.674 -38.7561 392.674 -34.5327 195.823
-33.758 194.54 -37.9711 390.111 -37.9719 390.11 -37.9712 390.11 -33.7586 194.565
-32.9761 195.053 -37.1904 389.832 -37.1912 389.831 -37.1905 389.831 -32.9767 195.077
-32.1433 195.527 -36.3812 390.529 -36.382 390.529 -36.3813 390.529 -32.1439 195.552
-31.2176 194.417 -35.4637 389.17 -35.4644 389.17 -35.4637 389.169 -31.2182 194.441
-30.2212 192.594 -34.4708 386.128 -34.4715 386.128 -34.4709 386.128 -30.2218 192.616
-29.1997 192.029 -33.4297 383.993 -33.4303 383.993 -33.4297 383.993 -29.2003 192.051
-28.1586 192.706 -32.3996 384.424 -32.4002 384.423 -32.3996 384.423 -28.1592 192.727
-27.0587 193.146 -31.3302 385.791 -31.3308 385.79 -31.3303 385.79 -27.0592 193.166
-25.8839 192.941 -30.187 386.628 -30.1875 386.627 -30.1871 386.627 -25.8844 192.959
-24.6738 193.106 -28.9756 387.349 -28.976 387.349 -28.9756 387.349 -24.6743 193.124
-23.403 193.006 -27.694 386.696 -27.6944 386.696 -27.694 386.696 -23.4034 193.023
-22.0748 192.418 -26.3333 384.756 -26.3337 384.756 -26.3334 384.756 -22.0752 192.433
-20.7053 191.677 -24.9189 382.854 -24.9192 382.854 -24.9189 382.854 -20.7056 191.691
-19.3027 191.571 -23.4837 382.944 -23.484 382.943 -23.4838 382.944 -19.303 191.585
-17.8756 191.95 -21.9991 382.941 -21.9993 382.941 -21.9991 382.941 -17.8759 191.962
-16.4315 193.103 -20.5177 385.665 -20.5178 385.665 -20.5177 385.665 -16.4318 193.113
-14.9728 195.974 -19.0463 391.106 -19.0463 391.106 -19.0463 391.106 -14.973 195.983
-13.4274 197.027 -17.4322 394.853 -17.4322 394.853 -17.4322 394.853 -13.4276 197.035
-11.736 195.2 -15.561 391.986 -15.5609 391.986 -15.561 391.986 -11.7361 195.207
-9.9627 193.583 -13.4611 387.743 -13.4609 387.744 -13.4612 387.743 -9.96277 193.589
-8.14024 195.679 -11.102 389.859 -11.1018 389.859 -11.102 389.859 -8.14026 195.683
-6.05214 201.012 -8.04369 398.971 -8.04341 398.971 -8.04371 398.971 -6.0521 201.015
-2.78322 211.766 -2.92426 409.605 -2.92442 409.601 -2.92428 409.605 -2.78312 211.768
3.41048 234.825 3.84026 419.35 3.84053 419.353 3.84024 419.35 3.41058 234.826
6.84494 236.871 8.73658 414.926 8.73725 414.935 8.73656 414.926 6.845 236.87
8.81837 220.729 11.7565 409.937 11.7571 409.943 11.7565 409.937 8.81838 220.727
10.5337 201.284 14.2464 401.42 14.2466 401.418 14.2463 401.42 10.5337 201.28
11.9831 193.743 16.0718 392.111 16.072 392.111 16.0717 392.111 11.983 193.738
13.5634 195.378 17.7249 388.867 17.7254 388.871 17.7249 388.867 13.5633 195.372
15.0678 196.623 19.3369 390.857 19.3373 390.858 19.3368 390.857 15.0676 196.615
16.4874 196.456 20.8811 393.63 20.8816 393.628 20.8811 393.631 16.4872 196.447
17.836 196.673 22.2724 393.934 22.2729 393.935 22.2724 393.934 17.8358 196.663
19.0881 195.489 23.544 391.585 23.5447 391.587 23.544 391.585 19.0878 195.478
20.2743 194.13 24.7288 388.034 24.7295 388.035 24.7288 388.034 20.274 194.119
21.4371 194.197 25.8941 387.101 25.8947 387.101 25.894 387.101 21.4368 194.184
22.5235 193.216 26.9984 386.351 26.9991 386.352 26.9983 386.352 22.5231 193.201
23.512 190.774 27.9832 382.579 27.984 382.579 27.9832 382.579 23.5116 190.759
24.472 189.24 28.9068 378.661 28.9076 378.661 28.9068 378.661 24.4716 189.224
25.4269 189.628 29.8476 378.892 29.8484 378.893 29.8475 378.892 25.4265 189.611
26.3494 190.828 30.7892 381.494 30.7901 381.494 30.7892 381.494 26.349 190.81
27.1894 191.23 31.6429 382.912 31.6438 382.912 31.6428 382.912 27.1889 191.211
27.9463 190.657 32.393 382.151 32.3939 382.151 32.393 382.151 27.9458 190.638
28.6488 190.295 33.0548 380.581 33.0558 380.582 33.0548 380.582 28.6483 190.275
29.3064 190.762 33.7019 380.705 33.7029 380.705 33.7019 380.706 29.3058 190.742
29.9229 191.974 34.3301 383.196 34.3311 383.196 34.3301 383.196 29.9223 191.953
30.4971 193.869 34.9462 387.597 34.9472 387.597 34.9461 387.598 30.4965 193.847
31.0037 195.661 35.4933 391.749 35.4944 391.75 35.4933 391.75 31.0032 195.639
31.4068 195.882 35.9067 392.647 35.9078 392.648 35.9067 392.648 31.4062 195.86
31.7085 194.591 36.1773 390.077 36.1784 390.077 36.1772 390.077 31.7079 194.568
31.9557 193.555 36.3767 387.131 36.3778 387.131 36.3767 387.132 31.9551 193.532
32.1845 194.131 36.5908 387.29 36.5919 387.29 36.5907 387.29 32.1839 194.107
32.3818 195.734 36.8179 390.595 36.819 390.595 36.8178 390.596 32.3812 195.711
32.5015 196.466 36.9763 393.273 36.9774 393.273 36.9763 393.273 32.5009 196.443
32.5256 195.524 37.0014 392.289 37.0025 392.289 37.0013 392.289 32.525 195.5
32.489 194.207 36.9271 389.074 36.9282 389.074 36.927 389.074 32.4884 194.183
32.4258 193.785 36.8291 386.974 36.8302 386.974 36.8291 386.974 32.4252 193.761
32.3286 193.922 36.7298 386.947 36.7309 386.947 36.7298 386.948 32.328 193.898
32.171 193.543 36.5872 387.065 36.5882 387.065 36.5871 387.066 32.1704 193.519
31.9652 193.147 36.3892 386.799 36.3902 386.799 36.3891 386.8 31.9646 193.124
31.7542 194.477 36.1919 388.726 36.193 388.726 36.1919 388.726 31.7536 194.454
31.5045 196.285 35.9754 392.014 35.9765 392.014 35.9753 392.014 31.5039 196.262
31.143 195.821 35.6372 392.221 35.6382 392.221 35.6371 392.222 31.1424 195.799
30.7057 194.6 35.193 390.197 35.194 390.197 35.1929 390.198 30.7051 194.578
30.2616 195.323 34.7396 390.389 