-3.21132e-07
-1.60249e-06
-4.14855e-06
-7.92404e-06
-1.28768e-05
-1.89378e-05
-2.60272e-05
-3.4062e-05
-4.29565e-05
-5.26157e-05
-6.29303e-05
-7.37744e-05
-8.5027e-05
-9.65889e-05
-0.000108356
-0.000120207
-0.000132013
-0.00014365
-0.000155036
-0.000166108
-0.000176804
-0.000187079
-0.000196917
-0.000206282
-0.000215022
-0.00022286
-0.000229482
-0.000234618
-0.0002381
-0.000239971
-0.000240453
-0.000239765
-0.0002381
-0.000235748
-0.000233025
-0.000230138
-0.00022705
-0.000223424
-0.000218851
-0.000213053
-0.000205742
-0.000196594
-0.000185574
-0.000172845
-0.000158523
-0.000142961
-0.000126715
-0.000110223
-9.39232e-05
-7.81945e-05
-6.31866e-05
-4.88061e-05
-3.44233e-05
-1.89707e-05
-1.54117e-06
1.85226e-05
4.16507e-05
6.75803e-05
9.4881e-05
0.000121135
0.000143684
0.000160325
0.000170066
0.000173139
0.000170397
0.000163067
0.000152418
0.000139595
0.000125481
0.000110199
9.36098e-05
7.67057e-05
6.16143e-05
5.03011e-05
4.33391e-05
3.91347e-05
3.50588e-05
2.97078e-05
2.37455e-05
1.92974e-05
1.83718e-05
2.14007e-05
2.72281e-05
3.39543e-05
4.01315e-05
4.52541e-05
4.7809e-05
4.40936e-05
3.119e-05
9.44156e-06
-1.82145e-05
-4.72156e-05
-7.25339e-05
-9.02385e-05
-9.82077e-05
-9.65586e-05
-8.80526e-05
-7.7012e-05
-6.75769e-05
-6.28625e-05
-6.4124e-05
-7.02173e-05
-7.82163e-05
-8.5785e-05
-9.35274e-05
-0.000102567
-0.000110935
-0.000115006
-0.000112769
-0.000104968
-9.45393e-05
-8.51788e-05
-7.97746e-05
-7.94619e-05
-8.39253e-05
-9.27863e-05
-0.0001062
-0.000123331
-0.000141104
-0.000155229
-0.000161738
-0.000159001
-0.000148849
-0.000133973
-0.000115965
-9.57381e-05
-7.26501e-05
-4.5625e-05
-1.50629e-05
1.95775e-05
6.04356e-05
0.000107107
0.0001541
0.000195626
0.000231441
0.000263121
0.000289843
0.00031218
0.000334178
0.000358796
0.000385602
0.000414186
0.00044579
0.00048242
0.000524656
0.000567476
0.00060311
0.000628669
0.000644744
0.000651641
0.000650916
0.000642939
0.000621916
0.000581276
0.000522993
0.000454925
0.000382945
0.000312421
0.000252629
0.000211083
0.000184689
0.000161911
0.000131555
8.60468e-05
2.19712e-05
-5.67224e-05
-0.000139733
-0.000217787
-0.000285845
-0.000340932
-0.000381566
-0.000408206
-0.000422014
-0.00042334
-0.000412174
-0.000389334
-0.000358687
-0.000326892
-0.000298191
-0.000273997
-0.000256414
-0.000248016
-0.000248514
-0.000253072
-0.000256704
-0.0002573
-0.000252732
-0.000241839
-0.000229058
-0.000220923
-0.000220013
-0.000226186
-0.000237791
-0.000250797
-0.000257629
-0.000246824
-0.000210369
-0.000149747
-7.27922e-05
8.35144e-06
8.06307e-05
0.000140202
0.000194379
0.000250811
0.000313465
0.000384712
0.000462627
0.000543826
0.000627407
0.000710732
0.000788461
0.00085658
0.000911818
0.000949831
0.000967801
0.000965495
0.000944057
0.000907939
0.000866369
0.000828891
0.000799636
0.000777793
0.000759383
0.000736982
0.000706185
0.000671385
0.000637494
0.000602017
0.000559198
0.000505446
0.000443426
0.000382927
0.000333328
0.000300125
0.000286303
0.000287298
0.000289639
0.000277526
0.000238252
0.000166179
6.09901e-05
-7.69455e-05
-0.000242164
-0.000422348
-0.000608951
-0.000800359
-0.000992901
-0.00117965
-0.00135455
-0.00150984
-0.00163479
-0.00172371
-0.00178139
-0.00181549
-0.00183033
-0.00182784
-0.00180676
-0.0017611
-0.00168387
-0.00157346
-0.00143068
-0.00125281
-0.00104193
-0.000811035
-0.0005708
-0.000325613
-8.62506e-05
0.000133618
0.000332171
0.000518284
0.000699413
0.000876987
0.00104904
0.0012098
0.00135387
0.0014851
0.00160845
0.00171943
0.00181418
0.00189527
0.0019646
0.00202206
0.00206752
0.00210133
0.00212529
0.00214285
0.00215891
0.00217846
0.00220374
0.0022329
0.00226082
0.00228046
0.00228229
0.00225614
0.00219917
0.00211653
0.0020135
0.00189526
0.00177129
0.00164944
0.00152979
0.00141212
0.00129974
0.00119383
0.00109466
0.0010032
0.000916242
0.000828135
0.000737171
0.000643539
0.000542923
0.000427232
0.000293174
0.000146224
-7.85843e-06
-0.000167706
-0.000333489
-0.00051015
-0.00070647
-0.000924981
-0.00116067
-0.00140907
-0.00166695
-0.0019298
-0.0021965
-0.00246694
-0.00273406
-0.00298482
-0.00320563
-0.00338705
-0.00352774
-0.00363376
-0.00371022
-0.00375282
-0.00374804
-0.00368204
-0.00354786
-0.00334315
-0.0030681
-0.00272619
-0.00232377
-0.00187234
-0.00138754
-0.000881097
-0.000357561
0.00018057
0.000727289
0.00127277
0.0018072
0.00232054
0.00280011
0.00323508
0.00362136
0.00395862
0.00424454
0.00447522
0.00464916
0.0047672
0.00482859
0.00483166
0.00478016
0.00468213
0.00454206
0.00435767
0.0041231
0.0038337
0.0034836
0.00306323
0.00256779
0.00200023
0.00136351
0.000661508
-9.25251e-05
-0.000875218
-0.00166056
-0.00242464
-0.00314408
-0.00379661
-0.00436386
-0.00483073
-0.00518886
-0.00544197
-0.00559884
-0.00566427
-0.00564496
-0.00555812
-0.00542822
-0.00528064
-0.00513664
-0.0050108
-0.00491307
-0.00484457
-0.00479359
-0.00474674
-0.00469502
-0.00462259
-0.00450446
-0.00431898
-0.0040537
-0.00370268
-0.00326435
-0.00274245
-0.00214803
-0.00149611
-0.000802638
-8.26981e-05
0.000655722
0.00140799
0.00216088
0.00289608
0.00359966
0.00425884
0.00486208
0.0054083
0.00590454
0.0063588
0.00678369
0.00719053
0.00757802
0.00794461
0.00829723
0.00864093
0.00898112
0.00932857
0.00968902
0.0100583
0.0104283
0.0107858
0.0111111
0.0113877
0.0116062
0.0117582
0.0118363
0.0118337
0.0117431
0.0115615
0.0112935
0.010944
0.0105154
0.0100102
0.00943013
0.00877778
0.00806312
0.00730116
0.00650694
0.00569594
0.00488282
0.00407642
0.0032787
0.00248933
0.00170738
0.000931409
0.000165325
-0.000580339
-0.00129271
-0.00195697
-0.00256257
-0.00311482
-0.00363554
-0.00415587
-0.00470805
-0.00531386
-0.00597959
-0.00670062
-0.00746173
-0.00824189
-0.0090304
-0.00982512
-0.010614
-0.0113763
-0.012094
-0.0127504
-0.0133295
-0.013815
-0.014193
-0.0144594
-0.0146198
-0.0146815
-0.0146526
-0.0145386
-0.0143432
-0.0140798
-0.0137726
-0.0134456
-0.0131173
-0.0127999
-0.0124934
-0.0121888
-0.0118813
-0.0115731
-0.0112709
-0.0109819
-0.0107045
-0.0104249
-0.0101232
-0.00978667
-0.00942172
-0.0090467
-0.00868113
-0.00834623
-0.00806019
-0.00782521
-0.0076237
-0.00742627
-0.00720367
-0.00694072
-0.00664938
-0.00636724
-0.0061332
-0.0059658
-0.00587047
-0.00584893
-0.00589757
-0.00601663
-0.00621067
-0.00648101
-0.0068354
-0.00728439
-0.0078225
-0.00843093
-0.00908238
-0.00973298
-0.0103272
-0.0108157
-0.0111612
-0.0113328
-0.0113051
-0.0110583
-0.0105721
-0.00982704
-0.00881236
-0.00752334
-0.0059632
-0.00417675
-0.00227022
-0.000364604
0.00145055
0.00311978
0.00461303
0.00591964
0.00705003
0.00803749
0.00892741
0.009763
0.0105845
0.0114347
0.0123509
0.0133562
0.0144652
0.015691
0.0170429
0.0185197
0.0201061
0.0217763
0.0234934
0.02521
0.0268764
0.0284492
0.0298927
0.0311762
0.0322763
0.0331798
0.0338805
0.0343737
0.0346513
0.0347063
0.0345384
0.0341539
0.033562
0.0327737
0.0318026
0.0306643
0.029374
0.0279436
0.0263823
0.0246933
0.0228754
0.0209299
0.0188603
0.01667
0.0143669
0.0119636
0.00947513
0.00691593
0.00429966
0.00164577
-0.00101683
-0.00366426
-0.00628566
-0.00886988
-0.0114072
-0.0138961
-0.0163337
-0.0187154
-0.02104
-0.0233015
-0.0254872
-0.0275863
-0.0295894
-0.0314842
-0.0332588
-0.0349054
-0.036419
-0.0377967
-0.0390361
-0.0401359
-0.0411019
-0.0419521
-0.0427117
-0.0434058
-0.044063
-0.0447116
-0.0453675
-0.0460311
-0.0466948
-0.0473457
-0.0479673
-0.0485405
-0.0490462
-0.0494659
-0.049783
-0.049982
-0.0500492
-0.0499703
-0.0497291
-0.0493091
-0.0486956
-0.0478784
-0.0468472
-0.045591
-0.0441066
-0.0423971
-0.0404634
-0.038303
-0.0359165
-0.0333142
-0.0305222
-0.0275779
-0.0245152
-0.0213548
-0.0181063
-0.0147745
-0.0113593
-0.00785611
-0.00426365
-0.00059049
0.00314445
0.00692546
0.010749
0.0146117
0.0185022
0.0223958
0.0262543
0.0300338
0.0336908
0.0371861
0.0404905
0.0435883
0.0464776
0.0491697
0.0516831
0.0540335
0.0562266
0.0582608
0.0601375
0.0618669
0.0634664
0.0649554
0.066347
0.0676478
0.0688601
0.0699743
0.07097
0.0718298
0.0725413
0.0730926
0.0734788
0.0737046
0.0737756
0.0736971
0.0734769
0.0731237
0.0726441
0.0720456
0.0713386
0.0705278
0.0696073
0.0685708
0.0674185
0.0661557
0.0647906
0.0633345
0.0618012
0.0602042
0.0585467
0.0568209
0.0550187
0.053139
0.0511869
0.0491751
0.0471219
0.0450449
0.0429587
0.0408766
0.0388093
0.0367614
0.0347355
0.0327317
0.0307436
0.0287628
0.0267809
0.0247844
0.0227562
0.0206831
0.018559
0.0163843
0.0141638
0.0119012
0.00959232
0.00722144
0.0047638
0.00219638
-0.00048601
-0.00327217
-0.00614818
-0.00909805
-0.0121046
-0.0151584
-0.0182611
-0.021421
-0.0246474
-0.0279451
-0.0313103
-0.0347268
-0.0381655
-0.0415925
-0.0449788
-0.0482991
-0.0515261
-0.0546274
-0.0575698
-0.0603232
-0.0628648
-0.065185
-0.0672924
-0.0692137
-0.0709889
-0.0726583
-0.0742482
-0.0757674
-0.0772159
-0.0785871
-0.0798638
-0.0810185
-0.0820188
-0.0828307
-0.0834248
-0.0837787
-0.0838777
-0.0837143
-0.0832894
-0.0826133
-0.0817043
-0.0805811
-0.0792567
-0.0777422
-0.076052
-0.0742011
-0.0722037
-0.0700701
-0.0678016
-0.0653879
-0.0628115
-0.0600557
-0.0571071
-0.0539608
-0.0506232
-0.0471064
-0.0434215
-0.0395783
-0.0355837
-0.031442
-0.0271581
-0.0227463
-0.0182345
-0.0136591
-0.00905572
-0.00445277
0.000126018
0.00465672
0.00912762
0.0135466
0.0179254
0.0222671
0.026565
0.0308103
0.0349969
0.0391175
0.0431614
0.0471162
0.0509693
0.0547089
0.0583255
0.0618099
0.0651553
0.0683581
0.0714157
0.074327
0.0770933
0.0797147
0.0821856
0.084495
0.0866299
0.0885777
0.0903251
0.0918593
0.0931711
0.0942527
0.0950962
0.0956978
0.0960592
0.096188
0.0960934
0.0957822
0.0952579
0.0945202
0.093569
0.0924087
0.0910468
0.0894922
0.0877542
0.0858427
0.0837672
0.081534
0.079146
0.0766055
0.0739144
0.0710757
0.0680969
0.0649896
0.0617652
0.0584345
0.0550076
0.0514933
0.0478962
0.0442169
0.0404537
0.0366059
0.0326749
0.0286644
0.0245791
0.0204244
0.0162058
0.0119328
0.00762182
0.00329705
-0.00100757
-0.00525088
-0.0093982
-0.0134269
-0.017321
-0.0210722
-0.0246839
-0.0281702
-0.0315472
-0.0348247
-0.0380043
-0.0410805
-0.0440436
-0.0468851
-0.0495999
-0.0521886
-0.0546585
-0.0570203
-0.0592851
-0.0614649
-0.0635721
-0.0656172
-0.0676037
-0.0695296
-0.0713904
-0.0731801
-0.0748904
-0.0765083
-0.078017
-0.0793995
-0.0806419
-0.0817349
-0.0826736
-0.083458
-0.0840909
-0.0845765
-0.0849185
-0.0851193
-0.0851816
-0.0851126
-0.0849228
-0.0846227
-0.0842219
-0.0837278
-0.0831455
-0.0824776
-0.0817231
-0.0808785
-0.0799382
-0.0788961
-0.0777462
-0.0764815
-0.0750962
-0.0735891
-0.0719642
-0.0702312
-0.0684028
-0.066489
-0.0644945
-0.062418
-0.0602524
-0.0579867
-0.0556113
-0.0531213
-0.0505174
-0.047806
-0.044998
-0.0421077
-0.0391495
-0.0361353
-0.0330743
-0.0299713
-0.0268263
-0.023634
-0.0203855
-0.0170729
-0.0136895
-0.0102313
-0.00670226
-0.00311864
0.000489714
0.00408829
0.00765353
0.0111763
0.0146556
0.0180945
0.0214949
0.0248498
0.028144
0.0313582
0.0344754
0.0374829
0.0403725
0.0431399
0.0457853
0.0483125
0.0507258
0.0530284
0.0552234
0.05731
0.0592826
0.0611319
0.0628448
0.0644085
0.0658143
0.0670583
0.0681418
0.0690723
0.0698623
0.070525
0.0710715
0.0715096
0.0718445
0.0720804
0.0722183
0.0722547
0.0721824
0.071991
0.0716683
0.0712033
0.0705876
0.0698165
0.0688884
0.0678046
0.0665703
0.0651953
0.0636913
0.0620678
0.0603313
0.0584848
0.0565284
0.0544599
0.0522769
0.0499774
0.0475615
0.0450331
0.0423986
0.0396664
0.0368457
0.0339455
0.0309738
0.0279384
0.024846
0.0217021
0.0185101
0.0152721
0.0119901
0.00866688
0.00530831
0.00192827
-0.00145002
-0.00479996
-0.0081013
-0.0113405