-90.4545 -4.51511e-07
4778.39 2.38517e-05
10843.5 5.41262e-05
16789.2 8.38045e-05
22467.8 0.00011215
27937.2 0.000139451
33247.9 0.00016596
38395.7 0.000191655
43506.3 0.000217165
48534.7 0.000242265
53470.4 0.000266902
58434.9 0.000291682
63339.1 0.000316162
68219.2 0.000340522
73056.9 0.000364669
77860.8 0.000388648
82655.2 0.00041258
87479 0.000436658
92279.3 0.000460619
97029.1 0.000484328
101777 0.000508026
106491 0.000531557
111183 0.00055498
115884 0.000578444
120553 0.000601749
125197 0.00062493
129845 0.000648132
134455 0.000671142
139058 0.000694119
143671 0.000717143
148274 0.000740121
152892 0.000763172
157481 0.00078608
162072 0.000808996
166668 0.000831935
171241 0.000854762
175810 0.000877572
180381 0.000900386
184958 0.000923231
189510 0.000945953
194059 0.000968663
198610 0.000991376
203162 0.0010141
207698 0.00103674
212233 0.00105938
216769 0.00108202
221298 0.00110463
225823 0.00112721
230347 0.0011498
234859 0.00117232
239370 0.00119484
243882 0.00121735
248393 0.00123987
252904 0.00126239
257413 0.0012849
261922 0.00130741
266430 0.00132991
270941 0.00135243
275439 0.00137488
279938 0.00139734
284436 0.00141979
288933 0.00144225
293430 0.0014647
297927 0.00148716
302423 0.00150961
306919 0.00153207
311413 0.00155452
315906 0.00157698
320398 0.00159944
324889 0.0016219
329378 0.00164437
333859 0.00166682
338336 0.00168928
342811 0.00171176
347281 0.00173425
351745 0.00175677
356203 0.00177933
360653 0.00180193
365092 0.00182459
369518 0.00184733
373927 0.00187015
378316 0.00189309
382678 0.00191617
387009 0.00193944
391299 0.00196293
395539 0.00198671
399717 0.00201083
403820 0.00203539
407828 0.00206049
411720 0.00208624
415473 0.00211279
419056 0.00214033
422436 0.00216903
425581 0.00219918
428465 0.00223116
431034 0.00226503
433262 0.00230102
435132 0.00233922
436652 0.00237961
437846 0.00242207
438759 0.00246638
439441 0.00251226
439945 0.00255949
440317 0.00260788
440592 0.00265733
440800 0.00270786
440961 0.00275953
441089 0.00281251
441196 0.00286696
441289 0.00292304
441371 0.00298082
441448 0.00304025
441520 0.00310118
441590 0.00316336
441659 0.00322652
441726 0.00329041
441793 0.00335485
441860 0.00341969
441926 0.00348484
441992 0.00355026
442059 0.00361597
442125 0.00368198
442192 0.00374881
442261 0.00381735
442330 0.0038866
442401 0.00395676
442472 0.00402804
442545 0.00410086
442620 0.00417525
442696 0.00425118
442773 0.00432859
442852 0.00440731
442932 0.00448712
443013 0.00456778
443094 0.00464908
443176 0.00473084
443259 0.00481292
443341 0.00489521
443424 0.00497765
443506 0.00506019
443589 0.0051428
443672 0.00522545
443755 0.00530814
443838 0.00539085
443920 0.00547359
444003 0.00555635
444086 0.00563914
444169 0.00572197
444252 0.00580486
444335 0.00588781
444418 0.00597086
444502 0.00605404
444585 0.00613738
444670 0.00622152
444756 0.00630753
444842 0.00639394
444929 0.00648083
445017 0.00656832
445105 0.00665649
445194 0.00674542
445284 0.00683517
445375 0.00692573
445466 0.00701709
445559 0.00710918
445652 0.00720198
445746 0.00729568
445840 0.00738984
445935 0.00748437
446030 0.00757918
446125 0.00767422
446220 0.00776942
446316 0.00786474
446411 0.00796016
446507 0.00805564
446602 0.00815117
446698 0.00824674
446794 0.00834233
446890 0.00843795
446986 0.00853357
447081 0.0086292
447177 0.00872484
447273 0.00882047
447369 0.00891611
447465 0.00901175
447560 0.00910739
447656 0.00920302
447752 0.00929865
447848 0.00939428
447943 0.0094899
448039 0.00958552
448135 0.00968114
448231 0.00977675
448327 0.00987235
448422 0.00996795
448518 0.0100636
448614 0.0101591
448710 0.0102547
448805 0.0103503
448901 0.0104459
448997 0.0105415
449093 0.010637
449188 0.0107326
449284 0.0108281
449380 0.0109237
449477 0.0110204
449575 0.0111183
449673 0.0112161
449771 0.0113139
449869 0.0114117
449966 0.0115094
450064 0.0116072
450162 0.0117049
450260 0.0118026
450358 0.0119003
450456 0.0119979
450554 0.0120956
450651 0.0121933
450749 0.0122909
450847 0.0123886
450945 0.0124862
451043 0.0125839
451140 0.0126815
451238 0.0127791
451336 0.0128767
451434 0.0129744
451532 0.013072
451629 0.0131696
451727 0.0132672
451825 0.0133649
451923 0.0134625
452021 0.0135602
452118 0.0136578
452216 0.0137555
452314 0.0138532
452412 0.0139509
452510 0.0140487
452608 0.0141465
452706 0.0142443
452804 0.0143422
452902 0.0144401
453000 0.0145383
453099 0.0146367
453198 0.0147352
453296 0.0148338
453395 0.0149325
453494 0.0150314
453593 0.0151304
453693 0.0152295
453792 0.0153288
453892 0.0154283
453992 0.0155279
454092 0.0156277
454192 0.0157277
454292 0.0158278
454393 0.0159282
454493 0.0160286
454594 0.0161293
454695 0.01623
454796 0.0163309
454897 0.0164319
454999 0.016533
455100 0.0166343
455201 0.0167356
455303 0.0168369
455405 0.0169384
455506 0.0170398
455608 0.0171414
455710 0.017243
455811 0.0173446
455913 0.0174462
456015 0.0175479
456117 0.0176496
456219 0.0177513
456321 0.017853
456423 0.0179548
456525 0.0180565
456626 0.0181583
456728 0.01826
456830 0.0183618
456932 0.0184636
457034 0.0185653
457136 0.0186671
457238 0.0187689
457340 0.0188706
457442 0.0189724
457544 0.0190742
457646 0.0191759
457748 0.0192777
457850 0.0193794
457952 0.0194812
458054 0.019583
458155 0.0196847
458257 0.0197864
458359 0.0198882
458461 0.0199899
458563 0.0200916
458665 0.0201934
458767 0.0202951
458869 0.0203968
458971 0.0204985
