-3.12753 394.296 18.844 3.12753 -394.296 0.00272388
-6.23234 394.3 37.5543 6.23234 -394.3 0.00499634
-8.81825 394.358 53.2213 8.81825 -394.358 -0.0110143
-10.5703 394.453 63.9699 10.5703 -394.453 -0.0277549
-11.8744 394.97 72.1368 11.8744 -394.97 -0.103622
-12.9595 394.811 78.8898 12.9595 -394.811 -0.0609029
-13.8921 394.634 84.7472 13.8921 -394.634 -0.0219436
-14.7236 394.763 90.0325 14.7236 -394.763 -0.00628028
-15.4762 394.599 94.8578 15.4762 -394.599 0.00233068
-16.1765 394.644 99.3902 16.1765 -394.644 -0.00340451
-16.8407 394.53 103.688 16.8407 -394.53 0.0113877
-17.4668 394.457 107.778 17.4668 -394.457 0.00854337
-18.0751 394.694 111.749 18.0751 -394.694 0.0242486
-18.6591 394.505 115.586 18.6591 -394.505 0.0247865
-19.2184 394.482 119.283 19.2184 -394.482 0.0220003
-19.7748 394.386 122.949 19.7748 -394.386 0.0312695
-20.3103 394.346 126.497 20.3103 -394.346 0.036564
-20.8434 394.324 130.028 20.8434 -394.324 0.0441884
-21.3704 394.419 133.533 21.3704 -394.419 0.0455127
-21.8788 394.402 136.931 21.8788 -394.402 0.0409613
-22.3861 394.386 140.313 22.3861 -394.386 0.0459286
-22.8953 394.359 143.688 22.8953 -394.359 0.0691497
-23.3941 394.552 147.037 23.3941 -394.552 0.061979
-23.8835 394.441 150.304 23.8835 -394.441 0.0736022
-24.3688 394.37 153.569 24.3688 -394.37 0.0656755
-24.8581 394.386 156.841 24.8581 -394.386 0.0749223
-25.3408 394.343 160.09 25.3408 -394.343 0.0675415
-25.8252 394.494 163.341 25.8252 -394.494 0.0722812
-26.294 394.449 166.508 26.294 -394.449 0.0641597
-26.7645 394.38 169.672 26.7645 -394.38 0.069274
-27.2395 394.368 172.845 27.2395 -394.368 0.092534
-27.7056 394.335 175.998 27.7056 -394.335 0.0825358
-28.1751 394.332 179.158 28.1751 -394.332 0.0872161
-28.6393 394.316 182.295 28.6393 -394.316 0.0826156
-29.1039 394.306 185.431 29.1039 -394.306 0.081072
-29.5741 394.546 188.583 29.5741 -394.546 0.106296
-30.0238 394.441 191.637 30.0238 -394.441 0.0968753
-30.4737 394.378 194.69 30.4737 -394.378 0.0905498
-30.9302 394.394 197.747 30.9302 -394.394 0.120892
-31.3691 394.354 200.75 31.3691 -394.354 0.100393
-31.8032 394.327 203.721 31.8032 -394.327 0.0842699
-32.237 394.367 206.654 32.237 -394.367 0.106232
-32.6414 394.332 209.468 32.6414 -394.332 0.070963
-33.0254 394.301 212.163 33.0254 -394.301 0.0351529
-33.383 394.388 214.697 33.383 -394.388 0.00952788
-33.6956 394.332 216.974 33.6956 -394.332 -0.0316399
-33.9778 394.289 219.051 33.9778 -394.289 -0.0517309
-34.2403 394.267 220.984 34.2403 -394.267 -0.0424648
-34.4922 394.256 222.832 34.4922 -394.256 -0.0104692
-34.7348 394.244 224.63 34.7348 -394.244 0.0173266
-34.9733 394.243 226.406 34.9733 -394.243 0.0425149
-35.2074 394.248 228.16 35.2074 -394.248 0.0633148
-35.4381 394.254 229.902 35.4381 -394.254 0.0772752
-35.6652 394.261 231.628 35.6652 -394.261 0.085754
-35.8828 394.35 233.32 35.8828 -394.35 0.0770043
-36.0861 394.326 234.915 36.0861 -394.326 0.0746051
-36.2723 394.336 236.428 36.2723 -394.336 0.0555407
-36.4358 394.326 237.809 36.4358 -394.326 0.0316065
-36.5719 394.318 239.033 36.5719 -394.318 0.0051059
-36.6833 394.307 240.097 36.6833 -394.307 -0.00846248
-36.7773 394.288 241.04 36.7773 -394.288 -0.00354114
-36.8613 394.269 241.91 36.8613 -394.269 0.0153611
-36.9397 394.257 242.743 36.9397 -394.257 0.0389842
-37.0149 394.252 243.558 37.0149 -394.252 0.0615572
-37.0894 394.265 244.366 37.0894 -394.265 0.0876344
-37.1502 394.396 245.146 37.1502 -394.396 0.0699787
-37.2054 394.345 245.841 37.2054 -394.345 0.0911906
-37.2597 394.316 246.538 37.2597 -394.316 0.106942
-37.3133 394.3 247.236 37.3133 -394.3 0.118847
-37.3637 394.332 247.929 37.3637 -394.332 0.119291
-37.4142 394.313 248.61 37.4142 -394.313 0.129437
-37.4643 394.301 249.291 37.4643 -394.301 0.137191
-37.5141 394.295 249.972 37.5141 -394.295 0.143293
-37.5635 394.292 250.653 37.5635 -394.292 0.148237
-37.6126 394.291 251.333 37.6126 -394.291 0.152355
-37.6615 394.291 252.012 37.6615 -394.291 0.155874
-37.71 394.291 252.69 37.71 -394.291 0.158942
-37.7583 394.291 253.366 37.7583 -394.291 0.161651
-37.8065 394.295 254.042 37.8065 -394.295 0.165318
-37.854 394.295 254.714 37.854 -394.295 0.167162
-37.9009 394.296 255.384 37.9009 -394.296 0.16873
-37.9462 394.318 256.049 37.9462 -394.318 0.166409
-37.9832 394.324 256.653 37.9832 -394.324 0.175972
-38.0164 394.321 257.244 38.0164 -394.321 0.174598
-38.0469 394.322 257.821 38.0469 -394.322 0.172063
-38.0736 394.326 258.377 38.0736 -394.326 0.168098
-38.095 394.333 258.904 38.095 -394.333 0.162652
-38.1097 394.341 259.393 38.1097 -394.341 0.156178
-38.1168 394.349 259.836 38.1168 -394.349 0.149812
-38.1161 394.353 260.231 38.1161 -394.353 0.14514
-38.1082 394.351 260.58 38.1082 -394.351 0.143483
-38.0938 394.358 260.891 38.0938 -394.358 0.14305
-38.0734 394.345 261.159 38.0734 -394.345 0.148021
-38.0498 394.331 261.406 38.0498 -394.331 0.154688
-38.024 394.32 261.639 38.024 -394.32 0.162025
-37.9967 394.31 261.864 37.9967 -394.31 0.169294
-37.9683 394.303 262.084 37.9683 -394.303 0.176083
-37.9392 394.298 262.3 37.9392 -394.298 0.182213
-37.9096 394.295 262.513 37.9096 -394.295 0.187657
-37.8796 394.293 262.726 37.8796 -394.293 0.192461
-37.8492 394.292 262.937 37.8492 -394.292 0.196704
-37.8187 394.292 263.147 37.8187 -394.292 0.200473
-37.788 394.292 263.356 37.788 -394.292 0.203849
-37.7571 394.292 263.565 37.7571 -394.292 0.206904
-37.726 394.293 263.774 37.726 -394.293 0.209699
-37.6948 394.293 263.982 37.6948 -394.293 0.212285
-37.6636 394.293 264.189 37.6636 -394.293 0.214704
-37.6308 394.335 264.398 37.6308 -394.335 0.211544
-37.5881 394.311 264.533 37.5881 -394.311 0.215954
-37.5454 394.306 264.672 37.5454 -394.306 0.218992
-37.5027 394.302 264.811 37.5027 -394.302 0.221682
-37.4599 394.3 264.951 37.4599 -394.3 0.224123
-37.4171 394.299 265.09 37.4171 -394.299 0.226383
-37.3742 394.298 265.229 37.3742 -394.298 0.228512
-37.3313 394.298 265.368 37.3313 -394.298 0.230543
-37.2883 394.297 265.507 37.2883 -394.297 0.232503
-37.2453 394.297 265.645 37.2453 -394.297 0.234409
-37.2023 394.297 265.784 37.2023 -394.297 0.236274
-37.1592 394.297 265.922 37.1592 -394.297 0.238109
-37.116 394.297 266.06 37.116 -394.297 0.23992
-37.0729 394.297 266.198 37.0729 -394.297 0.241713
-37.0297 394.297 266.335 37.0297 -394.297 0.243492
-36.9864 394.297 266.473 36.9864 -394.297 0.24526
-36.9431 394.297 266.61 36.9431 -394.297 0.247019
-36.8998 394.297 266.747 36.8998 -394.297 0.248772
-36.8565 394.297 266.883 36.8565 -394.297 0.250519
-36.8131 394.297 267.02 36.8131 -394.297 0.252263
-36.7696 394.297 267.156 36.7696 -394.297 0.254002
-36.7262 394.297 267.292 36.7262 -394.297 0.25574
-36.6827 394.297 267.428 36.6827 -394.297 0.257471
-36.6386 394.319 267.566 36.6386 -394.319 0.256892
-36.5938 394.312 267.693 36.5938 -394.312 0.259417
-36.5491 394.307 267.82 36.5491 -394.307 0.261677
-36.5042 394.304 267.948 36.5042 -394.304 0.263759
-36.4594 394.302 268.075 36.4594 -394.302 0.265721
-36.4145 394.3 268.202 36.4145 -394.3 0.267603
-36.3696 394.299 268.33 36.3696 -394.299 0.269432
-36.3246 394.299 268.457 36.3246 -394.299 0.271225
-36.2796 394.298 268.584 36.2796 -394.298 0.272993
-36.2346 394.298 268.711 36.2346 -394.298 0.274813
-36.1895 394.298 268.837 36.1895 -394.298 0.276543
-36.1444 394.298 268.964 36.1444 -394.298 0.278269
-36.0993 394.297 269.09 36.0993 -394.297 0.279991
-36.0541 394.297 269.216 36.0541 -394.297 0.281712
-36.0089 394.297 269.342 36.0089 -394.297 0.283433
-35.9637 394.297 269.467 35.9637 -394.297 0.285153
-35.9184 394.297 269.593 35.9184 -394.297 0.286873
-35.8731 394.297 269.718 35.8731 -394.297 0.288694
-35.8277 394.297 269.843 35.8277 -394.297 0.290396
-35.7824 394.297 269.968 35.7824 -394.297 0.292102
-35.7369 394.297 270.092 35.7369 -394.297 0.29381
-35.6915 394.297 270.217 35.6915 -394.297 0.295521
-35.646 394.297 270.341 35.646 -394.297 0.297234
-35.6004 394.297 270.465 35.6004 -394.297 0.298949
-35.5549 394.297 270.589 35.5549 -394.297 0.300665
-35.5093 394.297 270.712 35.5093 -394.297 0.302382
-35.4636 394.297 270.835 35.4636 -394.297 0.304101
-35.4179 394.297 270.959 35.4179 -394.297 0.30582
-35.3722 394.297 271.081 35.3722 -394.297 0.307541
-35.3265 394.297 271.204 35.3265 -394.297 0.309261
-35.2807 394.297 271.326 35.2807 -394.297 0.310982
-35.2333 394.373 271.458 35.2333 -394.373 0.305851
-35.1823 394.352 271.545 35.1823 -394.352 0.309959
-35.1312 394.337 271.632 35.1312 -394.337 0.313314
-35.0801 394.326 271.72 35.0801 -394.326 0.316144
-35.029 394.318 271.809 35.029 -394.318 0.31861
-34.9778 394.312 271.898 34.9778 -394.312 0.320825
-34.9266 394.308 271.988 34.9266 -394.308 0.322867
-34.8754 394.306 272.077 34.8754 -394.306 0.324792
-34.8241 394.303 272.167 34.8241 -394.303 0.326638
-34.7728 394.302 272.257 34.7728 -394.302 0.328431
-34.7216 394.301 272.346 34.7216 -394.301 0.330188
-34.6702 394.3 272.436 34.6702 -394.3 0.331923
-34.6189 394.299 272.526 34.6189 -394.299 0.333644
-34.5676 394.299 272.615 34.5676 -394.299 0.335357
-34.5162 394.299 272.705 34.5162 -394.299 0.337064
-34.4649 394.298 272.795 34.4649 -394.298 0.338769
-34.4135 394.298 272.884 34.4135 -394.298 0.340474
-34.3621 394.298 272.973 34.3621 -394.298 0.342179
-34.3107 394.298 273.063 34.3107 -394.298 0.343884
-34.2593 394.298 273.152 34.2593 -394.298 0.34559
-34.2078 394.298 273.241 34.2078 -394.298 0.347298
-34.1564 394.298 273.33 34.1564 -394.298 0.349006
-34.1049 394.298 273.419 34.1049 -394.298 0.350716
-34.0534 394.298 273.508 34.0534 -394.298 0.352426
-34.0019 394.298 273.596 34.0019 -394.298 0.354138
-33.9504 394.297 273.685 33.9504 -394.297 0.35585
-33.8989 394.297 273.773 33.8989 -394.297 0.357562
-33.8473 394.297 273.862 33.8473 -394.297 0.359276
-33.7958 394.297 273.95 33.7958 -394.297 0.36099
-33.7442 394.297 274.039 33.7442 -394.297 0.362704
-33.6926 394.297 274.127 33.6926 -394.297 0.364418
-33.641 394.297 274.215 33.641 -394.297 0.366133
-33.5893 394.297 274.303 33.5893 -394.297 0.367848
-33.5377 394.297 274.391 33.5377 -394.297 0.369563
-33.486 394.297 274.478 33.486 -394.297 0.371279
-33.4344 394.297 274.566 33.4344 -394.297 0.372994
-33.3827 394.297 274.654 33.3827 -394.297 0.37471
-33.331 394.297 274.741 33.331 -394.297 0.376426
-33.2792 394.297 274.829 33.2792 -394.297 0.378141
-33.2275 394.297 274.916 33.2275 -394.297 0.379857
-33.1757 394.297 275.003 33.1757 -394.297 0.381573
-33.1239 394.297 275.09 33.1239 -394.297 0.383289
-33.0721 394.297 275.177 33.0721 -394.297 0.385004
-33.0203 394.297 275.264 33.0203 -394.297 0.38672
-32.9685 394.297 275.351 32.9685 -394.297 0.388436
-32.9166 394.297 275.437 32.9166 -394.297 0.390152
-32.8648 394.297 275.524 32.8648 -394.297 0.391868
-32.8129 394.297 275.61 32.8129 -394.297 0.393584
-32.761 394.297 275.697 32.761 -394.297 0.395299
-32.7091 394.297 275.783 32.7091 -394.297 0.397015
-32.6571 394.297 275.869 32.6571 -394.297 0.398731
-32.6052 394.297 275.955 32.6052 -394.297 0.400447
-32.5532 394.297 276.041 32.5532 -394.297 0.402162
-32.5012 394.297 276.127 32.5012 -394.297 0.403878
-32.4492 394.297 276.213 32.4492 -394.297 0.405594
-32.3971 394.297 276.298 32.3971 -394.297 0.407309
-32.3451 394.297 276.384 32.3451 -394.297 0.409025
-32.293 394.297 276.469 32.293 -394.297 0.41074
-32.2409 394.297 276.554 32.2409 -394.297 0.412456
-32.1888 394.297 276.639 32.1888 -394.297 0.414171
-32.1367 394.297 276.725 32.1367 -394.297 0.415887
-32.0846 394.297 276.809 32.0846 -394.297 0.417602
-32.0324 394.297 276.894 32.0324 -394.297 0.419318
-31.9802 394.297 276.979 31.9802 -394.297 0.421033
-31.928 394.297 277.064 31.928 -394.297 0.422748
-31.8758 394.297 277.148 31.8758 -394.297 0.424464
-31.8235 394.297 277.232 31.8235 -394.297 0.426179
-31.7713 394.297 277.317 31.7713 -394.297 0.427894
-31.719 394.297 277.401 31.719 -394.297 0.429609
-31.6667 394.297 277.485 31.6667 -394.297 0.431324
-31.6143 394.297 277.568 31.6143 -394.297 0.433039
-31.562 394.297 277.652 31.562 -394.297 0.434754
-31.5096 394.297 277.736 31.5096 -394.297 0.436469
-31.4572 394.297 277.819 31.4572 -394.297 0.438184
-31.4048 394.296 277.903 31.4048 -394.296 0.439899
-31.3524 394.296 277.986 31.3524 -394.296 0.441614
-31.3 394.296 278.069 31.3 -394.296 0.443329
-31.2475 394.296 278.152 31.2475 -394.296 0.445044
-31.195 394.296 278.235 31.195 -394.296 0.446759
-31.1425 394.296 278.318 31.1425 -394.296 0.448474
-31.0899 394.296 278.4 31.0899 -394.296 0.450188
-31.0374 394.296 278.483 31.0374 -394.296 0.451903
-30.9848 394.296 278.565 30.9848 -394.296 0.453618
-30.9322 394.296 278.647 30.9322 -394.296 0.455332
-30.8796 394.296 278.729 30.8796 -394.296 0.457047
-30.8269 394.296 278.811 30.8269 -394.296 0.458761
-30.7742 394.296 278.893 30.7742 -394.296 0.460476
-30.7215 394.296 278.975 30.7215 -394.296 0.46219
-30.6688 394.296 279.056 30.6688 -394.296 0.463904
-30.6161 394.296 279.138 30.6161 -394.296 0.465619
-30.5633 394.296 279.219 30.5633 -394.296 0.467333
-30.5105 394.296 279.3 30.5105 -394.296 0.469047
-30.4577 394.296 279.381 30.4577 -394.296 0.470761
-30.4049 394.296 279.462 30.4049 -394.296 0.472475
-30.352 394.296 279.543 30.352 -394.296 0.474189
-30.2991 394.291 279.622 30.2991 -394.291 0.475837
-30.246 394.293 279.702 30.246 -394.293 0.477507
-30.193 394.293 279.781 30.193 -394.293 0.479201
-30.1399 394.294 279.861 30.1399 -394.294 0.480911
-30.0867 394.295 279.94 30.0867 -394.295 0.48263
-30.0336 394.295 280.019 30.0336 -394.295 0.484354
-29.9805 394.295 280.098 29.9805 -394.295 0.486081
-29.9273 394.295 280.177 29.9273 -394.295 0.487809
-29.8741 394.295 280.256 29.8741 -394.295 0.489537
-29.8209 394.296 280.335 29.8209 -394.296 0.491265
-29.7669 394.324 280.418 29.7669 -394.324 0.491343
-29.7137 394.317 280.494 29.7137 -394.317 0.49375
-29.6603 394.312 280.57 29.6603 -394.312 0.495933
-29.6069 394.308 280.646 29.6069 -394.308 0.497959
-29.5535 394.305 280.722 29.5535 -394.305 0.499875
-29.5 394.303 280.799 29.5 -394.303 0.501715
-29.4464 394.301 280.875 29.4464 -394.301 0.503502
-29.3929 394.3 280.951 29.3929 -394.3 0.505255
-29.3393 394.299 281.027 29.3393 -394.299 0.506984
-29.2857 394.298 281.103 29.2857 -394.298 0.508698
-29.2321 394.298 281.179 29.2321 -394.298 0.510404
-29.1784 394.297 281.255 29.1784 -394.297 0.512104
-29.1247 394.297 281.331 29.1247 -394.297 0.513801
-29.071 394.296 281.407 29.071 -394.296 0.515497
-29.0173 394.296 281.482 29.0173 -394.296 0.517194
-28.9635 394.296 281.558 28.9635 -394.296 0.518891
-28.9098 394.296 281.633 28.9098 -394.296 0.52059
-28.856 394.296 281.708 28.856 -394.296 0.522289
-28.8022 394.296 281.783 28.8022 -394.296 0.52399
-28.7483 394.296 281.858 28.7483 -394.296 0.525693
-28.6945 394.295 281.933 28.6945 -394.295 0.527396
-28.6406 394.295 282.008 28.6406 -394.295 0.529101
-28.5867 394.295 282.082 28.5867 -394.295 0.530807
-28.5327 394.295 282.157 28.5327 -394.295 0.532513
-28.4788 394.295 282.231 28.4788 -394.295 0.53422
-28.4248 394.295 282.305 28.4248 -394.295 0.535928
-28.3708 394.295 282.379 28.3708 -394.295 0.537637
-28.3168 394.295 282.453 28.3168 -394.295 0.539345
-28.2627 394.295 282.527 28.2627 -394.295 0.541055
-28.2087 394.295 282.6 28.2087 -394.295 0.542764
-28.1546 394.295 282.673 28.1546 -394.295 0.544474
-28.1004 394.295 282.747 28.1004 -394.295 0.546184
-28.0463 394.295 282.82 28.0463 -394.295 0.547894
-27.9921 394.295 282.893 27.9921 -394.295 0.549604
