-3.16482 -3.12753 -3.12757 -3.12757 -3.16486
-5.36627 -6.23234 -6.23198 -6.23238 -5.36632
-6.60344 -8.81825 -8.81753 -8.81828 -6.6035
-7.52263 -10.5703 -10.5696 -10.5704 -7.52272
-8.29417 -11.8744 -11.8738 -11.8744 -8.29427
-8.97862 -12.9595 -12.9589 -12.9595 -8.97873
-9.61647 -13.8921 -13.8916 -13.8922 -9.61661
-10.2046 -14.7236 -14.723 -14.7236 -10.2047
-10.7761 -15.4762 -15.4757 -15.4762 -10.7763
-11.3358 -16.1765 -16.176 -16.1765 -11.336
-11.8773 -16.8407 -16.8402 -16.8407 -11.8775
-12.4053 -17.4668 -17.4663 -17.4669 -12.4055
-12.9335 -18.0751 -18.0747 -18.0752 -12.9337
-13.456 -18.6591 -18.6587 -18.6592 -13.4562
-13.9623 -19.2184 -19.218 -19.2185 -13.9626
-14.4775 -19.7748 -19.7744 -19.7749 -14.4778
-14.9884 -20.3103 -20.3099 -20.3103 -14.9887
-15.4933 -20.8434 -20.8429 -20.8434 -15.4936
-15.9825 -21.3704 -21.37 -21.3704 -15.9829
-16.4746 -21.8788 -21.8784 -21.8788 -16.4749
-16.9733 -22.3861 -22.3857 -22.3861 -16.9737
-17.4624 -22.8953 -22.8949 -22.8953 -17.4628
-17.9492 -23.3941 -23.3937 -23.3941 -17.9496
-18.4428 -23.8835 -23.8831 -23.8835 -18.4432
-18.9202 -24.3688 -24.3684 -24.3689 -18.9206
-19.4083 -24.8581 -24.8577 -24.8582 -19.4088
-19.883 -25.3408 -25.3404 -25.3409 -19.8834
-20.3537 -25.8252 -25.8248 -25.8252 -20.3541
-20.8285 -26.294 -26.2936 -26.2941 -20.829
-21.2982 -26.7645 -26.7642 -26.7646 -21.2987
-21.7689 -27.2395 -27.2391 -27.2396 -21.7694
-22.2508 -27.7056 -27.7052 -27.7057 -22.2514
-22.7162 -28.1751 -28.1747 -28.1751 -22.7167
-23.1877 -28.6393 -28.6389 -28.6394 -23.1882
-23.6505 -29.1039 -29.1035 -29.1039 -23.651
-24.1137 -29.5741 -29.5737 -29.5742 -24.1143
-24.5799 -30.0238 -30.0235 -30.0239 -24.5805
-25.038 -30.4737 -30.4734 -30.4738 -25.0386
-25.4929 -30.9302 -30.9298 -30.9302 -25.4935
-25.9461 -31.3691 -31.3687 -31.3691 -25.9468
-26.3938 -31.8032 -31.8029 -31.8033 -26.3944
-26.837 -32.237 -32.2367 -32.2371 -26.8377
-27.2702 -32.6414 -32.6411 -32.6415 -27.2709
-27.6905 -33.0254 -33.0251 -33.0255 -27.6912
-28.0948 -33.383 -33.3828 -33.3831 -28.0955
-28.465 -33.6956 -33.6954 -33.6957 -28.4657
-28.8017 -33.9778 -33.9776 -33.9779 -28.8025
-29.1066 -34.2403 -34.2402 -34.2404 -29.1073
-29.3874 -34.4922 -34.492 -34.4923 -29.3881
-29.6551 -34.7348 -34.7347 -34.7349 -29.6559
-29.9159 -34.9733 -34.9732 -34.9734 -29.9167
-30.1726 -35.2074 -35.2073 -35.2075 -30.1734
-30.4293 -35.4381 -35.438 -35.4382 -30.43
-30.6787 -35.6652 -35.665 -35.6653 -30.6795
-30.9238 -35.8828 -35.8827 -35.8829 -30.9246
-31.1621 -36.0861 -36.086 -36.0862 -31.1629
-31.3891 -36.2723 -36.2722 -36.2724 -31.3899
-31.5899 -36.4358 -36.4357 -36.4358 -31.5907
-31.7655 -36.5719 -36.5718 -36.5719 -31.7663
-31.911 -36.6833 -36.6833 -36.6834 -31.9118
-32.0315 -36.7773 -36.7772 -36.7773 -32.0323
-32.1357 -36.8613 -36.8613 -36.8614 -32.1365
-32.232 -36.9397 -36.9397 -36.9398 -32.2328
-32.3242 -37.0149 -37.0149 -37.015 -32.325
-32.4141 -37.0894 -37.0894 -37.0895 -32.4149
-32.5025 -37.1502 -37.1502 -37.1503 -32.5034
-32.59 -37.2054 -37.2054 -37.2054 -32.5909
-32.6768 -37.2597 -37.2597 -37.2597 -32.6777
-32.7629 -37.3133 -37.3133 -37.3134 -32.7638
-32.8456 -37.3637 -37.3637 -37.3638 -32.8465
-32.9208 -37.4142 -37.4142 -37.4143 -32.9217
-32.9956 -37.4643 -37.4643 -37.4644 -32.9966
-33.0701 -37.5141 -37.5141 -37.5141 -33.071
-33.1442 -37.5635 -37.5635 -37.5636 -33.1451
-33.2186 -37.6126 -37.6126 -37.6127 -33.2195
-33.2919 -37.6615 -37.6615 -37.6615 -33.2929
-33.3649 -37.71 -37.71 -37.7101 -33.3659
-33.4366 -37.7583 -37.7583 -37.7584 -33.4375
-33.5074 -37.8065 -37.8066 -37.8066 -33.5083
-33.5774 -37.854 -37.854 -37.8541 -33.5783
-33.6461 -37.9009 -37.901 -37.901 -33.647
-33.7129 -37.9462 -37.9462 -37.9463 -33.7138
-33.7768 -37.9832 -37.9832 -37.9833 -33.7778
-33.8366 -38.0164 -38.0164 -38.0164 -33.8376
-33.8908 -38.0469 -38.0469 -38.047 -33.8918
-33.9379 -38.0736 -38.0736 -38.0736 -33.9389
-33.9769 -38.095 -38.095 -38.0951 -33.9779
-34.0077 -38.1097 -38.1098 -38.1098 -34.0087
-34.0312 -38.1168 -38.1169 -38.1169 -34.0322
-34.0489 -38.1161 -38.1161 -38.1162 -34.0499
-34.0622 -38.1082 -38.1082 -38.1083 -34.0632
-34.072 -38.0938 -38.0939 -38.0939 -34.073
-34.0685 -38.0734 -38.0735 -38.0735 -34.0696
-34.0636 -38.0498 -38.0499 -38.0499 -34.0647
-34.0577 -38.024 -38.0241 -38.0241 -34.0588
-34.0512 -37.9967 -37.9967 -37.9967 -34.0522
-34.0442 -37.9683 -37.9683 -37.9684 -34.0452
-34.0369 -37.9392 -37.9392 -37.9393 -34.0379
-34.0293 -37.9096 -37.9096 -37.9096 -34.0304
-34.0216 -37.8796 -37.8796 -37.8796 -34.0227
-34.0138 -37.8492 -37.8493 -37.8493 -34.0148
-34.0058 -37.8187 -37.8188 -37.8188 -34.0069
-33.9978 -37.788 -37.788 -37.788 -33.9988
-33.9896 -37.7571 -37.7571 -37.7571 -33.9907
-33.9814 -37.726 -37.7261 -37.7261 -33.9824
-33.9731 -37.6948 -37.6949 -37.6949 -33.9742
-33.9648 -37.6636 -37.6636 -37.6637 -33.9658
-33.9564 -37.6308 -37.6309 -37.6309 -33.9574
-33.9466 -37.5881 -37.5882 -37.5882 -33.9476
-33.9369 -37.5454 -37.5455 -37.5455 -33.9379
-33.9271 -37.5027 -37.5028 -37.5028 -33.9282
-33.9173 -37.4599 -37.46 -37.46 -33.9183
-33.9074 -37.4171 -37.4172 -37.4172 -33.9084
-33.8974 -37.3742 -37.3743 -37.3743 -33.8985
-33.8874 -37.3313 -37.3314 -37.3314 -33.8885
-33.8774 -37.2883 -37.2884 -37.2884 -33.8784
-33.8673 -37.2453 -37.2454 -37.2454 -33.8684
-33.8572 -37.2023 -37.2023 -37.2023 -33.8583
-33.8471 -37.1592 -37.1592 -37.1593 -33.8481
-33.8369 -37.116 -37.1161 -37.1161 -33.8379
-33.8267 -37.0729 -37.0729 -37.073 -33.8277
-33.8165 -37.0297 -37.0297 -37.0297 -33.8175
-33.8062 -36.9864 -36.9865 -36.9865 -33.8072
-33.7959 -36.9431 -36.9432 -36.9432 -33.7969
-33.7856 -36.8998 -36.8999 -36.8999 -33.7866
-33.7752 -36.8565 -36.8565 -36.8565 -33.7762
-33.7648 -36.8131 -36.8131 -36.8131 -33.7658
-33.7544 -36.7696 -36.7697 -36.7697 -33.7554
-33.744 -36.7262 -36.7262 -36.7262 -33.745
-33.7301 -36.6827 -36.6827 -36.6827 -33.7312
-33.7137 -36.6386 -36.6386 -36.6386 -33.7147
-33.6971 -36.5938 -36.5939 -36.5939 -33.6982
-33.6804 -36.5491 -36.5491 -36.5491 -33.6815
-33.6637 -36.5042 -36.5043 -36.5043 -33.6647
-33.6469 -36.4594 -36.4595 -36.4595 -33.6479
-33.63 -36.4145 -36.4146 -36.4146 -33.6311
-33.6132 -36.3696 -36.3696 -36.3697 -33.6142
-33.5963 -36.3246 -36.3247 -36.3247 -33.5973
-33.5793 -36.2796 -36.2797 -36.2797 -33.5803
-33.5624 -36.2346 -36.2347 -36.2347 -33.5634
-33.5454 -36.1895 -36.1896 -36.1896 -33.5464
-33.5285 -36.1444 -36.1445 -36.1445 -33.5295
-33.5115 -36.0993 -36.0994 -36.0994 -33.5125
-33.4945 -36.0541 -36.0542 -36.0542 -33.4955
-33.4775 -36.0089 -36.009 -36.009 -33.4785
-33.4605 -35.9637 -35.9637 -35.9638 -33.4615
-33.4435 -35.9184 -35.9185 -35.9185 -33.4444
-33.4264 -35.8731 -35.8732 -35.8732 -33.4274
-33.4094 -35.8277 -35.8278 -35.8278 -33.4104
-33.3924 -35.7824 -35.7824 -35.7824 -33.3933
-33.3753 -35.7369 -35.737 -35.737 -33.3762
-33.3582 -35.6915 -35.6915 -35.6916 -33.3592
-33.3412 -35.646 -35.646 -35.6461 -33.3421
-33.3241 -35.6004 -35.6005 -35.6005 -33.325
-33.307 -35.5549 -35.5549 -35.555 -33.3079
-33.2899 -35.5093 -35.5093 -35.5094 -33.2908
-33.2728 -35.4636 -35.4637 -35.4637 -33.2736
-33.2556 -35.4179 -35.418 -35.418 -33.2565
-33.2385 -35.3722 -35.3723 -35.3723 -33.2394
-33.2213 -35.3265 -35.3265 -35.3266 -33.2222
-33.2042 -35.2807 -35.2807 -35.2808 -33.205
-33.187 -35.2333 -35.2333 -35.2334 -33.1879
-33.1698 -35.1823 -35.1824 -35.1824 -33.1707
-33.1526 -35.1312 -35.1313 -35.1313 -33.1535
-33.1354 -35.0801 -35.0802 -35.0802 -33.1363
-33.1182 -35.029 -35.0291 -35.0291 -33.1191
-33.101 -34.9778 -34.9779 -34.9779 -33.1018
-33.0838 -34.9266 -34.9267 -34.9267 -33.0846
-33.0665 -34.8754 -34.8754 -34.8755 -33.0673
-33.0493 -34.8241 -34.8242 -34.8242 -33.0501
-33.032 -34.7728 -34.7729 -34.7729 -33.0328
-33.0147 -34.7216 -34.7216 -34.7216 -33.0155
-32.9974 -34.6702 -34.6703 -34.6703 -32.9982
-32.9801 -34.6189 -34.619 -34.619 -32.9809
-32.9628 -34.5676 -34.5677 -34.5677 -32.9636
-32.9455 -34.5162 -34.5163 -34.5163 -32.9462
-32.9282 -34.4649 -34.4649 -34.465 -32.9289
-32.9108 -34.4135 -34.4136 -34.4136 -32.9115
-32.8935 -34.3621 -34.3622 -34.3622 -32.8942
-32.8761 -34.3107 -34.3108 -34.3108 -32.8768
-32.8587 -34.2593 -34.2593 -34.2594 -32.8594
-32.8413 -34.2078 -34.2079 -34.2079 -32.842
-32.8239 -34.1564 -34.1564 -34.1565 -32.8246
-32.8065 -34.1049 -34.105 -34.105 -32.8071
-32.7891 -34.0534 -34.0535 -34.0535 -32.7897
-32.7716 -34.0019 -34.002 -34.002 -32.7722
-32.7542 -33.9504 -33.9505 -33.9505 -32.7548
-32.7367 -33.8989 -33.8989 -33.899 -32.7373
-32.7192 -33.8473 -33.8474 -33.8474 -32.7198
-32.7017 -33.7958 -33.7958 -33.7959 -32.7023
-32.6841 -33.7442 -33.7442 -33.7443 -32.6847
-32.6662 -33.6926 -33.6926 -33.6927 -32.6668
-32.6483 -33.641 -33.641 -33.6411 -32.6489
-32.6304 -33.5893 -33.5894 -33.5894 -32.6309
-32.6125 -33.5377 -33.5378 -33.5378 -32.613
-32.5945 -33.486 -33.4861 -33.4861 -32.595
-32.5766 -33.4344 -33.4344 -33.4345 -32.577
-32.5586 -33.3827 -33.3827 -33.3828 -32.5591
-32.5406 -33.331 -33.331 -33.3311 -32.5411
-32.5226 -33.2792 -33.2793 -33.2793 -32.5231
-32.5046 -33.2275 -33.2275 -33.2276 -32.505
-32.4866 -33.1757 -33.1758 -33.1758 -32.487
-32.4685 -33.1239 -33.124 -33.124 -32.469
-32.4505 -33.0721 -33.0722 -33.0722 -32.4509
-32.4325 -33.0203 -33.0204 -33.0204 -32.4328
-32.4144 -32.9685 -32.9685 -32.9686 -32.4148
-32.3963 -32.9166 -32.9167 -32.9167 -32.3967
-32.3782 -32.8648 -32.8648 -32.8649 -32.3786
-32.3601 -32.8129 -32.8129 -32.813 -32.3605
-32.342 -32.761 -32.761 -32.7611 -32.3423
-32.3239 -32.7091 -32.7091 -32.7092 -32.3242
-32.3058 -32.6571 -32.6572 -32.6572 -32.306
-32.2876 -32.6052 -32.6052 -32.6053 -32.2879
-32.2695 -32.5532 -32.5532 -32.5533 -32.2697
-32.2513 -32.5012 -32.5012 -32.5013 -32.2515
-32.2331 -32.4492 -32.4492 -32.4493 -32.2333
-32.2149 -32.3971 -32.3972 -32.3972 -32.2151
-32.1967 -32.3451 -32.3451 -32.3452 -32.1969
-32.1785 -32.293 -32.2931 -32.2931 -32.1787
-32.1603 -32.2409 -32.241 -32.241 -32.1605
-32.1421 -32.1888 -32.1889 -32.1889 -32.1422
-32.1238 -32.1367 -32.1368 -32.1368 -32.1239
-32.1056 -32.0846 -32.0846 -32.0847 -32.1057
-32.0873 -32.0324 -32.0324 -32.0325 -32.0874
-32.069 -31.9802 -31.9803 -31.9803 -32.0691
-32.0507 -31.928 -31.928 -31.9281 -32.0507
-32.0324 -31.8758 -31.8758 -31.8759 -32.0324
-32.0141 -31.8235 -31.8236 -31.8236 -32.0141
-31.9957 -31.7713 -31.7713 -31.7714 -31.9957
-31.9774 -31.719 -31.719 -31.7191 -31.9774
-31.959 -31.6667 -31.6667 -31.6668 -31.959
-31.9406 -31.6143 -31.6144 -31.6145 -31.9406
-31.9223 -31.562 -31.562 -31.5621 -31.9222
-31.9039 -31.5096 -31.5097 -31.5097 -31.9038
-31.8854 -31.4572 -31.4573 -31.4573 -31.8853
-31.867 -31.4048 -31.4049 -31.4049 -31.8669
-31.8486 -31.3524 -31.3525 -31.3525 -31.8484
-31.8301 -31.3 -31.3 -31.3001 -31.83
-31.8117 -31.2475 -31.2475 -31.2476 -31.8115
-31.7932 -31.195 -31.195 -31.1951 -31.793
-31.7747 -31.1425 -31.1425 -31.1426 -31.7745
-31.7562 -31.0899 -31.09 -31.09 -31.7559
-31.7377 -31.0374 -31.0374 -31.0375 -31.7374
-31.7191 -30.9848 -30.9848 -30.9849 -31.7189
-31.7006 -30.9322 -30.9322 -30.9323 -31.7003
-31.682 -30.8796 -30.8796 -30.8797 -31.6817
-31.6635 -30.8269 -30.827 -30.827 -31.6631
-31.6449 -30.7742 -30.7743 -30.7744 -31.6445
-31.6263 -30.7215 -30.7216 -30.7217 -31.6259
-31.6077 -30.6688 -30.6689 -30.6689 -31.6073
-31.589 -30.6161 -30.6161 -30.6162 -31.5886
-31.5704 -30.5633 -30.5634 -30.5634 -31.57
-31.5517 -30.5105 -30.5106 -30.5106 -31.5513
-31.5331 -30.4577 -30.4578 -30.4578 -31.5326
-31.5144 -30.4049 -30.4049 -30.405 -31.5139
-31.4957 -30.352 -30.3521 -30.3521 -31.4952
-31.477 -30.2991 -30.2992 -30.2992 -31.4764
-31.4583 -30.246 -30.2461 -30.2462 -31.4577
-31.4381 -30.193 -30.193 -30.1931 -31.438
-31.4182 -30.1399 -30.1399 -30.14 -31.4179
-31.3981 -30.0867 -30.0868 -30.0869 -31.3978
-31.378 -30.0336 -30.0337 -30.0337 -31.3776
-31.3578 -29.9805 -29.9805 -29.9806 -31.3573
-31.3376 -29.9273 -29.9273 -29.9274 -31.3371
-31.3174 -29.8741 -29.8741 -29.8742 -31.3168
-31.2971 -29.8209 -29.8209 -29.821 -31.2965
-31.2768 -29.7669 -29.767 -29.7671 -31.2762
-31.2565 -29.7137 -29.7137 -29.7138 -31.2558
-31.2362 -29.6603 -29.6604 -29.6604 -31.2355
-31.2159 -29.6069 -29.607 -29.607 -31.2152
-31.1956 -29.5535 -29.5535 -29.5536 -31.1948
-31.1753 -29.5 -29.5 -29.5001 -31.1744
-31.1549 -29.4464 -29.4465 -29.4466 -31.1541
-31.1346 -29.3929 -29.3929 -29.393 -31.1337
-31.1142 -29.3393 -29.3393 -29.3394 -31.1133
-31.0939 -29.2857 -29.2857 -29.2858 -31.093
-31.0735 -29.2321 -29.2321 -29.2322 -31.0726
-31.0531 -29.1784 -29.1784 -29.1785 -31.0522
-31.0327 -29.1247 -29.1248 -29.1248 -31.0318
-31.0123 -29.071 -29.0711 -29.0711 -31.0114
-30.992 -29.0173 -29.0173 -29.0174 -30.991
-30.9716 -28.9635 -28.9636 -28.9637 -30.9706
-30.9512 -28.9098 -28.9098 -28.9099 -30.9502
-30.9308 -28.856 -28.856 -28.8561 -30.9297
-30.9104 -28.8022 -28.8022 -28.8023 -30.9093
-30.89 -28.7483 -28.7484 -28.7485 -30.8889
-30.8696 -28.6945 -28.6945 -28.6946 -30.8685
-30.8492 -28.6406 -28.6406 -28.6407 -30.848
-30.8288 -28.5867 -28.5867 -28.5868 -30.8276
-30.8083 -28.5327 -28.5328 -28.5329 -30.8071
-30.7879 -28.4788 -28.4788 -28.4789 -30.7867
-30.7675 -28.4248 -28.4249 -28.4249 -30.7662
-30.747 -28.3708 -28.3709 -28.3709 -30.7457
-30.7266 -28.3168 -28.3168 -28.3169 -30.7253
-30.7061 -28.2627 -28.2628 -28.2629 -30.7048
-30.6857 -28.2087 -28.2087 -28.2088 -30.6843
-30.6652 -28.1546 -28.1546 -28.1547 -30.6638
-30.6447 -28.1004 -28.1005 -28.1006 -30.6433
-30.6243 -28.0463 -28.0463 -28.0464 -30.6228
-30.6038 -27.9921 -27.9922 -27.9922 -30.6023
