-23.4117 -1.16407e-07
7252.89 3.60627e-05
16385 8.14692e-05
25447.1 0.000126528
34035.8 0.000169232
42271.7 0.000210183
50139.2 0.000249302
57893.7 0.000287858
65411.7 0.000325239
72838.7 0.000362168
80256.4 0.00039905
87474.4 0.000434939
94667.2 0.000470703
101843 0.000506381
108998 0.000541958
116160 0.000577571
123280 0.000612973
130293 0.000647843
137259 0.000682478
144211 0.000717045
151170 0.000751643
158108 0.000786143
165088 0.000820851
172029 0.000855362
178913 0.000889589
185809 0.000923877
192651 0.000957902
199459 0.000991752
206275 0.00102565
213051 0.00105935
219829 0.00109306
226620 0.00112686
233350 0.00116038
240088 0.00119397
246775 0.00122738
253430 0.00126074
260073 0.00129423
266650 0.00132769
273176 0.00136138
279637 0.00139551
285968 0.00143017
292137 0.00146589
298049 0.0015032
303579 0.00154298
308599 0.00158704
312789 0.0016364
315950 0.00169296
318024 0.00175752
319201 0.00182868
319815 0.00190411
320139 0.00198176
320330 0.00206045
320460 0.00213973
320563 0.00221924
320655 0.00229939
320742 0.00238066
320829 0.00246397
320919 0.0025522
321015 0.00264704
321118 0.0027489
321227 0.00285754
321342 0.00297137
321459 0.00308778
321577 0.00320536
321696 0.00332342
321815 0.00344166
321934 0.00355995
322053 0.00367824
322171 0.00379651
322291 0.00391534
322414 0.00403733
322536 0.00415928
322659 0.0042812
322781 0.00440308
322904 0.00452495
323026 0.00464674
323149 0.00476852
323272 0.00489053
323395 0.00501292
323518 0.00513544
323641 0.00525817
323765 0.00538128
323890 0.005505
324015 0.00562963
324142 0.0057556
324270 0.00588332
324401 0.00601315
324533 0.00614524
324668 0.00627945
324805 0.00641543
324943 0.00655273
325082 0.00669105
325227 0.00683461
325371 0.00697859
325516 0.00712282
325662 0.0072672
325807 0.00741166
325952 0.00755615
326097 0.00770067
326243 0.00784519
326388 0.00798971
326533 0.00813423
326679 0.00827874
326824 0.00842324
326969 0.00856774
327115 0.00871223
327260 0.00885671
327405 0.00900118
327551 0.00914597
327697 0.00929109
327843 0.00943619
327989 0.00958128
328134 0.00972635
328280 0.00987141
328426 0.0100165
328572 0.0101615
328718 0.0103065
328864 0.0104516
329010 0.0105966
329155 0.0107416
329301 0.0108866
329447 0.0110316
329593 0.0111766
329739 0.0113216
329884 0.0114665
330030 0.0116115
330176 0.0117565
330322 0.0119014
330467 0.0120464
330614 0.0121922
330764 0.0123409
330913 0.0124895
331062 0.012638
331212 0.0127865
331361 0.0129351
331510 0.0130836
331660 0.013232
331809 0.0133805
331958 0.013529
332108 0.0136774
332257 0.0138259
332406 0.0139743
332555 0.0141227
332705 0.0142712
332854 0.0144196
333003 0.014568
333152 0.0147164
333302 0.0148648
333451 0.0150132
333600 0.0151616
333749 0.0153099
333899 0.0154583
334048 0.0156067
334197 0.015755
334346 0.0159034
334495 0.0160517
334644 0.0162001
334794 0.0163484
334943 0.0164967
335092 0.0166451
335241 0.0167934
335390 0.0169417
335539 0.01709
335688 0.0172383
335838 0.0173865
335987 0.0175348
336136 0.0176831
336285 0.0178314
336434 0.0179796
336583 0.0181279
336732 0.0182761
336881 0.0184243
337030 0.0185726
337179 0.0187208
337328 0.018869
337477 0.0190172
337626 0.0191654
337775 0.0193136
337924 0.0194618
338073 0.0196099
338222 0.0197581
338371 0.0199062
338520 0.0200544
338669 0.0202025
338818 0.0203507
338967 0.0204988
339116 0.0206469
339265 0.020795
339414 0.0209431
339563 0.0210912
339712 0.0212393
339861 0.0213878
340010 0.0215362
340160 0.0216846
340309 0.021833
340458 0.0219814
340607 0.0221298
340757 0.0222782
340906 0.0224265
341055 0.0225749
341204 0.0227232
341353 0.0228716
341502 0.0230199
341652 0.0231682
341801 0.0233166
341950 0.0234649
342099 0.0236132
342248 0.0237614
342397 0.0239097
342546 0.024058
342695 0.0242062
342844 0.0243545
342994 0.0245027
343143 0.024651
343292 0.0247992
343441 0.0249474
343590 0.0250956
343739 0.0252438
343888 0.0253919
344037 0.0255401
344186 0.0256883
344335 0.0258364
344484 0.0259845
344633 0.0261327
344782 0.0262808
344930 0.0264289
345079 0.026577
345228 0.0267251
345377 0.0268731
345526 0.0270212
345675 0.0271692
345824 0.0273173
345973 0.0274653
346121 0.0276133
346270 0.0277613
346419 0.0279093
346568 0.0280573
346717 0.0282052
346866 0.0283532
347014 0.0285011
347163 0.0286491
347312 0.028797
347461 0.0289449
347609 0.0290928
347758 0.0292407
347907 0.0293886
348055 0.0295364
348204 0.0296843
348353 0.0298321
348501 0.0299799
348650 0.0301277
348799 0.0302755
348947 0.0304233
349096 0.0305711
349244 0.0307188
349393 0.0308666
349542 0.0310143
349690 0.031162
349839 0.03131
349990 0.03146
350141 0.0316101
350291 0.0317601
350442 0.03191
350593 0.03206
350744 0.03221
350895 0.0323599
351045 0.0325098
351196 0.0326597
351347 0.0328096
351498 0.0329595
351648 0.0331093
351799 0.0332592
351950 0.033409
352100 0.0335588
352251 0.0337086
352401 0.0338584
352552 0.0340082
352703 0.0341579
352853 0.0343077
353004 0.0344574
353154 0.0346071
353305 0.0347568
353455 0.0349064
353606 0.0350561
353756 0.0352057
353907 0.0353553
354057 0.035505
354208 0.0356546
354358 0.0358041
354509 0.0359537
354659 0.0361032
354809 0.0362528
354960 0.0364023
355110 0.0365518
355260 0.0367013
355411 0.0368508
355561 0.0370002
355711 0.0371496
355861 0.0372991
356012 0.0374485
