-1.82178 168.447 -9.61461e-17 -2.60797e-16 -1.73638e-18 13.2231 1.82178 -168.447 9.61461e-17 -4.59657e-16 1.73638e-18 0.0075413
-3.37956 168.497 2.5216e-16 -1.03827e-16 9.16071e-19 24.5689 3.37956 -168.497 -2.5216e-16 1.86668e-15 -9.16071e-19 -0.000401431
-4.33228 169.157 -2.01175e-16 -7.11399e-16 -7.64128e-18 31.6695 4.33228 -169.157 2.01175e-16 -7.94113e-16 7.64128e-18 -0.0996102
-5.07856 169.112 -1.22818e-16 -7.22827e-16 -6.57917e-18 37.1239 5.07856 -169.112 1.22818e-16 -2.33281e-16 6.57917e-18 -0.034179
-5.69719 168.621 -2.97417e-16 -1.42813e-15 -2.73172e-18 41.678 5.69719 -168.621 2.97417e-16 -7.96927e-16 2.73172e-18 0.0139431
-6.26058 169.053 -9.74196e-17 -5.26084e-16 -1.01432e-17 45.8924 6.26058 -169.053 9.74196e-17 -2.77604e-16 1.01432e-17 0.010278
-6.79408 168.634 1.51843e-16 1.16028e-15 -7.66203e-18 49.8612 6.79408 -168.634 -1.51843e-16 -1.99844e-16 7.66203e-18 0.0328139
-7.29441 169.138 1.69835e-16 -3.89331e-17 -3.00276e-18 53.6188 7.29441 -169.138 -1.69835e-16 1.09642e-15 3.00276e-18 0.035184
-7.77873 168.693 1.59247e-16 6.15891e-16 -4.7987e-18 57.2431 7.77873 -168.693 -1.59247e-16 3.50402e-16 4.7987e-18 0.0485973
-8.27431 168.576 -8.72786e-17 3.47037e-16 -4.81877e-18 60.9059 8.27431 -168.576 8.72786e-17 -1.15491e-15 4.81877e-18 0.106743
-8.74544 168.876 2.32717e-16 1.08311e-15 -3.23986e-18 64.4771 8.74544 -168.876 -2.32717e-16 3.80038e-16 3.23986e-18 0.0853054
-9.20093 168.771 8.43801e-17 2.07981e-16 -6.30615e-18 67.8861 9.20093 -168.771 -8.43801e-17 1.77813e-16 6.30615e-18 0.109861
-9.64591 168.582 -4.82942e-17 8.27997e-17 1.37212e-18 71.2526 9.64591 -168.582 4.82942e-17 -6.65995e-16 -1.37212e-18 0.100095
-10.095 168.498 -2.38177e-16 -1.41808e-15 -4.41895e-18 74.6385 10.095 -168.498 2.38177e-16 -5.63735e-16 4.41895e-18 0.101545
-10.5588 168.574 3.26837e-16 9.70303e-16 3.04896e-18 78.053 10.5588 -168.574 -3.26837e-16 1.06866e-15 -3.04896e-18 0.182352
-10.9965 168.503 -2.72999e-16 -2.13545e-15 -5.26138e-18 81.3943 10.9965 -168.503 2.72999e-16 -1.51556e-16 5.26138e-18 0.146804
-11.4394 168.465 2.59579e-16 2.90537e-16 1.7203e-18 84.749 11.4394 -168.465 -2.59579e-16 1.22388e-15 -1.7203e-18 0.135208
-11.9012 168.607 -6.9998e-16 -3.33051e-15 -9.86902e-18 88.1414 11.9012 -168.607 6.9998e-16 -2.05372e-15 9.86902e-18 0.225048
-12.3316 168.78 2.46961e-16 6.8024e-16 -8.5775e-18 91.4398 12.3316 -168.78 -2.46961e-16 7.03927e-16 8.5775e-18 0.184756
-12.7553 168.619 1.02635e-16 9.97777e-16 -1.73986e-17 94.6555 12.7553 -168.619 -1.02635e-16 -6.7331e-16 1.73986e-17 0.172754
-13.189 168.603 -3.33373e-16 -1.51008e-15 -7.44827e-18 97.9016 13.189 -168.603 3.33373e-16 -1.30067e-15 7.44827e-18 0.203979
-13.6091 168.535 3.21545e-16 3.76884e-16 -3.18163e-18 101.093 13.6091 -168.535 -3.21545e-16 1.48541e-15 3.18163e-18 0.191479
-14.031 168.492 2.03912e-16 8.8325e-16 3.58807e-18 104.292 14.031 -168.492 -2.03912e-16 1.12119e-16 -3.58807e-18 0.186189
-14.4541 168.465 4.14759e-16 1.09867e-15 -1.23077e-17 107.494 14.4541 -168.465 -4.14759e-16 1.37097e-15 1.23077e-17 0.185531
-14.8779 168.448 4.58032e-16 1.93315e-15 -8.005e-18 110.698 14.8779 -168.448 -4.58032e-16 8.01482e-16 8.005e-18 0.187831
-15.3193 168.646 -5.56437e-16 -3.75375e-15 -9.74518e-18 113.948 15.3193 -168.646 5.56437e-16 -8.12611e-16 9.74518e-18 0.276769
-15.7316 168.578 -2.27325e-16 -8.42194e-16 -6.26621e-18 117.092 15.7316 -168.578 2.27325e-16 -1.38385e-15 6.26621e-18 0.254925
-16.1462 168.528 -5.39061e-16 -3.48556e-15 -1.56541e-18 120.244 16.1462 -168.528 5.39061e-16 -9.85314e-16 1.56541e-18 0.242869
-16.5622 168.493 -5.7865e-16 -4.00379e-15 -6.70556e-18 123.4 16.5622 -168.493 5.7865e-16 -7.37143e-16 6.70556e-18 0.237235
-16.9792 168.468 2.55254e-17 9.46827e-16 -1.0425e-17 126.559 16.9792 -168.468 -2.55254e-17 -1.37944e-15 1.0425e-17 0.235866
-17.3968 168.451 -2.82299e-16 -1.21899e-15 -1.09461e-17 129.72 17.3968 -168.451 2.82299e-16 -1.46458e-15 1.09461e-17 0.237359
-17.8246 168.583 -6.73493e-16 -4.57043e-15 8.81578e-18 132.911 17.8246 -168.583 6.73493e-16 -9.47227e-16 -8.81578e-18 0.285836
-18.2351 168.534 -3.65422e-16 -4.56563e-15 1.28928e-17 136.028 18.2351 -168.534 3.65422e-16 1.20095e-15 -1.28928e-17 0.279253
-18.6465 168.499 3.66516e-16 -1.55832e-17 1.17178e-17 139.148 18.6465 -168.499 -3.66516e-16 1.90873e-15 -1.17178e-17 0.276312
-19.0586 168.474 5.91369e-16 1.13141e-15 1.43865e-17 142.271 19.0586 -168.474 -5.91369e-16 2.4034e-15 -1.43865e-17 0.27615
-19.4711 168.455 2.78825e-16 2.3945e-15 2.24273e-18 145.394 19.4711 -168.455 -2.78825e-16 -1.13604e-15 -2.24273e-18 0.278069
-19.884 168.441 -2.01626e-16 -1.53712e-15 9.22393e-18 148.519 19.884 -168.441 2.01626e-16 -6.6255e-16 -9.22393e-18 0.281529
-20.2969 168.431 -3.56174e-16 -2.34564e-15 1.29709e-17 151.643 20.2969 -168.431 3.56174e-16 -9.78236e-16 -1.29709e-17 0.286122
-20.71 168.423 -1.62457e-16 -2.33238e-15 1.60741e-17 154.768 20.71 -168.423 1.62457e-16 3.44952e-16 -1.60741e-17 0.291549
-21.1231 168.417 5.84923e-16 1.85454e-15 2.68521e-17 157.892 21.1231 -168.417 -5.84923e-16 1.51095e-15 -2.68521e-17 0.297584
-21.5362 168.413 -5.01053e-16 -3.59641e-15 2.75042e-17 161.016 21.5362 -168.413 5.01053e-16 -8.64912e-16 -2.75042e-17 0.304063
-21.9515 168.452 2.60435e-16 -1.57213e-15 3.10964e-17 164.147 21.9515 -168.452 -2.60435e-16 2.52843e-15 -3.10964e-17 0.319937
-22.3607 168.457 4.15886e-16 1.05602e-15 7.74411e-18 167.246 22.3607 -168.457 -4.15886e-16 9.47131e-16 -7.74411e-18 0.323598
-22.7697 168.438 4.36215e-16 1.52943e-15 1.10987e-17 170.339 22.7697 -168.438 -4.36215e-16 5.71013e-16 -1.10987e-17 0.330918
-23.1787 168.426 5.48602e-16 1.97279e-15 -3.73851e-18 173.433 23.1787 -168.426 -5.48602e-16 9.0116e-16 3.73851e-18 0.337643
-23.5876 168.417 -1.42378e-16 -9.10437e-16 -6.37142e-18 176.526 23.5876 -168.417 1.42378e-16 -1.19617e-15 6.37142e-18 0.344281
-23.9965 168.411 -5.08508e-16 -2.54826e-15 -9.76234e-18 179.619 23.9965 -168.411 5.08508e-16 -2.2511e-15 9.76234e-18 0.351024
-24.4053 168.406 2.14301e-16 2.28141e-15 -2.12361e-17 182.712 24.4053 -168.406 -2.14301e-16 -1.87791e-15 2.12361e-17 0.357932
-24.814 168.403 1.66716e-16 1.50697e-15 -1.97084e-18 185.803 24.814 -168.403 -1.66716e-16 -1.42662e-15 1.97084e-18 0.365004
-25.2227 168.4 -5.398e-17 -7.77902e-16 -5.86439e-18 188.894 25.2227 -168.4 5.398e-17 -7.59345e-16 5.86439e-18 0.372221
-25.6312 168.397 -2.25643e-16 -3.25132e-15 -2.7383e-19 191.985 25.6312 -168.397 2.25643e-16 4.46015e-16 2.7383e-19 0.379555
-26.0397 168.395 6.97026e-16 2.47132e-15 1.97767e-17 195.074 26.0397 -168.395 -6.97026e-16 1.33815e-15 -1.97767e-17 0.386987
-26.448 168.393 -5.53334e-16 -5.37904e-15 1.95512e-17 198.163 26.448 -168.393 5.53334e-16 2.14949e-16 -1.95512e-17 0.394492
-26.8563 168.391 4.71167e-16 1.38582e-15 7.93336e-18 201.25 26.8563 -168.391 -4.71167e-16 7.53635e-16 -7.93336e-18 0.402054
-27.2644 168.39 6.58086e-16 1.28232e-15 1.94551e-17 204.337 27.2644 -168.39 -6.58086e-16 2.18841e-15 -1.94551e-17 0.40966
-27.6723 168.388 8.38564e-16 2.63706e-15 1.14979e-17 207.423 27.6723 -168.388 -8.38564e-16 2.13166e-15 -1.14979e-17 0.4173
-28.0802 168.387 4.09886e-16 1.75953e-16 1.12534e-17 210.508 28.0802 -168.387 -4.09886e-16 1.50926e-15 -1.12534e-17 0.424965
-28.4879 168.386 -7.10898e-17 3.75943e-16 8.91432e-18 213.592 28.4879 -168.386 7.10898e-17 -2.15155e-15 -8.91432e-18 0.432649
-28.8955 168.385 -7.2816e-16 -6.71361e-15 2.18682e-17 216.675 28.8955 -168.385 7.2816e-16 2.15099e-16 -2.18682e-17 0.440347
-29.303 168.384 8.04643e-16 2.16475e-15 2.59686e-17 219.758 29.303 -168.384 -8.04643e-16 2.31407e-15 -2.59686e-17 0.448057
-29.7104 168.382 -3.42631e-16 -4.28533e-15 2.08734e-17 222.839 29.7104 -168.382 3.42631e-16 4.86489e-16 -2.08734e-17 0.455775
-30.1176 168.381 1.07146e-17 -3.13271e-16 -4.20649e-18 225.919 30.1176 -168.381 -1.07146e-17 -9.95965e-16 4.20649e-18 0.4635
-30.5247 168.38 -8.05368e-16 -5.30903e-15 -8.72739e-18 228.999 30.5247 -168.38 8.05368e-16 -1.83474e-15 8.72739e-18 0.471229
-30.9315 168.524 1.47744e-15 1.02526e-14 -3.95579e-17 232.094 30.9315 -168.524 -1.47744e-15 -1.14499e-15 3.95579e-17 0.47069
-31.338 168.47 3.88116e-16 3.04635e-15 -4.76155e-17 235.157 31.338 -168.47 -3.88116e-16 -1.8831e-15 4.76155e-17 0.486744
-31.7478 168.563 3.88754e-16 2.90454e-15 -1.62252e-17 238.245 31.7478 -168.563 -3.88754e-16 -1.74922e-15 1.62252e-17 0.512321
-32.1511 168.51 1.01828e-15 7.2187e-15 -3.05927e-17 241.293 32.1511 -168.51 -1.01828e-15 -1.61016e-15 3.05927e-17 0.520613
-32.5541 168.474 -3.03054e-16 2.2711e-15 -3.57914e-17 244.342 32.5541 -168.474 3.03054e-16 -6.21533e-15 3.57914e-17 0.526754
-32.957 168.448 -3.34272e-16 1.69913e-15 -4.46185e-17 247.393 32.957 -168.448 3.34272e-16 -5.9091e-15 4.46185e-17 0.532165
-33.36 168.429 1.55515e-16 3.08117e-15 -4.69988e-17 250.444 33.36 -168.429 -1.55515e-16 -3.85677e-15 4.69988e-17 0.537512
-33.7629 168.415 3.6078e-16 1.37022e-15 -4.70634e-17 253.494 33.7629 -168.415 -3.6078e-16 -7.04773e-16 4.70634e-17 0.543075
-34.1658 168.404 1.92813e-15 1.03939e-14 -3.99084e-17 256.545 34.1658 -168.404 -1.92813e-15 1.49535e-15 3.99084e-17 0.548948
-34.5688 168.395 1.29876e-15 7.42088e-15 -4.68718e-17 259.596 34.5688 -168.395 -1.29876e-15 -7.61922e-17 4.68718e-17 0.55514
-34.9716 168.388 1.11857e-15 5.90807e-15 -5.11051e-17 262.646 34.9716 -168.388 -1.11857e-15 4.4745e-17 5.11051e-17 0.561622
-35.3745 168.383 8.94932e-16 4.10422e-15 -5.05139e-17 265.695 35.3745 -168.383 -8.94932e-16 2.04808e-16 5.05139e-17 0.568351
-35.7772 168.378 2.06036e-15 1.16711e-14 -5.92121e-17 268.744 35.7772 -168.378 -2.06036e-15 9.55558e-16 5.92121e-17 0.575285
-36.1799 168.374 4.77576e-16 1.68449e-15 -5.53512e-17 271.792 36.1799 -168.374 -4.77576e-16 -3.90618e-16 5.53512e-17 0.582385
-36.5824 168.371 6.878e-17 1.60134e-15 -5.52682e-17 274.839 36.5824 -168.371 -6.878e-17 -3.24847e-15 5.52682e-17 0.589617
-36.9848 168.368 1.91086e-16 2.68468e-15 -6.69119e-17 277.886 36.9848 -168.368 -1.91086e-16 -3.52648e-15 6.69119e-17 0.596954
-37.3872 168.366 -1.54141e-15 -6.02183e-15 -7.18151e-17 280.931 37.3872 -168.366 1.54141e-15 -7.28259e-15 7.18151e-17 0.604371
-37.7893 168.364 -4.91967e-16 -1.54162e-15 -5.48287e-17 283.975 37.7893 -168.364 4.91967e-16 -4.27176e-15 5.48287e-17 0.611849
-38.1913 168.362 5.93807e-16 9.49174e-16 -6.45429e-17 287.018 38.1913 -168.362 -5.93807e-16 9.79272e-16 6.45429e-17 0.619371
-38.5931 168.36 -1.53079e-15 -5.88923e-15 -8.80435e-17 290.06 38.5931 -168.36 1.53079e-15 -7.4928e-15 8.80435e-17 0.626926
-38.9948 168.359 -1.25562e-15 -6.19584e-15 -6.62312e-17 293.1 38.9948 -168.359 1.25562e-15 -5.16369e-15 6.62312e-17 0.634499
-39.3962 168.357 4.50106e-16 3.27405e-15 -5.3218e-17 296.139 39.3962 -168.357 -4.50106e-16 -2.3693e-15 5.3218e-17 0.642083
-39.7974 168.356 3.24273e-16 1.57268e-15 -5.39647e-17 299.176 39.7974 -168.356 -3.24273e-16 -1.59134e-15 5.39647e-17 0.649666
-40.1983 168.354 1.26004e-16 -3.89631e-16 -5.6365e-17 302.212 40.1983 -168.354 -1.26004e-16 -1.09893e-15 5.6365e-17 0.657242
-40.599 168.353 3.77995e-16 2.82651e-15 -5.24866e-17 305.245 40.599 -168.353 -3.77995e-16 -2.4912e-15 5.24866e-17 0.664799
-40.9992 168.352 6.16461e-16 1.03443e-15 -4.23218e-17 308.275 40.9992 -168.352 -6.16461e-16 1.00582e-15 4.23218e-17 0.672329
-41.3991 168.35 -1.58124e-16 -1.90514e-15 -7.07826e-17 311.303 41.3991 -168.35 1.58124e-16 -1.62297e-15 7.07826e-17 0.679821
-41.7986 168.349 2.10483e-15 9.96305e-15 -6.4728e-17 314.328 41.7986 -168.349 -2.10483e-15 2.75248e-15 6.4728e-17 0.687263
-42.1974 168.348 1.11669e-15 6.86355e-15 -8.18906e-17 317.349 42.1974 -168.348 -1.11669e-15 -1.29751e-15 8.18906e-17 0.694642
-42.5957 168.346 -1.47519e-15 -6.29464e-15 -9.7426e-17 320.366 42.5957 -168.346 1.47519e-15 -6.82258e-15 9.7426e-17 0.701944
-42.9933 168.345 1.18127e-16 2.05977e-15 -8.86994e-17 323.377 42.9933 -168.345 -1.18127e-16 -3.79887e-15 8.86994e-17 0.709152
-43.3899 168.344 1.17552e-15 6.38119e-15 -8.4635e-17 326.382 43.3899 -168.344 -1.17552e-15 -5.83023e-16 8.4635e-17 0.716244
-43.7856 168.342 -9.64167e-16 -1.82063e-15 -1.1319e-16 329.38 43.7856 -168.342 9.64167e-16 -7.73579e-15 1.1319e-16 0.723199
-44.18 168.341 5.6001e-16 8.32947e-15 -8.41378e-17 332.37 44.18 -168.341 -5.6001e-16 -6.96033e-15 8.41378e-17 0.729988
-44.573 168.339 1.09771e-15 8.69163e-15 -8.57171e-17 335.349 44.573 -168.339 -1.09771e-15 -3.45522e-15 8.57171e-17 0.736578
-44.9642 168.338 -6.60468e-16 -2.22441e-15 -8.0327e-17 338.316 44.9642 -168.338 6.60468e-16 -5.1253e-15 8.0327e-17 0.742933
-45.3535 168.336 5.31352e-16 2.66613e-15 -8.02969e-17 341.269 45.3535 -168.336 -5.31352e-16 -1.60141e-15 8.02969e-17 0.749011
-45.7402 168.334 1.32948e-15 7.24439e-15 -8.02884e-17 344.204 45.7402 -168.334 -1.32948e-15 -5.11026e-16 8.02884e-17 0.754762
-46.1241 168.332 -1.99788e-16 7.49723e-16 -5.20813e-17 347.12 46.1241 -168.332 1.99788e-16 -5.02003e-15 5.20813e-17 0.760135
-46.5046 168.33 -1.86051e-15 -7.25136e-15 -6.12447e-17 350.011 46.5046 -168.33 1.86051e-15 -8.949e-15 6.12447e-17 0.765075
-46.881 168.327 6.93296e-16 7.4796e-15 -2.935e-17 352.874 46.881 -168.327 -6.93296e-16 -5.36277e-15 2.935e-17 0.769528
-47.2527 168.325 -3.15302e-16 -1.83708e-15 -1.85206e-17 355.703 47.2527 -168.325 3.15302e-16 -3.3071e-15 1.85206e-17 0.773452
-47.619 168.322 1.52521e-15 8.98473e-15 -2.45085e-17 358.493 47.619 -168.322 -1.52521e-15 -9.47154e-16 2.45085e-17 0.776824
-47.9788 168.319 1.60033e-15 8.20714e-15 1.76408e-18 361.239 47.9788 -168.319 -1.60033e-15 3.68678e-16 -1.76408e-18 0.779661
-48.3315 168.315 -2.57842e-15 -9.68495e-15 -3.67796e-17 363.933 48.3315 -168.315 2.57842e-15 -1.18203e-14 3.67796e-17 0.782041
-48.6761 168.311 1.2703e-15 3.86024e-15 -2.50435e-18 366.569 48.6761 -168.311 -1.2703e-15 2.26601e-15 2.50435e-18 0.784123
-49.0119 168.307 -3.16121e-16 -1.30528e-15 -1.31601e-17 369.143 49.0119 -168.307 3.16121e-16 -3.95446e-15 1.31601e-17 0.786156
-49.3383 168.303 -1.71116e-15 -8.87469e-15 -7.09136e-18 371.648 49.3383 -168.303 1.71116e-15 -6.46308e-15 7.09136e-18 0.788465
-49.6549 168.297 -5.71833e-16 -3.59961e-15 -2.1278e-17 374.083 49.6549 -168.297 5.71833e-16 -3.58649e-15 2.1278e-17 0.791429
-49.9616 168.292 -1.59562e-15 -8.33325e-15 -3.43231e-18 376.446 49.9616 -168.292 1.59562e-15 -6.17706e-15 3.43231e-18 0.795332
-50.2585 168.287 7.00433e-16 1.37842e-15 -2.36856e-17 378.738 50.2585 -168.287 -7.00433e-16 4.91203e-16 2.36856e-17 0.800311
-50.5458 168.282 -2.04311e-15 -8.04066e-15 -6.51774e-17 380.96 50.5458 -168.282 2.04311e-15 -9.82976e-15 6.51774e-17 0.806397
-50.8241 168.278 -6.40164e-16 -2.3056e-15 -7.9687e-17 383.116 50.8241 -168.278 6.40164e-16 -5.56782e-15 7.9687e-17 0.813502
-51.0938 168.275 5.4648e-16 3.73341e-15 -5.1626e-17 385.209 51.0938 -168.275 -5.4648e-16 -3.10156e-15 5.1626e-17 0.82149
-51.3554 168.273 -2.23863e-15 -7.8544e-15 -3.73557e-17 387.244 51.3554 -168.273 2.23863e-15 -1.15194e-14 3.73557e-17 0.830222
-51.6096 168.271 1.05505e-15 3.48882e-15 -1.27825e-17 389.226 51.6096 -168.271 -1.05505e-15 8.52186e-16 1.27825e-17 0.839544
-51.857 168.271 -2.17114e-16 -6.43991e-16 -3.32644e-17 391.158 51.857 -168.271 2.17114e-16 -4.16069e-15 3.32644e-17 0.849245
-52.0981 168.271 1.6655e-17 4.36582e-17 -2.63054e-17 393.045 52.0981 -168.271 -1.6655e-17 -3.176e-15 2.63054e-17 0.85904
-52.3332 168.272 -3.46359e-16 -1.29072e-15 -2.75477e-17 394.889 52.3332 -168.272 3.46359e-16 -4.47275e-15 2.75477e-17 0.868614
-52.5625 168.273 -1.89498e-16 -3.01463e-15 -2.25806e-17 396.693 52.5625 -168.273 1.89498e-16 -1.69002e-15 2.25806e-17 0.877714
-52.7862 168.275 -8.79913e-16 -5.56552e-15 -3.19816e-17 398.457 52.7862 -168.275 8.79913e-16 -4.19109e-15 3.19816e-17 0.886229
-53.0043 168.277 1.8844e-15 7.754e-15 -1.7121e-17 400.181 53.0043 -168.277 -1.8844e-15 2.33279e-15 1.7121e-17 0.894238
-53.2169 168.278 1.65275e-15 7.31565e-15 -3.73428e-17 401.866 53.2169 -168.278 -1.65275e-15 1.13894e-15 3.73428e-17 0.901974
-53.4241 168.279 2.02948e-15 9.68443e-15 -4.82108e-18 403.512 53.4241 -168.279 -2.02948e-15 1.40497e-15 4.82108e-18 0.909722
-53.6262 168.28 1.5896e-15 5.44208e-15 -6.68478e-18 405.122 53.6262 -168.28 -1.5896e-15 2.43888e-15 6.68478e-18 0.917686
-53.8236 168.281 1.4287e-15 3.8573e-15 -1.10211e-17 406.697 53.8236 -168.281 -1.4287e-15 2.87912e-15 1.10211e-17 0.9259
-54.0165 168.281 2.7624e-15 1.42069e-14 1.30488e-17 408.241 54.0165 -168.281 -2.7624e-15 2.03112e-15 -1.30488e-17 0.934217
-54.2051 168.282 -3.56176e-16 -1.54376e-15 -4.06293e-17 409.753 54.2051 -168.282 3.56176e-16 -4.70421e-15 4.06293e-17 0.942387
-54.3895 168.283 1.03789e-15 6.26197e-15 -1.74271e-17 411.236 54.3895 -168.283 -1.03789e-15 -2.47699e-15 1.74271e-17 0.950161
-54.5697 168.284 1.77801e-15 9.59541e-15 -3.27919e-17 412.689 54.5697 -168.284 -1.77801e-15 -5.69229e-16 3.27919e-17 0.95739
-54.7454 168.285 -8.44194e-16 8.24272e-16 -3.65413e-17 414.111 54.7454 -168.285 8.44194e-16 -1.06307e-14 3.65413e-17 0.964083
-54.9166 168.286 -2.85044e-15 -1.51875e-14 -3.94185e-17 415.5 54.9166 -168.286 2.85044e-15 -9.02176e-15 3.94185e-17 0.970417
-55.0832 168.287 2.73307e-16 -2.38728e-15 -4.41534e-18 416.857 55.0832 -168.287 -2.73307e-16 5.50537e-16 4.41534e-18 0.976686
-55.2453 168.287 3.94151e-16 2.61832e-15 -1.59381e-17 418.181 55.2453 -168.287 -3.94151e-16 -3.64431e-15 1.59381e-17 0.983203
-55.4033 168.287 -1.57765e-15 -7.92043e-15 -4.51556e-17 419.475 55.4033 -168.287 1.57765e-15 -7.35226e-15 4.51556e-17 0.990184
-55.5574 168.286 -4.1599e-16 -5.37183e-15 -7.89584e-17 420.74 55.5574 -168.286 4.1599e-16 -1.57603e-15 7.89584e-17 0.997678
-55.7079 168.285 -2.25349e-15 -1.1932e-14 -5.499e-17 421.98 55.7079 -168.285 2.25349e-15 -8.17766e-15 5.499e-17 1.00556
-55.8554 168.284 -1.64634e-15 -4.47123e-15 -2.84449e-17 423.197 55.8554 -168.284 1.64634e-15 -1.13276e-14 2.84449e-17 1.01359
-55.9998 168.284 -1.29634e-15 -5.26833e-16 -5.0828e-17 424.393 55.9998 -168.284 1.29634e-15 -1.28286e-14 5.0828e-17 1.0215
-56.1413 168.284 6.33714e-16 2.82841e-15 -2.85272e-17 425.569 56.1413 -168.284 -6.33714e-16 -2.34606e-15 2.85272e-17 1.02904
-56.2798 168.285 1.12806e-15 1.01723e-14 -1.69413e-17 426.723 56.2798 -168.285 -1.12806e-15 -6.18308e-15 1.69413e-17 1.03608
-56.4152 168.286 -1.41579e-15 -5.67734e-15 -8.81817e-17 427.856 56.4152 -168.286 1.41579e-15 -8.66346e-15 8.81817e-17 1.04257
-56.5474 168.286 -1.83291e-15 -5.57773e-15 -6.96728e-17 428.966 56.5474 -168.286 1.83291e-15 -1.17431e-14 6.96728e-17 1.04857
-56.6761 168.287 1.41422e-15 1.37131e-14 -6.41528e-17 430.052 56.6761 -168.287 -1.41422e-15 -7.75911e-15 6.41528e-17 1.05428
-56.8013 168.287 1.31801e-15 7.86461e-15 -5.95394e-17 431.112 56.8013 -168.287 -1.31801e-15 -2.62924e-15 5.95394e-17 1.05992
-56.9229 168.287 -1.3264e-17 -1.84257e-15 -9.02451e-17 432.146 56.9229 -168.287 1.3264e-17 -2.51655e-15 9.02451e-17 1.06578
-57.0413 168.287 1.12535e-15 7.579e-15 -8.98226e-17 433.157 57.0413 -168.287 -1.12535e-15 -3.84552e-15 8.98226e-17 1.07205
-57.1566 168.285 1.41369e-15 9.9088e-15 -8.76327e-17 434.145 57.1566 -168.285 -1.41369e-15 -4.07327e-15 8.76327e-17 1.07881
-57.2691 168.284 2.09682e-16 -2.22771e-15 -4.89855e-17 435.113 57.2691 -168.284 -2.09682e-16 -6.1502e-16 4.89855e-17 1.08605
-57.3793 168.283 1.02632e-15 3.36375e-15 -2.59132e-17 436.063 57.3793 -168.283 -1.02632e-15 -3.34068e-16 2.59132e-17 1.09364
-57.4875 168.281 6.78897e-16 4.49355e-15 -5.61989e-17 436.999 57.4875 -168.281 -6.78897e-16 -3.94413e-15 5.61989e-17 1.10139
-57.5937 168.28 1.49368e-15 7.94909e-15 -1.75937e-17 437.921 57.5937 -168.28 -1.49368e-15 -1.55947e-15 1.75937e-17 1.10912
-57.6984 168.28 1.9521e-15 9.48238e-15 -2.61121e-17 438.832 57.6984 -168.28 -1.9521e-15 1.83484e-16 2.61121e-17 1.11669
-57.8014 168.28 -5.02568e-16 -6.34471e-15 -1.42394e-17 439.732 57.8014 -168.28 5.02568e-16 -1.62919e-15 1.42394e-17 1.12396
-57.9028 168.28 2.08616e-15 1.32917e-14 -1.41558e-17 440.621 57.9028 -168.28 -2.08616e-15 -2.73563e-15 1.41558e-17 1.13087
-58.0026 168.28 -1.93807e-15 -9.54647e-15 -4.98715e-17 441.498 58.0026 -168.28 1.93807e-15 -8.82452e-15 4.98715e-17 1.13738
-58.1007 168.281 -5.29077e-16 -1.97626e-15 -6.45614e-17 442.363 58.1007 -168.281 5.29077e-16 -6.39852e-15 6.45614e-17 1.14349
-58.1968 168.282 -1.63027e-15 -7.84499e-15 -8.84314e-17 443.215 58.1968 -168.282 1.63027e-15 -8.4639e-15 8.84314e-17 1.14923
-58.2908 168.282 7.83864e-16 4.98169e-15 -4.79681e-17 444.052 58.2908 -168.282 -7.83864e-16 -4.04923e-15 4.79681e-17 1.15469
-58.3826 168.283 -4.92713e-16 2.62334e-15 -7.16278e-17 444.873 58.3826 -168.283 4.92713e-16 -1.10059e-14 7.16278e-17 1.15999
-58.472 168.283 -1.52184e-15 -5.47149e-15 -4.05824e-17 445.678 58.472 -168.283 1.52184e-15 -1.03128e-14 4.05824e-17 1.16525
-58.5591 168.282 -1.062e-15 -4.57378e-15 -3.49341e-17 446.465 58.5591 -168.282 1.062e-15 -7.93796e-15 3.49341e-17 1.17064
-58.6439 168.282 -3.81975e-18 -1.96351e-15 -2.91328e-17 447.235 58.6439 -168.282 3.81975e-18 -3.03688e-15 2.91328e-17 1.17626
-58.7265 168.28 2.63869e-15 7.31392e-15 -5.21405e-18 447.99 58.7265 -168.28 -2.63869e-15 6.6622e-15 5.21405e-18 1.1822
-58.788 168.579 -1.38745e-15 -1.02857e-14 2.71091e-17 448.702 58.788 -168.579 1.38745e-15 -4.5476e-15 -2.71091e-17 1.12934
-58.8502 168.47 -1.41855e-15 -1.40729e-14 6.70204e-17 449.27 58.8502 -168.47 1.41855e-15 -8.83519e-16 -6.70204e-17 1.15714
-58.9092 168.408 1.50154e-15 5.22999e-15 5.60533e-17 449.832 58.9092 -168.408 -1.50154e-15 6.88863e-16 -5.60533e-17 1.17675
-58.966 168.366 -6.88796e-16 -6.86625e-15 4.7801e-17 450.385 58.966 -168.366 6.88796e-16 -2.94032e-15 -4.7801e-17 1.19209
-59.0211 168.337 1.94451e-15 5.22214e-15 5.35905e-17 450.931 59.0211 -168.337 -1.94451e-15 3.85157e-15 -5.35905e-17 1.20463
-59.0747 168.317 -1.25129e-15 -9.4173e-15 6.12568e-18 451.47 59.0747 -168.317 1.25129e-15 -4.44272e-15 -6.12568e-18 1.21525
-59.1273 168.304 3.92245e-15 1.12912e-14 1.35597e-17 452.003 59.1273 -168.304 -3.92245e-15 1.20007e-14 -1.35597e-17 1.22452
-59.1789 168.294 1.89882e-17 -6.56702e-15 6.66679e-17 452.531 59.1789 -168.294 -1.89882e-17 1.91564e-15 -6.66679e-17 1.2328
-59.2296 168.288 1.57216e-15 -7.33754e-16 8.25529e-17 453.055 59.2296 -168.288 -1.57216e-15 7.19845e-15 -8.25529e-17 1.24033
-59.2795 168.284 9.58336e-16 3.55978e-15 2.83481e-17 453.573 59.2795 -168.284 -9.58336e-16 -1.6279e-15 -2.83481e-17 1.24727
-59.3287 168.281 1.20946e-17 -3.0546e-15 2.52679e-17 454.087 59.3287 -168.281 -1.20946e-17 -1.77967e-15 -2.52679e-17 1.25371
-59.3769 168.28 -1.65348e-15 -7.23622e-15 -3.72334e-17 454.595 59.3769 -168.28 1.65348e-15 -9.53394e-15 3.72334e-17 1.25973
-59.4242 168.279 -4.28339e-16 -3.06472e-15 -1.68139e-17 455.096 59.4242 -168.279 4.28339e-16 -4.90943e-15 1.68139e-17 1.26539
-59.4704 168.278 -5.9906e-16 -7.98287e-15 -2.67061e-17 455.59 59.4704 -168.278 5.9906e-16 -1.29765e-15 2.67061e-17 1.27072
-59.5153 168.279 1.41345e-15 4.26179e-15 -2.68324e-17 456.075 59.5153 -168.279 -1.41345e-15 9.41803e-16 2.68324e-17 1.27576
-59.5587 168.279 7.49691e-16 2.95478e-15 -1.20311e-17 456.55 59.5587 -168.279 -7.49691e-16 -2.4744e-15 1.20311e-17 1.28059
-59.6005 168.28 -3.44585e-16 -5.93354e-15 -6.75088e-17 457.014 59.6005 -168.28 3.44585e-16 -1.42953e-15 6.75088e-17 1.28526
-59.6406 168.28 -1.35934e-15 -8.27547e-15 -6.21899e-17 457.465 59.6406 -168.28 1.35934e-15 -6.33135e-15 6.21899e-17 1.28989
-59.6788 168.281 -2.03946e-16 4.17302e-16 -4.38688e-17 457.903 59.6788 -168.281 2.03946e-16 -6.74657e-15 4.38688e-17 1.29456
-59.7152 168.28 -4.24714e-15 -1.8362e-14 -8.24596e-17 458.327 59.7152 -168.28 4.24714e-15 -1.70123e-14 8.24596e-17 1.2994
-59.7496 168.28 -6.16019e-16 -3.90894e-15 -6.67984e-17 458.737 59.7496 -168.28 6.16019e-16 -5.40501e-15 6.67984e-17 1.30449
-59.7823 168.279 3.0071e-16 6.23264e-15 -8.88341e-17 459.134 59.7823 -168.279 -3.0071e-16 -9.07239e-15 8.88341e-17 1.3099
-59.8134 168.277 -7.87044e-16 -4.96637e-15 -9.28628e-17 459.519 59.8134 -168.277 7.87044e-16 -5.76502e-15 9.28628e-17 1.31562
-59.843 168.275 7.03469e-16 4.59863e-15 -1.06097e-16 459.893 59.843 -168.275 -7.03469e-16 -4.77738e-15 1.06097e-16 1.32165
-59.8713 168.273 1.25659e-15 9.13013e-15 -1.3574e-16 460.258 59.8713 -168.273 -1.25659e-15 -5.38321e-15 1.3574e-16 1.32792
-59.8986 168.271 7.0642e-17 7.46409e-16 -1.46772e-16 460.615 59.8986 -168.271 -7.0642e-17 -5.54786e-15 1.46772e-16 1.33435
-59.9249 168.268 -7.69761e-16 1.54011e-15 -1.31498e-16 460.965 59.9249 -168.268 7.69761e-16 -1.22904e-14 1.31498e-16 1.34088
-59.9504 168.266 1.15757e-15 3.32085e-15 -1.11865e-16 461.309 59.9504 -168.266 -1.15757e-15 -2.47987e-16 1.11865e-16 1.34744
-59.9754 168.264 1.64025e-15 5.32941e-15 -1.20985e-16 461.649 59.9754 -168.264 -1.64025e-15 1.14668e-15 1.20985e-16 1.35398
-59.9997 168.263 -3.29361e-15 -1.52761e-14 -1.2655e-16 461.985 59.9997 -168.263 3.29361e-15 -1.36154e-14 1.2655e-16 1.36045
-60.0237 168.261 -8.96774e-16 -1.59346e-15 -1.1627e-16 462.319 60.0237 -168.261 8.96774e-16 -1.01719e-14 1.1627e-16 1.36684
-60.0473 168.26 -1.49594e-15 -5.31271e-15 -8.68213e-17 462.65 60.0473 -168.26 1.49594e-15 -1.08064e-14 8.68213e-17 1.37313
-60.0706 168.258 8.04294e-16 8.44094e-15 -8.64439e-17 462.979 60.0706 -168.258 -8.04294e-16 -8.10113e-15 8.64439e-17 1.37932
-60.0936 168.257 1.96153e-15 4.4749e-15 -9.64777e-17 463.306 60.0936 -168.257 -1.96153e-15 4.14698e-15 9.64777e-17 1.38541
-60.1164 168.257 -2.32855e-15 -8.8642e-15 -9.74007e-17 463.631 60.1164 -168.257 2.32855e-15 -1.33564e-14 9.74007e-17 1.39141
-60.139 168.256 -2.03296e-15 -1.0078e-14 -1.20771e-16 463.955 60.139 -168.256 2.03296e-15 -9.98927e-15 1.20771e-16 1.39732
-60.1614 168.255 7.39737e-16 -4.54373e-15 -7.4606e-17 464.278 60.1614 -168.255 -7.39737e-16 4.36151e-15 7.4606e-17 1.40315
-60.1837 168.254 -5.74331e-17 -1.65594e-15 -9.65479e-17 464.6 60.1837 -168.254 5.74331e-17 -4.28578e-15 9.65479e-17 1.4089
-60.2057 168.254 -3.18815e-16 -6.03771e-15 -4.02648e-17 464.921 60.2057 -168.254 3.18815e-16 -1.66766e-15 4.02648e-17 1.41459
-60.2275 168.253 -2.30957e-15 -1.59809e-14 -9.27954e-17 465.24 60.2275 -168.253 2.30957e-15 -6.08951e-15 9.27954e-17 1.42021
-60.2492 168.253 1.29283e-15 3.37825e-15 -8.8844e-17 465.558 60.2492 -168.253 -1.29283e-15 4.70999e-16 8.8844e-17 1.42577
-60.2706 168.253 -2.05401e-15 -7.49825e-15 -1.05886e-16 465.874 60.2706 -168.253 2.05401e-15 -1.27005e-14 1.05886e-16 1.43128
-60.2918 168.252 1.32833e-15 3.1654e-15 -1.28085e-16 466.188 60.2918 -168.252 -1.32833e-15 7.49389e-16 1.28085e-16 1.43673
-60.3127 168.252 6.19894e-16 5.7729e-15 -9.39172e-17 466.501 60.3127 -168.252 -6.19894e-16 -6.86411e-15 9.39172e-17 1.44212
-60.3333 168.252 1.81083e-15 4.24211e-15 -9.94049e-17 466.812 60.3333 -168.252 -1.81083e-15 3.11127e-15 9.94049e-17 1.44745
-60.3535 168.251 -9.15323e-16 -3.52003e-15 -1.04802e-16 467.12 60.3535 -168.251 9.15323e-16 -8.70669e-15 1.04802e-16 1.45273
-60.3733 168.251 -2.84115e-15 -1.37998e-14 -1.11437e-16 467.425 60.3733 -168.251 2.84115e-15 -1.21979e-14 1.11437e-16 1.45795
-60.3927 168.251 -1.87886e-15 -8.64634e-15 -8.50556e-17 467.726 60.3927 -168.251 1.87886e-15 -1.03604e-14 8.50556e-17 1.46311
-60.4115 168.251 1.55791e-15 6.67588e-15 -9.71895e-17 468.024 60.4115 -168.251 -1.55791e-15 -1.16739e-15 9.71895e-17 1.46822
-60.4297 168.251 2.70403e-15 1.30186e-14 -7.18172e-17 468.318 60.4297 -168.251 -2.70403e-15 7.2386e-16 7.18172e-17 1.47328
-60.4472 168.251 3.40453e-15 1.02573e-14 -6.61424e-17 468.607 60.4472 -168.251 -3.40453e-15 8.52727e-15 6.61424e-17 1.47832
-60.4641 168.251 3.25215e-15 9.30646e-15 -4.63716e-17 468.891 60.4641 -168.251 -3.25215e-15 8.35021e-15 4.63716e-17 1.48333
-60.4801 168.251 3.73132e-15 1.23928e-14 -4.50778e-17 469.169 60.4801 -168.251 -3.73132e-15 8.62744e-15 4.50778e-17 1.48835
-60.4953 168.251 -1.94839e-15 -6.3009e-15 -1.23843e-16 469.442 60.4953 -168.251 1.94839e-15 -1.35203e-14 1.23843e-16 1.49339
-60.5097 168.251 -9.08061e-16 -4.28917e-15 -1.58728e-16 469.708 60.5097 -168.251 9.08061e-16 -8.04594e-15 1.58728e-16 1.49847
-60.5232 168.251 2.46258e-16 -2.23033e-15 -1.37202e-16 469.968 60.5232 -168.251 -2.46258e-16 -1.83324e-15 1.37202e-16 1.50363
-60.5359 168.25 7.66122e-16 4.38775e-15 -1.36194e-16 470.222 60.5359 -168.25 -7.66122e-16 -4.7951e-15 1.36194e-16 1.50887
-60.5477 168.249 -2.54241e-16 -4.18104e-16 -1.69829e-16 470.469 60.5477 -168.249 2.54241e-16 -7.43091e-15 1.69829e-16 1.51421
-60.5588 168.248 1.41182e-15 4.17676e-15 -1.25552e-16 470.711 60.5588 -168.248 -1.41182e-15 -6.36242e-17 1.25552e-16 1.51965
-60.5691 168.247 -6.43121e-16 -4.72034e-15 -1.172e-16 470.947 60.5691 -168.247 6.43121e-16 -5.9032e-15 1.172e-16 1.52519
-60.5787 168.246 -1.00971e-15 -3.66247e-15 -1.35817e-16 471.178 60.5787 -168.246 1.00971e-15 -9.63464e-15 1.35817e-16 1.53081
-60.5877 168.244 -6.21597e-16 -3.56418e-15 -1.10046e-16 471.405 60.5877 -168.244 6.21597e-16 -6.8876e-15 1.10046e-16 1.5365
-60.5961 168.243 -2.42835e-15 -1.19302e-14 -1.34135e-16 471.628 60.5961 -168.243 2.42835e-15 -1.16117e-14 1.34135e-16 1.54225
-60.604 168.241 -1.72615e-15 -8.56953e-15 -1.10015e-16 471.847 60.604 -168.241 1.72615e-15 -9.86628e-15 1.10015e-16 1.54802
-60.6115 168.24 -2.53048e-15 -1.41197e-14 -1.00303e-16 472.063 60.6115 -168.24 2.53048e-15 -1.00548e-14 1.00303e-16 1.55382
-60.6187 168.238 -5.73265e-16 -8.25767e-16 -5.65889e-17 472.276 60.6187 -168.238 5.73265e-16 -9.32912e-15 5.65889e-17 1.55962
-60.6254 168.237 6.97962e-16 7.18274e-15 -1.05771e-16 472.486 60.6254 -168.237 -6.97962e-16 -8.33254e-15 1.05771e-16 1.5654
-60.6319 168.236 -2.64694e-15 -1.43287e-14 -1.15897e-16 472.695 60.6319 -168.236 2.64694e-15 -1.08249e-14 1.15897e-16 1.57117
-60.6381 168.234 -6.48925e-16 -8.01933e-15 -9.97723e-17 472.902 60.6381 -168.234 6.48925e-16 -2.85718e-15 9.97723e-17 1.57691
-60.6441 168.233 8.22689e-16 3.10165e-15 -7.15505e-17 473.107 60.6441 -168.233 -8.22689e-16 -3.3655e-15 7.15505e-17 1.58262
-60.65 168.232 1.64184e-16 -4.48918e-15 -4.2224e-17 473.311 60.65 -168.232 -1.64184e-16 -4.91037e-16 4.2224e-17 1.5883
-60.6556 168.231 7.72424e-17 -1.28021e-15 -5.08783e-17 473.514 60.6556 -168.231 -7.72424e-17 -4.34459e-15 5.08783e-17 1.59395
-60.6611 168.23 -7.85916e-16 -1.08088e-15 -7.66355e-17 473.716 60.6611 -168.23 7.85916e-16 -1.08333e-14 7.66355e-17 1.59957
-60.6664 168.229 -1.20388e-15 -4.48385e-15 -7.91265e-17 473.916 60.6664 -168.229 1.20388e-15 -1.03011e-14 7.91265e-17 1.60516
-60.6716 168.228 2.41358e-16 -4.89512e-16 -3.6487e-17 474.116 60.6716 -168.228 -2.41358e-16 -3.94481e-15 3.6487e-17 1.61072
-60.6768 168.227 2.53016e-15 1.41974e-14 -2.76433e-17 474.315 60.6768 -168.227 -2.53016e-15 -2.17627e-15 2.76433e-17 1.61626
-60.6818 168.226 2.66809e-15 9.16677e-15 -4.23444e-17 474.514 60.6818 -168.226 -2.66809e-15 3.79253e-15 4.23444e-17 1.62178
-60.6867 168.225 8.20688e-16 -4.2683e-15 -3.88486e-17 474.712 60.6867 -168.225 -8.20688e-16 4.01178e-15 3.88486e-17 1.62728
-60.6915 168.225 -1.18185e-15 -7.77505e-15 -1.08073e-16 474.909 60.6915 -168.225 1.18185e-15 -6.97351e-15 1.08073e-16 1.63276
-60.6963 168.224 -3.20233e-15 -1.40577e-14 -9.14441e-17 475.105 60.6963 -168.224 3.20233e-15 -1.52043e-14 9.14441e-17 1.63823
-60.701 168.223 -1.04697e-15 -5.10424e-15 -8.73878e-17 475.302 60.701 -168.223 1.04697e-15 -8.7531e-15 8.73878e-17 1.64368
-60.7056 168.222 -1.23766e-15 -8.95576e-15 -1.01551e-16 475.497 60.7056 -168.222 1.23766e-15 -6.26994e-15 1.01551e-16 1.64912
-60.7101 168.222 -1.41572e-15 -6.10586e-15 -9.38825e-17 475.692 60.7101 -168.222 1.41572e-15 -1.04861e-14 9.38825e-17 1.65456
-60.7146 168.221 -9.04558e-16 -2.02576e-15 -6.43452e-17 475.887 60.7146 -168.221 9.04558e-16 -1.09453e-14 6.43452e-17 1.65998
-60.719 168.22 -1.45804e-15 -1.23076e-14 -2.8539e-17 476.081 60.719 -168.22 1.45804e-15 -4.66443e-15 2.8539e-17 1.6654
-60.7233 168.219 1.49273e-15 7.3123e-15 1.29598e-17 476.275 60.7233 -168.219 -1.49273e-15 -3.07783e-15 -1.29598e-17 1.67081
-60.7276 168.219 2.6284e-15 1.21311e-14 2.16005e-17 476.468 60.7276 -168.219 -2.6284e-15 2.16219e-16 -2.16005e-17 1.67622
-60.7318 168.218 6.23434e-16 3.23915e-15 -4.87029e-18 476.661 60.7318 -168.218 -6.23434e-16 -5.27515e-15 4.87029e-18 1.68162
-60.7359 168.217 -1.31655e-15 -7.24137e-15 -4.34587e-17 476.853 60.7359 -168.217 1.31655e-15 -8.67257e-15 4.34587e-17 1.68701
-60.74 168.216 -2.19712e-15 -9.13618e-15 -7.52029e-17 477.045 60.74 -168.216 2.19712e-15 -1.31316e-14 7.52029e-17 1.69241
-60.7441 168.216 -8.36968e-16 -6.11454e-15 -8.99835e-17 477.237 60.7441 -168.216 8.36968e-16 -6.45319e-15 8.99835e-17 1.6978
-60.748 168.215 -5.33553e-16 -4.66507e-15 -8.48388e-17 477.428 60.748 -168.215 5.33553e-16 -5.79017e-15 8.48388e-17 1.70318
-60.7519 168.214 -1.57547e-15 -6.10798e-15 -7.10693e-17 477.618 60.7519 -168.214 1.57547e-15 -1.17483e-14 7.10693e-17 1.70857
-60.7558 168.213 -5.85171e-16 -3.0708e-15 -7.78158e-17 477.809 60.7558 -168.213 5.85171e-16 -7.65163e-15 7.78158e-17 1.71395
-60.7596 168.213 1.15486e-16 -9.07324e-16 -5.1288e-17 477.999 60.7596 -168.213 -1.15486e-16 -4.81692e-15 5.1288e-17 1.71933
-60.7633 168.212 2.91908e-15 6.36124e-15 -2.69362e-17 478.188 60.7633 -168.212 -2.91908e-15 8.00346e-15 2.69362e-17 1.72471
-60.767 168.211 -3.90367e-17 2.98316e-17 -4.37802e-17 478.377 60.767 -168.211 3.90367e-17 -7.00622e-15 4.37802e-17 1.73009
-60.7706 168.211 -2.17005e-15 -1.30826e-14 -5.02709e-17 478.565 60.7706 -168.211 2.17005e-15 -9.1824e-15 5.02709e-17 1.73547
-60.7741 168.21 -2.08367e-15 -9.23679e-15 -1.07908e-16 478.753 60.7741 -168.21 2.08367e-15 -1.24052e-14 1.07908e-16 1.74084
-60.7776 168.209 -1.28966e-16 2.05674e-16 -1.20444e-16 478.941 60.7776 -168.209 1.28966e-16 -7.8412e-15 1.20444e-16 1.74621
-60.781 168.208 -1.26686e-15 -6.22336e-15 -1.47232e-16 479.128 60.781 -168.208 1.26686e-15 -9.66642e-15 1.47232e-16 1.75158
-60.7843 168.208 -1.90162e-16 -3.23341e-15 -1.39277e-16 479.315 60.7843 -168.208 1.90162e-16 -4.95763e-15 1.39277e-16 1.75695
-60.7876 168.207 -2.82505e-15 -1.61217e-14 -9.45634e-17 479.501 60.7876 -168.207 2.82505e-15 -1.09944e-14 9.45634e-17 1.76232
-60.7908 168.206 -1.27966e-15 -4.50127e-15 -7.52707e-17 479.686 60.7908 -168.206 1.27966e-15 -1.15335e-14 7.52707e-17 1.76769
-60.794 168.205 -2.97234e-15 -1.09201e-14 -1.01521e-16 479.871 60.794 -168.205 2.97234e-15 -1.72586e-14 1.01521e-16 1.77305
-60.797 168.205 -9.5037e-16 4.40337e-16 -1.24072e-16 480.056 60.797 -168.205 9.5037e-16 -1.41006e-14 1.24072e-16 1.77841
-60.8 168.204 -1.94689e-15 -9.14294e-15 -9.83529e-17 480.24 60.8 -168.204 1.94689e-15 -1.16787e-14 9.83529e-17 1.78377
-60.8029 168.203 -1.84213e-15 -8.00984e-15 -1.13212e-16 480.424 60.8029 -168.203 1.84213e-15 -1.21323e-14 1.13212e-16 1.78913
-60.8057 168.203 -9.6569e-16 -5.05294e-15 -1.37572e-16 480.607 60.8057 -168.203 9.6569e-16 -8.81993e-15 1.37572e-16 1.79449
-60.8085 168.202 1.67249e-15 9.08998e-15 -7.50968e-17 480.789 60.8085 -168.202 -1.67249e-15 -3.94731e-15 7.50968e-17 1.79984
-60.8112 168.201 -7.34577e-16 -3.08767e-15 -7.20203e-17 480.971 60.8112 -168.201 7.34577e-16 -9.06345e-15 7.20203e-17 1.80519
-60.8137 168.201 -7.5223e-16 -6.64145e-15 -7.8605e-17 481.152 60.8137 -168.201 7.5223e-16 -5.6791e-15 7.8605e-17 1.81053
-60.8162 168.2 -3.1837e-15 -1.593e-14 -7.00569e-17 481.332 60.8162 -168.2 3.1837e-15 -1.38606e-14 7.00569e-17 1.81588
-60.8186 168.199 -1.38121e-15 -1.10761e-14 -7.52708e-17 481.512 60.8186 -168.199 1.38121e-15 -5.72694e-15 7.52708e-17 1.82122
-60.8208 168.199 3.35733e-15 1.16259e-14 -4.34683e-17 481.691 60.8208 -168.199 -3.35733e-15 5.55932e-15 4.34683e-17 1.82655
-60.823 168.198 1.76296e-15 1.75526e-15 2.00228e-18 481.869 60.823 -168.198 -1.76296e-15 3.99554e-15 -2.00228e-18 1.83188
-60.825 168.197 3.03411e-15 7.96655e-15 -7.05603e-17 482.046 60.825 -168.197 -3.03411e-15 6.89992e-15 7.05603e-17 1.83721
-60.827 168.197 -2.23038e-16 -4.10824e-15 -7.32612e-17 482.223 60.827 -168.197 2.23038e-16 -4.52931e-15 7.32612e-17 1.84253
-60.8287 168.196 4.50732e-15 1.78174e-14 -8.42517e-17 482.398 60.8287 -168.196 -4.50732e-15 7.55839e-15 8.42517e-17 1.84784
-60.8304 168.196 6.12692e-17 -5.19926e-15 -5.66539e-17 482.573 60.8304 -168.196 -6.12692e-17 -1.32555e-15 5.66539e-17 1.85315
-60.8319 168.195 2.25238e-15 1.32982e-14 -1.00922e-17 482.746 60.8319 -168.195 -2.25238e-15 -4.01852e-15 1.00922e-17 1.85846
-60.8332 168.195 4.36854e-15 1.84185e-14 -4.07951e-17 482.919 60.8332 -168.195 -4.36854e-15 6.00303e-15 4.07951e-17 1.86376
-60.8344 168.194 1.71348e-15 3.03475e-15 -3.9316e-17 483.09 60.8344 -168.194 -1.71348e-15 2.33885e-15 3.9316e-17 1.86905
-60.8354 168.193 9.44347e-16 7.24326e-16 1.42955e-17 483.26 60.8354 -168.193 -9.44347e-16 -8.17296e-16 -1.42955e-17 1.87434
-60.8362 168.193 -4.89051e-15 -2.21443e-14 1.31895e-17 483.428 60.8362 -168.193 4.89051e-15 -1.99196e-14 -1.31895e-17 1.87963
-60.8368 168.192 1.17236e-15 3.88994e-15 -1.4173e-17 483.595 60.8368 -168.192 -1.17236e-15 -2.5807e-15 1.4173e-17 1.88492
-60.8372 168.192 -2.45596e-15 -1.35053e-14 -5.83386e-17 483.761 60.8372 -168.192 2.45596e-15 -1.13888e-14 5.83386e-17 1.8902
-60.8374 168.191 -2.68309e-15 -1.34293e-14 -4.7095e-17 483.925 60.8374 -168.191 2.68309e-15 -1.31327e-14 4.7095e-17 1.89548
-60.8374 168.191 -3.3181e-16 -2.63156e-15 -5.22938e-17 484.088 60.8374 -168.191 3.3181e-16 -7.02239e-15 5.22938e-17 1.90076
-60.8371 168.19 2.53264e-15 9.60187e-16 -5.62645e-17 484.249 60.8371 -168.19 -2.53264e-15 9.94352e-15 5.62645e-17 1.90604
-60.8366 168.19 -2.04231e-15 -9.52778e-15 -6.72624e-17 484.408 60.8366 -168.19 2.04231e-15 -1.23636e-14 6.72624e-17 1.91133
-60.8359 168.189 -5.94329e-16 -2.63643e-15 -6.85079e-17 484.565 60.8359 -168.189 5.94329e-16 -8.85642e-15 6.85079e-17 1.91662
-60.8349 168.189 4.00759e-16 9.84823e-16 -1.47476e-17 484.721 60.8349 -168.189 -4.00759e-16 -5.24162e-15 1.47476e-17 1.92191
