-1.82178 -1.79519 -1.8219
-3.37956 -3.58711 -3.3797
-4.33228 -5.28473 -4.33247
-5.07856 -6.63389 -5.07879
-5.69719 -7.67136 -5.69747
-6.26058 -8.52088 -6.26093
-6.79408 -9.25854 -6.79446
-7.29441 -9.94602 -7.29485
-7.77873 -10.5395 -7.77921
-8.27431 -11.1313 -8.27482
-8.74544 -11.682 -8.74602
-9.20093 -12.1995 -9.20154
-9.64591 -12.7111 -9.64658
-10.095 -13.2224 -10.0957
-10.5588 -13.7005 -10.5595
-10.9965 -14.1602 -10.9973
-11.4394 -14.6244 -11.4402
-11.9012 -15.0892 -11.902
-12.3316 -15.5586 -12.3325
-12.7553 -16.0145 -12.7563
-13.189 -16.4739 -13.1899
-13.6091 -16.9075 -13.6101
-14.031 -17.3402 -14.0321
-14.4541 -17.7795 -14.4553
-14.8779 -18.1972 -14.8791
-15.3193 -18.6201 -15.3204
-15.7316 -19.0447 -15.7328
-16.1462 -19.4698 -16.1475
-16.5622 -19.9022 -16.5636
-16.9792 -20.3181 -16.9807
-17.3968 -20.7367 -17.3983
-17.8246 -21.1563 -17.8259
-18.2351 -21.5763 -18.2365
-18.6465 -21.9964 -18.6481
-19.0586 -22.4242 -19.0602
-19.4711 -22.8349 -19.4728
-19.884 -23.2475 -19.8857
-20.2969 -23.6603 -20.2987
-20.71 -24.0634 -20.7119
-21.1231 -24.4668 -21.125
-21.5362 -24.8704 -21.5382
-21.9515 -25.2786 -21.9532
-22.3607 -25.6751 -22.3625
-22.7697 -26.0723 -22.7717
-23.1787 -26.47 -23.1807
-23.5876 -26.8678 -23.5897
-23.9965 -27.2657 -23.9986
-24.4053 -27.6636 -24.4075
-24.814 -28.0614 -24.8163
-25.2227 -28.4591 -25.2249
-25.6312 -28.8585 -25.6335
-26.0397 -29.2503 -26.042
-26.448 -29.6422 -26.4504
-26.8563 -30.0341 -26.8586
-27.2644 -30.426 -27.2668
-27.6723 -30.8178 -27.6748
-28.0802 -31.2095 -28.0827
-28.4879 -31.6011 -28.4904
-28.8955 -31.9925 -28.8981
-29.303 -32.3838 -29.3056
-29.7104 -32.775 -29.7129
-30.1176 -33.1661 -30.1202
-30.5247 -33.557 -30.5273
-30.9315 -33.9509 -30.9341
-31.338 -34.3361 -31.3406
-31.7478 -34.7215 -31.7502
-32.1511 -35.107 -32.1536
-32.5541 -35.4925 -32.5566
-32.957 -35.8779 -32.9597
-33.36 -36.2633 -33.3626
-33.7629 -36.6486 -33.7656
-34.1658 -37.0338 -34.1686
-34.5688 -37.4188 -34.5716
-34.9716 -37.8037 -34.9745
-35.3745 -38.1885 -35.3774
-35.7772 -38.5731 -35.7801
-36.1799 -38.9576 -36.1828
-36.5824 -39.3419 -36.5854
-36.9848 -39.726 -36.9878
-37.3872 -40.1099 -37.3902
-37.7893 -40.4937 -37.7923
-38.1913 -40.8772 -38.1944
-38.5931 -41.2605 -38.5962
-38.9948 -41.6436 -38.9979
-39.3962 -42.0264 -39.3993
-39.7974 -42.4152 -39.8005
-40.1983 -42.7929 -40.2014
-40.599 -43.1704 -40.6021
-40.9992 -43.5478 -41.0023
-41.3991 -43.925 -41.4022
-41.7986 -44.3018 -41.8017
-42.1974 -44.6782 -42.2006
-42.5957 -45.054 -42.5988
-42.9933 -45.4291 -42.9964
-43.3899 -45.8032 -43.3931
-43.7856 -46.1763 -43.7887
-44.18 -46.548 -44.1831
-44.573 -46.9181 -44.5761
-44.9642 -47.2864 -44.9674
-45.3535 -47.6524 -45.3566
-45.7402 -48.0157 -45.7433
-46.1241 -48.3754 -46.1272
-46.5046 -48.7314 -46.5077
-46.881 -49.0828 -46.8841
-47.2527 -49.4288 -47.2558
-47.619 -49.7687 -47.622
-47.9788 -50.1017 -47.9819
-48.3315 -50.4269 -48.3345
-48.6761 -50.7436 -48.6791
-49.0119 -51.051 -49.0149
-49.3383 -51.3488 -49.3412
-49.6549 -51.6367 -49.6578
-49.9616 -51.9148 -49.9645
-50.2585 -52.1834 -50.2614
-50.5458 -52.4427 -50.5487
-50.8241 -52.6933 -50.827
-51.0938 -52.9358 -51.0966
-51.3554 -53.1707 -51.3582
-51.6096 -53.3985 -51.6124
-51.857 -53.62 -51.8598
-52.0981 -53.8355 -52.1008
-52.3332 -54.0453 -52.3359
-52.5625 -54.2496 -52.5652
-52.7862 -54.4484 -52.7889
-53.0043 -54.6417 -53.0069
-53.2169 -54.8297 -53.2195
-53.4241 -55.0124 -53.4267
-53.6262 -55.1903 -53.6288
-53.8236 -55.3637 -53.8261
-54.0165 -55.5327 -54.019
-54.2051 -55.6977 -54.2076
-54.3895 -55.8586 -54.392
-54.5697 -56.0153 -54.5721
-54.7454 -56.1678 -54.7478
-54.9166 -56.3158 -54.919
-55.0832 -56.4594 -55.0855
-55.2453 -56.5985 -55.2477
-55.4033 -56.7336 -55.4056
-55.5574 -56.8648 -55.5596
-55.7079 -56.9926 -55.7102
-55.8554 -57.1174 -55.8576
-55.9998 -57.2392 -56.0019
-56.1413 -57.3582 -56.1434
-56.2798 -57.4745 -56.2819
-56.4152 -57.5878 -56.4173
-56.5474 -57.698 -56.5494
-56.6761 -57.805 -56.6781
-56.8013 -57.9085 -56.8032
-56.9229 -58.0085 -56.9249
-57.0413 -58.1052 -57.0432
-57.1566 -58.1988 -57.1585
-57.2691 -58.2896 -57.271
-57.3793 -58.3778 -57.3812
-57.4875 -58.4639 -57.4892
-57.5937 -58.5482 -57.5955
-57.6984 -58.6307 -57.7001
-57.8014 -58.7117 -57.8031
-57.9028 -58.7912 -57.9045
-58.0026 -58.8692 -58.0042
-58.1007 -58.9456 -58.1022
-58.1968 -59.0204 -58.1983
-58.2908 -59.0933 -58.2923
-58.3826 -59.1641 -58.384
-58.472 -59.2328 -58.4735
-58.5591 -59.2992 -58.5605
-58.6439 -59.3633 -58.6452
-58.7265 -59.4256 -58.7278
-58.788 -59.4852 -58.79
-58.8502 -59.5428 -58.852
-58.9092 -59.5986 -58.911
-58.966 -59.6528 -58.9677
-59.0211 -59.7056 -59.0227
-59.0747 -59.7573 -59.0763
-59.1273 -59.808 -59.1288
-59.1789 -59.8578 -59.1803
-59.2296 -59.9068 -59.231
-59.2795 -59.9552 -59.2809
-59.3287 -59.9883 -59.33
-59.3769 -60.0171 -59.3782
-59.4242 -60.0441 -59.4255
-59.4704 -60.0699 -59.4716
-59.5153 -60.0946 -59.5165
-59.5587 -60.1182 -59.5599
-59.6005 -60.1406 -59.6017
-59.6406 -60.1617 -59.6417
-59.6788 -60.1814 -59.6799
-59.7152 -60.1995 -59.7162
-59.7496 -60.2159 -59.7506
-59.7823 -60.2304 -59.7833
-59.8134 -60.2431 -59.8143
-59.843 -60.2539 -59.8439
-59.8713 -60.263 -59.8721
-59.8986 -60.2704 -59.8993
-59.9249 -60.2763 -59.9256
-59.9504 -60.2809 -59.9511
-59.9754 -60.2844 -59.976
-59.9997 -60.2869 -60.0003
-60.0237 -60.2886 -60.0242
-60.0473 -60.2897 -60.0478
-60.0706 -60.2902 -60.071
-60.0936 -60.2903 -60.094
-60.1164 -60.29 -60.1167
-60.139 -60.2893 -60.1393
-60.1614 -60.2884 -60.1616
-60.1837 -60.2872 -60.1838
-60.2057 -60.2859 -60.2058
-60.2275 -60.2843 -60.2276
-60.2492 -60.2826 -60.2492
-60.2706 -60.2807 -60.2705
-60.2918 -60.2786 -60.2917
-60.3127 -60.2764 -60.3125
-60.3333 -60.274 -60.3331
-60.3535 -60.2713 -60.3532
-60.3733 -60.2685 -60.373
-60.3927 -60.2654 -60.3923
-60.4115 -60.262 -60.411
-60.4297 -60.2584 -60.4292
-60.4472 -60.2543 -60.4467
-60.4641 -60.2498 -60.4634
-60.4801 -60.2449 -60.4794
-60.4953 -60.2394 -60.4946
-60.5097 -60.2334 -60.5089
-60.5232 -60.2267 -60.5224
-60.5359 -60.2192 -60.535
-60.5477 -60.211 -60.5468
-60.5588 -60.202 -60.5578
-60.5691 -60.1922 -60.568
-60.5787 -60.1815 -60.5776
-60.5877 -60.17 -60.5865
-60.5961 -60.1577 -60.5949
-60.604 -60.1446 -60.6027
-60.6115 -60.1307 -60.6102
-60.6187 -60.1162 -60.6172
-60.6254 -60.1011 -60.6239
-60.6319 -60.0853 -60.6304
-60.6381 -60.0691 -60.6365
-60.6441 -60.0525 -60.6425
-60.65 -60.0354 -60.6482
-60.6556 -60.0181 -60.6538
-60.6611 -60.0004 -60.6592
-60.6664 -59.9824 -60.6645
-60.6716 -59.9642 -60.6696
-60.6768 -59.9458 -60.6746
-60.6818 -59.9272 -60.6796
-60.6867 -59.9085 -60.6844
-60.6915 -59.8896 -60.6892
-60.6963 -59.8706 -60.6939
-60.701 -59.8514 -60.6985
-60.7056 -59.8322 -60.703
-60.7101 -59.8128 -60.7075
-60.7146 -59.7934 -60.7119
-60.719 -59.7739 -60.7162
-60.7233 -59.7542 -60.7205
-60.7276 -59.7345 -60.7247
-60.7318 -59.7147 -60.7288
-60.7359 -59.6949 -60.7329
-60.74 -59.6749 -60.7369
-60.7441 -59.6549 -60.7408
-60.748 -59.6348 -60.7447
-60.7519 -59.6147 -60.7485
-60.7558 -59.5945 -60.7523
-60.7596 -59.5742 -60.756
-60.7633 -59.5538 -60.7597
-60.767 -59.5334 -60.7632
-60.7706 -59.5129 -60.7668
-60.7741 -59.4923 -60.7702
-60.7776 -59.4717 -60.7736
-60.781 -59.4509 -60.7769
-60.7843 -59.4302 -60.7802
-60.7876 -59.4093 -60.7834
-60.7908 -59.3884 -60.7865
-60.794 -59.3674 -60.7896
-60.797 -59.3463 -60.7926
-60.8 -59.3252 -60.7955
-60.8029 -59.304 -60.7983
-60.8057 -59.2827 -60.801
-60.8085 -59.2613 -60.8037
-60.8112 -59.2399 -60.8063
-60.8137 -59.2184 -60.8088
-60.8162 -59.1968 -60.8111
-60.8186 -59.1751 -60.8134
-60.8208 -59.1533 -60.8156
-60.823 -59.1314 -60.8177
-60.825 -59.1095 -60.8196
-60.827 -59.0875 -60.8215
-60.8287 -59.0653 -60.8231
-60.8304 -59.0431 -60.8247
-60.8319 -59.0208 -60.8261
-60.8332 -58.9983 -60.8274
-60.8344 -58.9758 -60.8284
-60.8354 -58.9531 -60.8293
-60.8362 -58.9304 -60.8301
-60.8368 -58.9075 -60.8306
-60.8372 -58.8844 -60.8309
-60.8374 -58.8612 -60.831
-60.8374 -58.8379 -60.8309
-60.8371 -58.8145 -60.8305
-60.8366 -58.7908 -60.8299
-60.8359 -58.767 -60.8291
-60.8349 -58.7431 -60.828
