-633.593 -3.29696e-06 -3752.4 -1.9526e-05 -633.578 -3.29688e-06
3090.51 1.60818e-05 -1295.23 -6.73987e-06 3090.46 1.60815e-05
8006.75 4.16639e-05 1706.36 8.8792e-06 8006.63 4.16633e-05
13054.7 6.79315e-05 6095.01 3.1716e-05 13054.7 6.79312e-05
17965.9 9.34872e-05 11035.6 5.74246e-05 17965.8 9.34866e-05
22472.5 0.000116938 16010.2 8.33108e-05 22472.4 0.000116937
27286 0.000141985 21039.7 0.000109482 27285.8 0.000141984
31674 0.000164819 26069.4 0.000135655 31674 0.000164819
36084.7 0.00018777 30952.5 0.000161064 36084.6 0.00018777
40480.3 0.000210643 35824.8 0.000186418 40480.3 0.000210643
44689.2 0.000232545 40342.6 0.000209927 44689.5 0.000232546
49009.6 0.000255026 44830 0.000233277 49009.5 0.000255026
53328.6 0.0002775 49619.2 0.000258198 53328.5 0.0002775
57650.1 0.000299988 54401.6 0.000283084 57650.1 0.000299988
61973.6 0.000322486 58818.1 0.000306066 61973.5 0.000322485
66237.6 0.000344674 63217.8 0.00032896 66237.6 0.000344674
70512 0.000366916 67613.6 0.000351834 70512 0.000366916
74796.1 0.000389209 72005.5 0.000374688 74796.1 0.000389209
78954.7 0.000410849 76387.8 0.000397491 78955.1 0.000410851
83082.1 0.000432326 80739.3 0.000420135 83082.6 0.000432328
87217.3 0.000453844 85090.2 0.000442775 87217.8 0.000453846
91295.8 0.000475067 89220 0.000464265 91296.4 0.00047507
95378 0.000496309 93406 0.000486047 95378.8 0.000496313
99462.5 0.000517563 97747.4 0.000508638 99463.3 0.000517567
103548 0.000538823 102042 0.000530985 103549 0.000538827
107645 0.000560143 106347 0.000553387 107646 0.000560147
111668 0.000581077 110655 0.000575805 111669 0.000581082
115697 0.000602039 114964 0.000598226 115698 0.000602045
119729 0.00062302 119273 0.000620651 119730 0.000623027
123763 0.000644013 123533 0.000642818 123764 0.00064402
127799 0.000665012 127799 0.000665013 127800 0.00066502
131841 0.000686049 132066 0.000687219 131843 0.000686056
135830 0.000706802 136334 0.000709427 135831 0.000706811
139820 0.000727567 140602 0.000731634 139822 0.000727576
143812 0.00074834 144871 0.000753852 143814 0.00074835
147805 0.000769118 149084 0.000775775 147807 0.000769129
151799 0.0007899 153301 0.000797719 151801 0.000789911
155793 0.000810684 157494 0.000819536 155795 0.000810696
159787 0.000831469 161621 0.000841011 159790 0.000831481
163782 0.000852254 165747 0.000862482 163784 0.000852267
167776 0.000873039 169873 0.00088395 167778 0.000873052
171772 0.00089383 174001 0.000905432 171774 0.000893842
175763 0.000914601 178075 0.000926631 175765 0.000914608
179783 0.000935519 182151 0.000947839 179785 0.000935526
183802 0.000956432 186227 0.000969052 183804 0.00095644
187820 0.000977342 190304 0.000990267 187822 0.00097735
191838 0.000998249 194381 0.00101148 191840 0.000998258
195856 0.00101915 198458 0.0010327 195857 0.00101916
199872 0.00104006 202535 0.00105391 199874 0.00104007
203889 0.00106096 206611 0.00107512 203891 0.00106097
207905 0.00108185 210689 0.00109634 207907 0.00108186
211920 0.00110275 214717 0.0011173 211922 0.00110276
215935 0.00112364 218745 0.00113826 215937 0.00112365
219949 0.00114453 222773 0.00115922 219951 0.00114454
223963 0.00116541 226801 0.00118018 223965 0.00116542
227976 0.00118629 230829 0.00120114 227978 0.0011863
231988 0.00120717 234857 0.0012221 231990 0.00120718
236000 0.00122805 238884 0.00124306 236002 0.00122806
240011 0.00124892 242911 0.00126401 240013 0.00124893
244022 0.00126979 246938 0.00128496 244024 0.0012698
248032 0.00129066 250964 0.00130592 248034 0.00129067
252041 0.00131152 254990 0.00132687 252043 0.00131153
256050 0.00133238 259015 0.00134781 256052 0.00133239
260045 0.00135317 263042 0.00136877 260048 0.00135319
264047 0.001374 267025 0.00138949 264050 0.00137401
268046 0.00139481 271007 0.00141022 268049 0.00139482
272029 0.00141553 274990 0.00143095 272032 0.00141555
276010 0.00143625 278973 0.00145167 276013 0.00143627
279991 0.00145697 282956 0.0014724 279994 0.00145698
283970 0.00147768 286938 0.00149313 283974 0.0014777
287950 0.00149839 290920 0.00151385 287954 0.00149841
291929 0.00151911 294902 0.00153458 291933 0.00151912
295908 0.00153982 298883 0.00155531 295912 0.00153984
299886 0.00156053 302863 0.00157603 299890 0.00156055
303864 0.00158124 306843 0.00159676 303868 0.00158126
307841 0.00160195 310822 0.00161748 307845 0.00160197
311817 0.00162266 314800 0.00163821 311821 0.00162268
315792 0.00164337 318777 0.00165894 315796 0.00164339
319767 0.00166409 322753 0.00167967 319771 0.00166411
323739 0.0016848 326727 0.00170041 323743 0.00168482
327710 0.00170552 330700 0.00172115 327714 0.00170554
331679 0.00172625 334670 0.0017419 331684 0.00172627
335646 0.00174698 338637 0.00176265 335651 0.001747
339611 0.00176772 342602 0.00178342 339615 0.00176775
343571 0.00178848 346562 0.00180421 343576 0.0017885
347528 0.00180925 350521 0.00182504 347533 0.00180927
351480 0.00183004 354440 0.00184571 351485 0.00183007
355427 0.00185086 358352 0.00186641 355431 0.00185089
359366 0.00187172 362257 0.00188715 359370 0.00187174
363296 0.00189261 366151 0.00190795 363301 0.00189263
367216 0.00191356 370034 0.00192881 367221 0.00191358
371123 0.00193457 373902 0.00194974 371128 0.00193459
375015 0.00195566 377751 0.00197077 375020 0.00195569
378888 0.00197685 381578 0.0019919 378893 0.00197688
382738 0.00199817 385378 0.00201317 382743 0.00199819
386561 0.00201962 389146 0.0020346 386565 0.00201965
390350 0.00204126 392874 0.00205622 390355 0.00204129
394099 0.00206312 396555 0.00207808 394104 0.00206315
397800 0.00208524 400179 0.00210022 397804 0.00208527
401442 0.00210768 403735 0.00212269 401446 0.00210771
405014 0.00213051 407211 0.00214557 405018 0.00213054
408503 0.0021538 410616 0.00216911 408507 0.00215382
411892 0.00217764 413940 0.00219347 411896 0.00217766
415164 0.00220213 417132 0.00221857 415168 0.00220216
418298 0.00222741 420171 0.00224453 418302 0.00222744
421271 0.00225359 423033 0.00227149 421274 0.00225362
424058 0.00228084 425693 0.00229962 424062 0.00228087
426637 0.00230929 428127 0.00232905 426640 0.00230933
428982 0.00233912 430315 0.00235995 428985 0.00233916
431075 0.00237045 432242 0.00239243 431077 0.00237049
432904 0.00240342 433902 0.00242659 432906 0.00240346
434466 0.00243809 435298 0.00246246 434467 0.00243814
435768 0.0024745 436446 0.00250006 435769 0.00247455
436829 0.00251264 437370 0.00253932 436830 0.00251269
437677 0.00255246 438100 0.0025802 437678 0.00255251
438342 0.00259389 438668 0.00262261 438343 0.00259395
438857 0.00263684 439107 0.00266644 438858 0.0026369
439253 0.00268121 439444 0.00271159 439254 0.00268127
439557 0.00272688 439704 0.00275795 439558 0.00272694
439792 0.00277374 439905 0.00280542 439792 0.0027738
439975 0.00282169 440065 0.00285391 439975 0.00282176
440120 0.00287067 440193 0.00290336 440120 0.00287074
440238 0.00292062 440299 0.00295374 440238 0.00292069
440337 0.00297153 440389 0.00300503 440337 0.0029716
440422 0.00302339 440469 0.00305725 440422 0.00302345
440498 0.00307619 440541 0.00311038 440498 0.00307626
440568 0.00312993 440608 0.0031644 440568 0.00313
440633 0.00318455 440671 0.00321928 440633 0.00318462
440695 0.00324001 440732 0.00327495 440695 0.00324008
440756 0.00329624 440792 0.00333137 440756 0.00329631
440815 0.00335321 440850 0.00338848 440815 0.00335328
440873 0.0034109 440909 0.00344627 440874 0.00341097
440932 0.0034693 440967 0.00350476 440932 0.00346938
440990 0.00352846 441025 0.00356398 440990 0.00352854
441049 0.0035884 441084 0.00362395 441049 0.00358848
441108 0.00364913 441143 0.00368469 441108 0.00364921
441168 0.00371066 441202 0.00374621 441168 0.00371074
441228 0.00377294 441262 0.00380846 441228 0.00377302
441289 0.00383592 441323 0.00387139 441289 0.00383599
441350 0.00389951 441384 0.00393494 441350 0.00389959
441412 0.00396367 441446 0.00399902 441412 0.00396375
441474 0.00402834 441508 0.00406361 441474 0.00402842
441537 0.0040935 441571 0.00412865 441537 0.00409358
441600 0.00415916 441634 0.00419417 441600 0.00415924
441664 0.00422533 441697 0.00426017 441664 0.00422542
441728 0.00429207 441761 0.00432669 441728 0.00429215
441793 0.0043594 441826 0.00439377 441793 0.00435948
441858 0.00442735 441891 0.00446145 441858 0.00442743
441924 0.00449592 441956 0.00452974 441924 0.00449601
441990 0.00456511 442023 0.00459863 441990 0.00456519
442057 0.00463485 442089 0.00466809 442057 0.00463493
442125 0.00470508 442157 0.00473806 442125 0.00470517
442193 0.00477574 442224 0.00480848 442193 0.00477583
442261 0.00484677 442292 0.00487928 442261 0.00484685
442330 0.0049181 442361 0.00495041 442330 0.00491819
442398 0.00498971 442429 0.00502182 442398 0.0049898
442467 0.00506158 442498 0.00509347 442468 0.00506166
442537 0.00513369 442567 0.00516537 442537 0.00513378
442606 0.00520607 442636 0.0052375 442606 0.00520615
442676 0.00527873 442706 0.00530988 442676 0.00527881
442746 0.00535171 442776 0.00538253 442746 0.00535179
442817 0.00542504 442846 0.00545549 442817 0.00542513
442888 0.00549876 442916 0.0055288 442888 0.00549884
442959 0.00557289 442987 0.00560248 442959 0.00557297
443030 0.00564744 443058 0.00567655 443030 0.00564753
443102 0.00572242 443130 0.00575104 443103 0.00572251
443175 0.0057978 443202 0.00582594 443175 0.00579789
443250 0.00587638 443274 0.00590118 443250 0.00587635
443330 0.00595904 443347 0.00597678 443330 0.005959
443409 0.00604198 443420 0.0060527 443409 0.00604193
443489 0.0061252 443493 0.00612891 443489 0.00612514
443570 0.00620863 443566 0.00620535 443570 0.00620857
443650 0.00629225 443640 0.00628198 443650 0.00629219
443730 0.00637602 443714 0.00635878 443730 0.00637596
443811 0.00645993 443788 0.00643572 443811 0.00645986
443892 0.00654395 443862 0.00651276 443892 0.00654388
443973 0.0066281 443936 0.0065899 443973 0.00662803
444054 0.00671237 444012 0.00666925 444054 0.0067123
444135 0.00679678 444093 0.00675378 444135 0.00679671
444216 0.00688136 444175 0.0068383 444216 0.00688129
444297 0.00696615 444256 0.00692287 444297 0.00696607
444379 0.00705117 444337 0.00700755 444379 0.00705109
444461 0.00713647 444419 0.00709237 444461 0.00713639
444543 0.00722209 444500 0.00717736 444543 0.00722201
444626 0.00730806 444582 0.00726258 444626 0.00730798
444709 0.00739442 444664 0.00734805 444709 0.00739434
444792 0.00748118 444747 0.00743384 444792 0.00748109
444876 0.00756833 444830 0.00751996 444876 0.00756824
444960 0.00765587 444913 0.00760646 444960 0.00765578
445045 0.00774375 444996 0.00769335 445045 0.00774366
445129 0.00783195 445080 0.00778062 445129 0.00783186
445214 0.00792043 445164 0.00786828 445214 0.00792033
445300 0.00800913 445249 0.0079563 445300 0.00800903
445385 0.00809801 445334 0.00804463 445385 0.00809792
445471 0.00818705 445419 0.00813324 445471 0.00818695
445556 0.00827621 445504 0.00822208 445556 0.00827611
445642 0.00836546 445590 0.00831112 445642 0.00836536
445728 0.00845478 445676 0.00840032 445728 0.00845468
445814 0.00854416 445761 0.00848965 445814 0.00854406
445900 0.00863358 445847 0.00857908 445900 0.00863348
445986 0.00872304 445933 0.00866858 445986 0.00872293
446072 0.00881252 446019 0.00875815 446072 0.00881242
446158 0.00890202 446105 0.00884776 446158 0.00890192
446244 0.00899155 446192 0.00893741 446244 0.00899145
446330 0.00908109 446278 0.00902709 446330 0.00908099
446416 0.00917065 446364 0.0091168 446416 0.00917055
446502 0.00926023 446450 0.00920652 446502 0.00926013
446588 0.00934984 446536 0.00929626 446588 0.00934973
446674 0.00943947 446623 0.00938602 446674 0.00943937
446760 0.00952914 446709 0.00947579 446760 0.00952903
446846 0.00961884 446795 0.00956559 446846 0.00961874
446933 0.0097086 446882 0.0096554 446933 0.0097085
447019 0.00979842 446968 0.00974524 447019 0.00979832
447105 0.00988832 447054 0.0098351 447105 0.00988821
447192 0.0099783 447141 0.00992501 447192 0.00997819
447278 0.0100684 447227 0.010015 447278 0.0100683
447365 0.0101586 447313 0.010105 447365 0.0101585
447452 0.0102489 447400 0.010195 447452 0.0102488
447539 0.0103394 447487 0.0102851 447539 0.0103393
447626 0.0104301 447573 0.0103754 447626 0.01043
447713 0.0105209 447660 0.0104657 447713 0.0105208
447801 0.010612 447747 0.0105562 447801 0.0106118
447888 0.0107032 447834 0.0106467 447888 0.0107031
447976 0.0107946 447921 0.0107375 447976 0.0107945
448064 0.0108862 448009 0.0108284 448064 0.0108861
448152 0.010978 448096 0.0109194 448152 0.0109778
448241 0.0110699 448184 0.0110107 448241 0.0110698
448329 0.011162 448272 0.0111021 448329 0.0111619
448418 0.0112542 448360 0.0111938 448418 0.0112541
448507 0.0113466 448448 0.0112856 448506 0.0113464
448595 0.011439 448536 0.0113775 448595 0.0114389
448684 0.0115316 448625 0.0114697 448684 0.0115315
448773 0.0116242 448713 0.011562 448773 0.0116241
448862 0.0117169 448802 0.0116544 448862 0.0117168
448951 0.0118096 448891 0.011747 448951 0.0118095
449041 0.0119024 448980 0.0118396 449040 0.0119023
449130 0.0119953 449069 0.0119323 449130 0.0119951
449219 0.0120881 449159 0.0120252 449219 0.012088
449308 0.012181 449248 0.0121181 449308 0.0121808
449398 0.0122739 449337 0.012211 449397 0.0122737
449487 0.0123668 449426 0.012304 449487 0.0123666
449576 0.0124597 449516 0.012397 449576 0.0124596
449665 0.0125526 449605 0.0124901 449665 0.0125525
449755 0.0126456 449695 0.0125831 449755 0.0126454
449844 0.0127385 449784 0.0126762 449844 0.0127383
449933 0.0128314 449874 0.0127693 449933 0.0128313
450023 0.0129244 449963 0.0128625 450022 0.0129242
450112 0.0130173 450053 0.0129556 450112 0.0130172
450201 0.0131102 450142 0.0130488 450201 0.0131101
450290 0.0132032 450232 0.0131419 450290 0.013203
450380 0.0132961 450321 0.0132351 450380 0.013296
450469 0.0133891 450411 0.0133282 450469 0.0133889
450558 0.013482 450500 0.0134214 450558 0.0134818
450648 0.0135749 450590 0.0135146 450648 0.0135748
450737 0.0136678 450679 0.0136077 450737 0.0136677
450826 0.0137608 450769 0.0137009 450826 0.0137606
450916 0.0138537 450858 0.0137941 450915 0.0138535
451005 0.0139466 450948 0.0138872 451005 0.0139465
451094 0.0140395 451037 0.0139804 451094 0.0140394
451183 0.0141324 451127 0.0140735 451183 0.0141323
451273 0.0142253 451216 0.0141667 451272 0.0142252
451362 0.0143182 451306 0.0142599 451362 0.0143181
451451 0.0144111 451395 0.014353 451451 0.014411
451540 0.014504 451485 0.0144462 451540 0.0145039
451630 0.0145969 451574 0.0145393 451630 0.0145967
451719 0.0146898 451664 0.0146325 451719 0.0146896
451808 0.0147826 451753 0.0147256 451808 0.0147825
451897 0.0148755 451843 0.0148188 451897 0.0148754
451987 0.0149684 451932 0.0149119 451986 0.0149682
452076 0.0150613 452022 0.015005 452076 0.0150611
452165 0.0151541 452111 0.0150982 452165 0.015154
452254 0.015247 452201 0.0151913 452254 0.0152469
452344 0.0153399 452290 0.0152844 452343 0.0153397
452433 0.0154327 452380 0.0153776 452433 0.0154326
452522 0.0155256 452469 0.0154707 452522 0.0155254
452611 0.0156184 452559 0.0155638 452611 0.0156183
452700 0.0157113 452648 0.0156569 452700 0.0157112
452790 0.0158042 452738 0.0157501 452790 0.015804
452879 0.015897 452827 0.0158432 452879 0.0158969
452968 0.0159899 452917 0.0159363 452968 0.0159898
453057 0.0160828 453006 0.0160294 453057 0.0160827
453147 0.0161757 453096 0.0161225 453147 0.0161755
453236 0.0162686 453185 0.0162157 453236 0.0162684
453325 0.0163615 453275 0.0163088 453325 0.0163614
453415 0.0164544 453364 0.0164019 453414 0.0164543
453504 0.0165473 453454 0.016495 453504 0.0165472
453593 0.0166403 453543 0.0165882 453593 0.0166402
453682 0.0167333 453633 0.0166813 453682 0.0167331
453772 0.0168263 453722 0.0167744 453772 0.0168261
453861 0.0169193 453812 0.0168676 453861 0.0169191
453951 0.0170123 453901 0.0169607 453950 0.0170122
454040 0.0171054 453991 0.0170539 454040 0.0171053
454130 0.0171985 454080 0.0171471 454129 0.0171984
454219 0.0172917 454170 0.0172403 454219 0.0172915
454309 0.0173849 454259 0.0173335 454308 0.0173847
454398 0.0174781 454349 0.0174267 454398 0.017478
454488 0.0175714 454438 0.0175199 454488 0.0175712
454577 0.0176647 454528 0.0176132 454577 0.0176646
454667 0.0177581 454618 0.0177064 454667 0.0177579
454757 0.0178515 454707 0.0177997 454757 0.0178514
